0.32499999999999996	 0.06305906249999998
0.33499999999999996	 0.0639340625
0.3449999999999999	 0.06293499999999999
0.355	 0.0652715625
0.36499999999999994	 0.06274671875
0.375	 0.06482328125
0.38499999999999995	 0.06434890624999998
0.39499999999999996	 0.06345718749999998
0.40499999999999997	 0.0658484375
0.415	 0.06331406249999999
0.425	 0.06528343749999999
0.435	 0.064878125
0.44500000000000006	 0.06403890625
0.455	 0.06640640625
0.4650000000000001	 0.06389828125000001
0.47500000000000003	 0.065715
0.48500000000000004	 0.0652596875
0.49500000000000005	 0.06438234375
0.505	 0.066761875
0.515	 0.06423703124999999
0.5250000000000001	 0.06619218749999999
0.5350000000000001	 0.06576062499999998
0.5450000000000002	 0.06496671875
0.555	 0.06728421875
0.5650000000000001	 0.0647640625
0.5750000000000001	 0.06656890624999999
0.585	 0.06625421875
0.5949999999999999	 0.065426875
0.6049999999999999	 0.06781812499999999
0.6149999999999999	 0.06528375
0.6249999999999999	 0.06725796875
0.635	 0.06687890625000001
0.645	 0.0658821875
0.655	 0.0682640625
0.6649999999999999	 0.06577250000000001
0.6749999999999999	 0.067586875
0.6849999999999999	 0.06712437500000001
0.695	 0.06628750000000001
0.705	 0.06866687500000002
0.715	 0.06613484375000002
0.725	 0.06804218750000002
0.7349999999999999	 0.06780843750000001
0.7449999999999999	 0.06674750000000003
0.7549999999999999	 0.06916750000000002
0.7649999999999999	 0.06665218750000002
0.7749999999999999	 0.06853578125000001
0.785	 0.06810187500000002
0.7950000000000002	 0.06718875000000003
0.805	 0.06958484375000003
0.8150000000000001	 0.06706484375000003
0.8250000000000001	 0.06891265625000002
0.8350000000000001	 0.06856687500000003
0.845	 0.06753687500000001
0.855	 0.069904375
0.865	 0.0673890625
0.875	 0.06933703125
0.885	 0.0690246875
0.895	 0.06804
0.905	 0.0703859375
0.9149999999999999	 0.067870625
0.925	 0.06988046875000001
0.935	 0.06983765625
0.9450000000000001	 0.06879343750000001
0.9550000000000001	 0.07118000000000001
0.965	 0.06867656250000002
0.975	 0.07060296875000002
0.985	 0.07043859375000001
0.995	 0.06939906250000001
1.005	 0.07179265625000002
1.0150000000000001	 0.06928453125000002
1.0250000000000001	 0.07130625
1.035	 0.0710775
1.045	 0.070038125
1.0550000000000002	 0.07245328125000002
1.065	 0.06994031250000002
1.075	 0.07174515625000001
1.0850000000000002	 0.07144234375
1.095	 0.070345625
1.105	 0.07269171875
1.1150000000000002	 0.07020265625000001
1.125	 0.072095625
1.135	 0.0719
1.145	 0.07091281249999999
1.155	 0.07327796874999999
1.1650000000000003	 0.0708340625
1.1749999999999998	 0.0727009375
1.1849999999999998	 0.07235515625
1.195	 0.07132281250000001
1.205	 0.07375000000000002
1.2149999999999999	 0.07125843750000004
1.2249999999999999	 0.07308718750000003
1.235	 0.07289171875000004
1.245	 0.07177828125000003
1.2550000000000001	 0.07417437500000003
1.2650000000000001	 0.07165906250000002
1.275	 0.07349000000000003
1.285	 0.07335890625000002
1.295	 0.07235984375000001
1.305	 0.07480609375000002
1.3149999999999997	 0.07230515625000002
1.325	 0.074265
1.335	 0.07397890625
1.345	 0.07285359375
1.355	 0.0753284375
1.365	 0.07283703125
1.375	 0.07463234375
1.385	 0.0744940625
1.3949999999999998	 0.073433125
1.4049999999999998	 0.07592453125
1.415	 0.07343296875000001
1.425	 0.07536656250000001
1.435	 0.07520453125000001
1.445	 0.07416750000000001
1.455	 0.07665656250000001
1.4650000000000003	 0.07413890625000001
1.475	 0.07609640625000003
1.485	 0.07606312500000002
1.495	 0.07488765625000003
1.5050000000000001	 0.07729562500000003
1.5150000000000001	 0.07481843750000002
1.5250000000000001	 0.07666140625000001
1.535	 0.07651359375000001
1.545	 0.07555046874999999
1.555	 0.07803953125
1.5649999999999997	 0.07554578125000001
1.575	 0.07726703125
1.5849999999999997	 0.0773075
1.5949999999999998	 0.076175
1.605	 0.07869265625
1.6150000000000002	 0.07619890624999999
1.625	 0.07808953125
1.635	 0.07806093750000001
1.645	 0.07701671875
1.655	 0.07949874999999999
1.665	 0.07703109375
1.6749999999999998	 0.0788478125
1.6849999999999998	 0.0788525
1.695	 0.07767468750000002
1.7049999999999998	 0.08029250000000002
1.715	 0.07783203125000002
1.725	 0.07972031250000002
1.7349999999999999	 0.07979656250000002
1.745	 0.07872609375
1.755	 0.08115078125000001
1.765	 0.07862828125000002
1.775	 0.08031875000000002
1.785	 0.08013281250000003
1.7950000000000002	 0.07895265625000003
1.8050000000000002	 0.08129640625000004
1.815	 0.07884781250000002
1.825	 0.08069796875000002
1.835	 0.08076468750000002
1.845	 0.07965593750000002
1.855	 0.08213546875000004
1.8650000000000002	 0.07967968750000004
1.875	 0.08145109375000004
1.885	 0.08148937500000003
1.895	 0.08033546875000003
1.9049999999999998	 0.08287218750000003
1.915	 0.08043328125000003
1.925	 0.08232640625000003
1.935	 0.08233359375000002
1.945	 0.08108906250000002
1.9549999999999998	 0.08364250000000002
1.965	 0.08117
1.9750000000000003	 0.08302250000000001
1.9849999999999999	 0.08317031250000001
1.995	 0.08193046875000001
2.005	 0.08453875000000001
2.015	 0.08213312500000002
2.025	 0.08403328125000001
2.0349999999999997	 0.08400937500000003
2.045	 0.08285781250000002
2.055	 0.08548281250000002
2.065	 0.08307000000000002
2.0749999999999997	 0.08485328125000001
2.085	 0.08494859375000001
2.0949999999999998	 0.08380171875000002
2.105	 0.08640765625
2.1149999999999998	 0.083954375
2.125	 0.08572343750000001
2.135	 0.08594765625
2.145	 0.08479843749999999
2.155	 0.08741390624999999
2.165	 0.08497015624999998
2.1750000000000003	 0.08679640624999999
2.185	 0.08687265625
2.195	 0.08562093749999998
2.2049999999999996	 0.08824578124999997
2.215	 0.08582109374999998
2.225	 0.08754015624999997
2.235	 0.08774749999999998
2.245	 0.08650062499999998
2.255	 0.08914937499999999
2.265	 0.08675078124999998
2.2750000000000004	 0.08851984374999998
2.285	 0.08857937499999997
2.2950000000000004	 0.08744687499999998
2.3050000000000006	 0.09006234374999998
2.3150000000000004	 0.08762328125
2.325	 0.0893590625
2.3350000000000004	 0.0896021875
2.345	 0.08820265625
2.3549999999999995	 0.09081578125
2.3649999999999998	 0.08839593750000001
2.375	 0.09012921875
2.3849999999999993	 0.0903246875
2.3949999999999996	 0.08889421875
2.405	 0.09155984375000001
2.4149999999999996	 0.08924718750000002
2.425	 0.09108781250000002
2.4349999999999996	 0.09130484375000002
2.445	 0.09013890625000003
2.4549999999999996	 0.09278531250000004
2.465	 0.09054421875000003
2.4749999999999996	 0.09227031250000003
2.4850000000000003	 0.09248734375000003
2.495	 0.09124281250000003
2.505	 0.09377718750000003
2.515	 0.09139546875000003
2.5250000000000004	 0.09319312500000003
2.535	 0.09348156250000002
2.5450000000000004	 0.0921703125
2.5550000000000006	 0.09472609375000002
2.5650000000000004	 0.09233468750000003
2.575	 0.09399656250000002
2.5850000000000004	 0.09431125000000003
2.595	 0.09298093750000003
2.605	 0.09568218750000002
2.615	 0.09332421875000002
2.625	 0.09498125000000003
2.635	 0.09524828125000002
2.645	 0.09385828125000002
2.655	 0.09650953125000002
2.6649999999999996	 0.09409203125000001
2.6750000000000003	 0.09589921875000001
2.6849999999999996	 0.09603281250000001
2.6949999999999994	 0.09460234375000001
2.7049999999999996	 0.09732265625
2.7149999999999994	 0.09489796875
2.724999999999999	 0.09653359375
2.735	 0.09669109375
2.745	 0.09530812500000001
2.755	 0.09800453125
2.765	 0.09561312500000001
2.775	 0.097234375
2.785	 0.09747531250000001
2.7950000000000004	 0.09604953125
2.8050000000000006	 0.09872703125
2.8150000000000004	 0.09633812500000001
2.825	 0.09794265625
2.8350000000000004	 0.0983240625
2.845	 0.09702953124999998
2.855	 0.09958781249999998
2.865	 0.09724171874999998
2.875	 0.09884640624999999
2.885	 0.09910140625
2.8949999999999996	 0.09775671875
2.905	 0.10037468749999999
2.915	 0.09800953125
2.925	 0.09969515625000001
2.935	 0.10001218750000002
2.9450000000000003	 0.09851968750000001
2.955	 0.10112796875
2.965	 0.09873421875
2.9749999999999996	 0.10037453125
2.9849999999999994	 0.100686875
2.9949999999999997	 0.09924203125
3.005	 0.10196234375
3.0149999999999997	 0.09959249999999999
3.025	 0.10126609374999998
3.0349999999999997	 0.10183109374999999
3.045	 0.10031953124999998
3.055	 0.10299937499999998
3.0650000000000004	 0.10067234374999998
3.075	 0.10233640624999997
3.0850000000000004	 0.10281328124999996
3.095	 0.10145203124999995
3.105	 0.10394578124999995
3.115	 0.10167374999999995
3.125	 0.10328781249999996
3.135	 0.10369312499999996
3.145	 0.10229843749999996
3.155	 0.10501874999999997
3.1649999999999996	 0.10262734374999996
3.1750000000000003	 0.10425812499999997
3.185	 0.10461093749999996
3.195	 0.10332828124999997
3.205	 0.10601765624999997
3.2150000000000003	 0.10373359374999998
3.225	 0.10526187499999998
3.235	 0.10563374999999998
3.2449999999999997	 0.10413171874999999
3.255	 0.10682593749999998
3.265	 0.10456578124999998
3.275	 0.10612734374999998
3.2849999999999997	 0.10661843749999997
3.295	 0.10521171874999999
3.305	 0.10791531249999999
3.315	 0.10556453125
3.3249999999999997	 0.10715953125
3.3350000000000004	 0.107550625
3.345	 0.10603906250000002
3.355	 0.10868546875
3.365	 0.106325
3.375	 0.107879375
3.385	 0.10838484374999999
3.395	 0.10674453125
3.405	 0.10940046875
3.415	 0.1070925
3.4250000000000003	 0.10863984374999999
3.4349999999999996	 0.10916203124999999
3.445	 0.10757171874999998
3.455	 0.11029921874999998
3.465	 0.10805578124999997
3.475	 0.10951968749999998
3.4850000000000003	 0.10984624999999999
3.495	 0.10833468749999997
3.505	 0.11099296874999998
3.515	 0.10874468749999996
3.525	 0.11027296874999995
3.5349999999999997	 0.11056624999999996
3.5450000000000004	 0.10900453124999997
3.555	 0.11169624999999996
3.565	 0.10940984374999997
3.5749999999999997	 0.11092859374999997
3.585	 0.11137921874999997
3.5949999999999998	 0.10978421874999998
3.6049999999999995	 0.11252124999999999
3.615	 0.11020859374999997
3.625	 0.11183703124999998
3.635	 0.11223984374999997
3.645	 0.11073531249999999
3.655	 0.11344859374999997
3.665	 0.11108828125
3.675	 0.11261890624999998
3.685	 0.11332937500000001
3.695	 0.1116246875
3.705	 0.11435703124999999
3.715	 0.11209453124999999
3.725	 0.11344640624999998
3.7350000000000003	 0.11391124999999998
3.745	 0.11243781249999998
3.755	 0.11500796874999997
3.765	 0.11281937499999997
3.775	 0.11431906249999997
3.785	 0.11495328124999998
3.7950000000000004	 0.11321046874999997
3.805	 0.11594749999999998
3.815	 0.11359906249999999
3.825	 0.11516781249999998
3.835	 0.11569468749999999
3.8449999999999993	 0.11413062499999999
3.8549999999999995	 0.11681999999999998
3.8649999999999998	 0.11459078125
3.8749999999999996	 0.11604031249999999
3.885	 0.11664828124999999
3.895	 0.11490781249999997
3.905	 0.11760906249999996
3.9149999999999996	 0.11543718749999997
3.925	 0.11676046874999996
3.935	 0.11733499999999997
3.945	 0.11573999999999997
3.955	 0.11845078124999997
3.9650000000000003	 0.11621687499999994
3.975	 0.11778562499999995
3.985	 0.11838171874999993
3.995	 0.11671999999999993
4.005	 0.11946187499999994
4.015	 0.11729468749999994
4.025	 0.11872531249999996
4.035	 0.11939046874999996
4.045	 0.11782406249999997
4.055	 0.12058015624999996
4.065	 0.11842718749999995
4.075	 0.11961203124999997
4.085	 0.12034156249999997
4.095000000000001	 0.11859390624999998
4.105	 0.12127124999999997
4.115	 0.11905874999999996
4.124999999999999	 0.12045593749999996
4.135	 0.12129749999999997
4.145	 0.11949031249999997
4.155	 0.12212953124999995
4.165000000000001	 0.11997421874999999
4.175000000000001	 0.12152156249999999
4.1850000000000005	 0.12220109374999999
4.194999999999999	 0.12043203124999999
4.205	 0.12313812499999999
4.214999999999999	 0.12081359375
4.225	 0.12227515624999999
4.234999999999999	 0.12312156249999999
4.245	 0.1212546875
4.255	 0.12399656249999999
4.265	 0.12176968750000002
4.2749999999999995	 0.12329328125000003
4.285	 0.12394906250000001
4.295	 0.12208453125000002
4.305	 0.12485015625000001
4.315	 0.12270437500000002
4.325	 0.12403953125000004
4.334999999999999	 0.12484765625000002
4.345	 0.12313109375000003
4.355	 0.12584421875000001
4.365	 0.12374375
4.375	 0.12499312500000001
4.385	 0.12564406250000004
4.395	 0.12384640625000001
4.405	 0.12642609375000002
4.415	 0.12434468750000002
4.425000000000001	 0.12563453125000001
4.4350000000000005	 0.12657156250000004
4.445	 0.12470000000000002
4.455	 0.12747281250000003
4.465	 0.12524843750000003
4.475	 0.12653828125000002
4.484999999999999	 0.12726781250000002
4.495	 0.12541046875
4.505	 0.12816171875000001
4.515	 0.12611140625
4.5249999999999995	 0.1272725
4.535	 0.12809734375
4.545	 0.12614953125
4.555	 0.1288459375
4.5649999999999995	 0.1267359375
4.575	 0.12802828125000001
4.584999999999999	 0.12871500000000002
4.595000000000001	 0.1269675
4.605	 0.12973546875
4.615000000000001	 0.12754203125
4.625	 0.12867203125000004
4.635	 0.12950406250000002
4.645	 0.12772546875000002
4.655	 0.13042921875
4.665000000000001	 0.12822609375000002
4.675000000000001	 0.12949453125000002
4.6850000000000005	 0.13034328125
4.695	 0.12838109375
4.705	 0.13107515625000005
4.715	 0.12911296875000003
4.7250000000000005	 0.13025031250000002
4.735	 0.13110140625
4.745	 0.12918703125000003
4.755	 0.13194546875000002
4.764999999999999	 0.12988796875000003
4.774999999999999	 0.131041875
4.784999999999999	 0.13203140624999998
4.795	 0.13015750000000004
4.805	 0.13286593750000003
4.815	 0.13070578125000004
4.825	 0.13194312500000002
4.834999999999999	 0.13306843750000003
4.845	 0.13121828125
4.855	 0.13396953125
4.865	 0.1318809375
4.875000000000001	 0.13293234374999996
4.885	 0.1340171875
4.8950000000000005	 0.13205499999999998
4.905	 0.13469671875
4.915	 0.1325890625
4.925000000000001	 0.13364515624999998
4.9350000000000005	 0.13479203125
4.945	 0.132815625
4.955	 0.13550984375
4.965	 0.13333296875
4.975	 0.13457046875000003
4.985	 0.13535953125000003
4.995	 0.13343781250000003
5.005	 0.13613421875
5.015	 0.13405999999999998
5.0249999999999995	 0.1352234375
5.034999999999999	 0.1362390625
5.044999999999999	 0.1343721875
5.055	 0.13693515624999997
5.0649999999999995	 0.13502531249999997
5.074999999999999	 0.13594796874999998
5.084999999999999	 0.13687062499999997
5.095	 0.13487984374999995
5.105	 0.13760499999999995
5.114999999999999	 0.13546640625
5.125	 0.13655124999999996
5.135	 0.13754781249999998
5.145	 0.13566203124999998
5.155	 0.13828453124999995
5.165000000000001	 0.13629624999999995
5.175	 0.13740265625
5.1850000000000005	 0.13835625
5.195	 0.13642984374999997
5.205	 0.13914546874999997
5.215	 0.13700687499999997
5.2250000000000005	 0.13810593749999997
5.235000000000001	 0.13909062499999997
5.245	 0.13722140624999998
5.255	 0.13989406249999997
5.265	 0.13794140624999998
5.2749999999999995	 0.13908109375
5.284999999999999	 0.1399965625
5.295	 0.13797953124999998
5.305000000000001	 0.14069046875
5.3149999999999995	 0.13865671875
5.324999999999999	 0.1396390625
5.334999999999999	 0.14086453124999998
5.345	 0.13886421875
5.3549999999999995	 0.14155125
5.365	 0.139634375
5.375	 0.14065249999999999
5.385	 0.14171812500000006
5.395	 0.13970593750000004
5.405	 0.14241671875000003
5.415	 0.14039734375000004
5.425000000000001	 0.14152984375000002
5.4350000000000005	 0.14271234375000003
5.445	 0.14071453125000005
5.455	 0.14341343750000005
5.464999999999999	 0.14143937500000003
5.4750000000000005	 0.14228828125
5.485000000000001	 0.14340171875000002
5.495000000000001	 0.14143484375
5.505000000000001	 0.14416
5.515	 0.14222875000000001
5.524999999999999	 0.1432325
5.534999999999999	 0.14442703125000003
5.545	 0.14243859375000004
5.555000000000001	 0.145123125
5.565	 0.14324687500000005
5.575	 0.14409796875000003
5.584999999999999	 0.14513265625000002
5.594999999999999	 0.14320625
5.6049999999999995	 0.14593140625
5.614999999999999	 0.1439453125
5.625	 0.144891875
5.635	 0.146024375
5.645	 0.14398359375
5.654999999999999	 0.14670390625000002
5.665	 0.14476078125
5.675	 0.14564296875000002
5.6850000000000005	 0.14696859374999996
5.695	 0.14498499999999998
5.705	 0.1475146874999999
5.715	 0.1458576562499999
5.725	 0.14699249999999997
5.735	 0.14823703124999993
5.745000000000001	 0.14628671874999996
5.755000000000001	 0.14899984375
5.765000000000001	 0.14707828125
5.7749999999999995	 0.14798671875
5.785	 0.14915015624999997
5.795	 0.14716421875
5.805	 0.149875
5.815	 0.148008125
5.825	 0.1491215625
5.834999999999999	 0.15033515625000002
5.845	 0.148394375
5.8549999999999995	 0.15109562499999998
5.864999999999999	 0.14920734375000005
5.875	 0.149975
5.885	 0.15101453125000006
5.895	 0.14906656250000005
5.905	 0.15174640625000005
5.915000000000001	 0.14984375000000008
5.925000000000001	 0.15066640625000002
5.935	 0.15186328125
5.945	 0.1498915625
5.955	 0.15262859374999999
5.965	 0.15069734375
5.9750000000000005	 0.15140078125
5.985	 0.15270015625000002
5.995	 0.15065921875000002
6.005	 0.15330796875000002
6.015000000000001	 0.1515221875
6.0249999999999995	 0.1523709375
6.035	 0.1535725
6.045	 0.15147921874999998
6.055	 0.15414
6.065	 0.15219921875
6.074999999999999	 0.15286921874999998
6.084999999999999	 0.15412796875
6.095	 0.15203234375000002
6.105	 0.15470265625000001
6.115	 0.15283578125
6.125	 0.15356296875
6.134999999999999	 0.1547240625
6.145	 0.15269749999999999
6.155	 0.15540359374999999
6.165	 0.15349390624999998
6.175000000000001	 0.1544284375
6.1850000000000005	 0.15571593749999996
6.194999999999999	 0.15367515624999997
6.205	 0.15631921875
6.214999999999999	 0.154490625
6.225	 0.15531796874999998
6.235	 0.156550625
6.245	 0.15446453124999998
6.255	 0.15707281249999996
6.265	 0.15532765625
6.2749999999999995	 0.15621468749999998
6.285	 0.15743781249999997
6.295000000000001	 0.15533968750000002
6.305000000000001	 0.15796000000000002
6.315	 0.15617421875
6.325	 0.15662718750000001
6.334999999999999	 0.15792421875
6.345	 0.1558284375
6.355	 0.1583103125
6.365	 0.156555625
6.375	 0.15718750000000004
6.385	 0.15832718750000005
6.395	 0.15627453125000004
6.404999999999999	 0.15890187500000003
6.414999999999999	 0.15711375000000005
6.425	 0.15778609375000005
6.4350000000000005	 0.15912359375000004
6.445	 0.15700875000000006
6.455	 0.15965515625000004
6.465	 0.15781687500000002
6.475	 0.15836046875000004
6.485	 0.15954531250000006
6.495	 0.15742812500000003
6.505	 0.16009359375000004
6.515	 0.15842703125000004
6.5249999999999995	 0.15927109375000004
6.535	 0.1604584375
6.545	 0.15832937500000002
6.555000000000001	 0.16096156250000002
6.565	 0.15931875
6.575	 0.1600434375
6.585	 0.1614690625
6.595	 0.15941390625000001
6.6049999999999995	 0.16210093750000004
6.615	 0.16045578125
6.625	 0.1611615625
6.635	 0.16257546875
6.645	 0.16045828125
6.654999999999999	 0.1631
6.664999999999999	 0.16140250000000003
6.675	 0.16205343750000004
6.685	 0.16349109375000004
6.695	 0.16138593750000002
6.705	 0.16401812500000004
6.715	 0.16243734375000005
6.7250000000000005	 0.16298328125
6.734999999999999	 0.16435171875000001
6.744999999999999	 0.1622559375
6.755	 0.1649334375
6.765	 0.16320484375000002
6.7749999999999995	 0.16387000000000002
6.785	 0.16531234375000003
6.795	 0.16323578125000002
6.805	 0.16589171875000003
6.815	 0.16398671875
6.825	 0.16453265625000005
6.835	 0.16585593750000002
6.845000000000001	 0.16376250000000006
6.855	 0.16643031250000007
6.864999999999999	 0.16479718750000005
6.875	 0.16531453125000004
6.885	 0.16679984375000004
6.895	 0.16465406250000006
6.905	 0.16733140625000004
6.915000000000001	 0.16560046875000003
6.925	 0.16622031250000005
6.935	 0.1676175
6.945	 0.165545625
6.955	 0.1682921875
6.965	 0.1667734375
6.975	 0.16732890625000002
6.985	 0.1688
6.994999999999999	 0.1666853125
7.004999999999999	 0.16923406249999998
7.015	 0.16788937499999998
7.0249999999999995	 0.16851874999999997
7.035	 0.17005406249999996
7.045000000000001	 0.16800124999999996
7.055000000000001	 0.17073343749999997
7.065	 0.16913609374999994
7.075	 0.16975843749999994
7.085	 0.17132484374999996
7.095000000000001	 0.16919578124999995
7.105	 0.17185421874999998
7.115	 0.17041171875
7.125	 0.17100312499999998
7.135	 0.17258390624999997
7.145	 0.17045718749999997
7.155	 0.17309171874999996
7.165	 0.17147999999999997
7.175000000000001	 0.17211421874999996
7.1850000000000005	 0.17361874999999993
7.194999999999999	 0.1714778125
7.205	 0.17415765625
7.215	 0.17259843749999998
7.225	 0.17296328124999996
7.235	 0.17448921874999992
7.245	 0.17241968749999995
7.255	 0.17509953124999997
7.264999999999999	 0.17350203124999997
7.274999999999999	 0.17394781249999997
7.284999999999999	 0.17545468749999998
7.295	 0.17332796874999998
7.305000000000001	 0.17604359374999998
7.315	 0.17457734374999997
7.325	 0.17502546875000002
7.335	 0.17660140625
7.345000000000001	 0.17450562500000003
7.355	 0.17716875
7.365	 0.17576937500000003
7.375000000000001	 0.176310625
7.385	 0.17783890625
7.395	 0.17575984375000003
7.405	 0.17849453125000006
7.415	 0.17707593750000006
7.425000000000001	 0.17756468750000004
7.4350000000000005	 0.17906671875000005
7.445	 0.17688281250000004
7.454999999999999	 0.17960562500000005
7.464999999999999	 0.17825390625000004
7.475	 0.17876406250000004
7.484999999999999	 0.18040921875000002
7.495	 0.17837078125000003
7.505	 0.18110062500000002
7.515	 0.17975109375
7.524999999999999	 0.180170625
7.534999999999999	 0.18185390624999997
7.545	 0.17969390624999998
7.555	 0.18237609375
7.565	 0.18095515625
7.575	 0.18144859375
7.584999999999999	 0.1831246875
7.595	 0.18107187499999997
7.605	 0.18372796874999991
7.615	 0.1822856249999999
7.625000000000001	 0.1826599999999999
7.635000000000001	 0.1842596874999999
7.645	 0.1821973437499999
7.654999999999999	 0.1846673437499999
7.665	 0.18349187499999994
7.675000000000001	 0.18397359374999994
7.6850000000000005	 0.18548749999999994
7.695	 0.18325359374999997
7.705	 0.18591671874999996
7.715	 0.18447187499999998
7.725	 0.18477234374999998
7.734999999999999	 0.18650796875
7.745	 0.18438843749999995
7.754999999999999	 0.18703249999999996
7.765	 0.18569734374999997
7.7749999999999995	 0.18611453124999996
7.784999999999999	 0.18785749999999998
7.794999999999999	 0.1856640625
7.805	 0.18828656250000003
7.815	 0.18695625000000005
7.825	 0.18737343750000005
7.835	 0.18907093750000006
7.845	 0.18691796875000005
7.855	 0.18962640625000002
7.865	 0.18828406250000004
7.875000000000001	 0.18864890625000003
7.885000000000001	 0.19032031250000003
7.8950000000000005	 0.18824375000000004
7.905	 0.19090937500000002
7.915	 0.18969828125000004
7.925000000000001	 0.19012984375000005
7.9350000000000005	 0.19180593750000005
7.945	 0.18973406250000008
7.955	 0.19240437500000004
7.965	 0.1910717187500001
7.975	 0.1913982812500001
7.984999999999999	 0.19312921875000008
7.994999999999999	 0.19097156250000005
8.005	 0.19363468750000004
8.014999999999999	 0.19238546875000007
8.025	 0.19280031250000002
8.034999999999998	 0.19444296875000006
8.044999999999998	 0.19236875000000003
8.055	 0.19502703125000007
8.065000000000001	 0.19373484375000002
8.075000000000001	 0.19416156250000008
8.085	 0.19602125000000006
8.095	 0.19384437500000007
8.105	 0.19648359375000005
8.115	 0.19529390625000004
8.125	 0.19552046875000006
8.135000000000002	 0.19728953125
8.145000000000001	 0.19514375000000003
8.155000000000001	 0.19775921875000002
8.165	 0.19653140625
8.175	 0.19694859375000007
8.184999999999999	 0.19880828125000002
8.195	 0.19661953125000003
8.205	 0.19932078125000002
8.215	 0.19810250000000004
8.225	 0.19847687500000008
8.234999999999998	 0.20022921875000005
8.244999999999997	 0.19815015625000004
8.254999999999999	 0.20084421875000005
8.265	 0.1997331250000001
8.275	 0.20008843750000005
8.285000000000002	 0.20179078125000005
8.295	 0.19970468750000006
8.305	 0.20218421875
8.315	 0.20115656250000005
8.325	 0.20150703125000005
8.334999999999999	 0.20349296875000003
8.345	 0.20128281250000005
8.354999999999999	 0.2039578125
8.364999999999998	 0.2028634375
8.375	 0.20308531250000003
8.385000000000002	 0.20486156250000004
8.395000000000001	 0.20266812500000003
8.405000000000001	 0.20532890625
8.415000000000001	 0.20420109374999998
8.425	 0.20445140625
8.435	 0.20633015624999998
8.444999999999999	 0.20412484374999998
8.455	 0.20674984375
8.465	 0.20559828125
8.475	 0.20588671874999998
8.485	 0.20782281249999998
8.494999999999997	 0.20561984375
8.504999999999997	 0.2083259375
8.514999999999999	 0.2072171875
8.525	 0.20758187499999994
8.535000000000002	 0.209434375
8.545000000000002	 0.20719078124999998
8.555000000000001	 0.20979421875
8.565	 0.20869749999999998
8.575	 0.20909562499999998
8.584999999999999	 0.21100531250000001
8.594999999999999	 0.20887140625
8.604999999999999	 0.2115821875
8.614999999999998	 0.21049984375000005
8.624999999999998	 0.21083125000000005
8.635	 0.21279812500000006
8.645000000000001	 0.21063328125000005
8.655000000000003	 0.21324390625
8.665000000000003	 0.21217109375000007
8.675000000000002	 0.21255500000000008
8.685	 0.2144528125000001
8.694999999999999	 0.21230953125000004
8.704999999999998	 0.21490828125000008
8.715	 0.21384968750000008
8.724999999999998	 0.2139568750000001
8.735	 0.2159787500000001
8.744999999999997	 0.2137304687500001
8.754999999999997	 0.21634343750000007
8.764999999999999	 0.21528234375000008
8.774999999999999	 0.21540390625000005
8.785	 0.21741625000000006
8.795000000000002	 0.21528953125000003
8.805000000000003	 0.21789312500000005
8.815000000000001	 0.21674640625
8.825	 0.21685359375000002
8.834999999999999	 0.21878484375
8.844999999999999	 0.2165628125
8.854999999999999	 0.21923312499999997
8.864999999999997	 0.21804093749999998
8.875	 0.21816734375
8.885	 0.21994828125
8.895	 0.21762609374999997
8.905000000000001	 0.22022484375
8.915000000000001	 0.21920921875
8.925000000000002	 0.21937609375
8.935000000000002	 0.22133578125000003
8.945000000000002	 0.21914234374999997
8.955	 0.22147171874999996
8.965	 0.22079703124999997
8.974999999999998	 0.22096156249999999
8.984999999999998	 0.22306671875000003
8.994999999999997	 0.22075890625
9.004999999999999	 0.223348125
9.014999999999999	 0.22235859374999997
9.024999999999999	 0.22253734374999998
9.035	 0.22464984375
9.045	 0.2224825
9.055000000000001	 0.224993125
9.065000000000003	 0.22397984375
9.075000000000003	 0.22424921875
9.085	 0.22638296875
9.094999999999999	 0.22416328125000004
9.104999999999999	 0.22681687500000006
9.114999999999997	 0.22578937500000004
9.124999999999998	 0.22579171875000004
9.135	 0.22791125000000004
9.145	 0.22568687500000006
9.155000000000001	 0.22824750000000008
9.165000000000001	 0.22709359375000007
9.175000000000002	 0.22707687500000007
9.185000000000002	 0.22911781250000007
9.195000000000002	 0.22685765625000004
9.205000000000002	 0.22943250000000004
9.215	 0.22833812500000003
9.225	 0.22832390625000007
9.234999999999998	 0.23042203125000005
9.244999999999997	 0.22809984375000003
9.254999999999997	 0.23069375000000003
9.264999999999997	 0.22964000000000004
9.274999999999999	 0.22961625000000005
9.285	 0.23160703125000007
9.295	 0.2293564062500001
9.305	 0.23192171875000012
9.315000000000001	 0.2309442187500001
9.325000000000003	 0.2309560937500001
9.335	 0.23292296875000007
9.345	 0.23060796875000011
9.354999999999999	 0.2331709375000001
9.364999999999998	 0.2323126562500001
9.374999999999998	 0.23232937500000012
9.385	 0.23466593750000012
9.395	 0.23243203125000012
9.405000000000001	 0.23505703125000013
9.415000000000001	 0.2341487500000001
9.425	 0.2341057812500001
9.435	 0.23620625000000006
9.445000000000002	 0.23391984375000005
9.455000000000002	 0.23646375000000006
9.465000000000002	 0.23553156250000007
9.475	 0.23554593750000005
9.485	 0.23775125000000005
9.494999999999997	 0.23549343750000004
9.504999999999997	 0.23811843750000003
9.514999999999999	 0.23723390625000002
9.524999999999999	 0.23737218750000003
9.535	 0.23951796875000003
9.545	 0.23720531250000002
9.555	 0.23976109375000002
9.565	 0.23892421874999997
9.575000000000001	 0.23880749999999995
9.585	 0.24099624999999994
9.595	 0.23868124999999993
9.605	 0.24092718749999995
9.614999999999998	 0.2403335937499999
9.624999999999998	 0.2401739062499999
9.635	 0.2423434374999999
9.645	 0.2400737499999999
9.655	 0.2426176562499999
9.665000000000001	 0.24171640624999988
9.675	 0.2415851562499999
9.685	 0.24379531249999992
9.695	 0.2414849999999999
9.705000000000002	 0.2440335937499999
9.715000000000002	 0.24310609374999986
9.725000000000001	 0.24294171874999987
9.735	 0.2450589062499999
9.745	 0.24274390624999992
9.754999999999999	 0.24533062499999994
9.764999999999999	 0.2446606249999999
9.774999999999999	 0.24464156249999996
9.784999999999998	 0.24675859374999995
9.795	 0.24446031249999997
9.805	 0.24706624999999996
9.815	 0.24634624999999996
9.825	 0.24629609374999997
9.834999999999999	 0.24844906249999998
9.845	 0.2461675
9.855	 0.24873531250000006
9.865	 0.24797953125000002
9.875	 0.24788890625000004
9.885	 0.25010140625000005
9.895	 0.24777453125000004
9.905	 0.25029687500000003
9.915	 0.24956250000000005
9.925	 0.24962687500000003
9.935	 0.25202296875
9.945	 0.24970796875000006
9.955	 0.25216843750000006
9.965	 0.25132687500000006
9.975000000000001	 0.25124828125000004
9.985	 0.25365390625000006
9.995	 0.2512959375
10.004999999999999	 0.25379703125
10.014999999999999	 0.25295296874999995
10.024999999999999	 0.25269296874999997
10.034999999999998	 0.2550175
10.044999999999998	 0.25277875
10.055	 0.2552796875
10.065	 0.254564375
10.075	 0.25427359374999997
10.084999999999999	 0.25656234375
10.094999999999999	 0.2542425
10.104999999999999	 0.25680312499999997
10.114999999999998	 0.256054375
10.125	 0.25579921875
10.135000000000002	 0.25816671874999997
10.145000000000001	 0.2558278125
10.155000000000001	 0.25833125
10.165000000000001	 0.25750640625
10.175	 0.25737765625
10.185	 0.25966890624999994
10.195	 0.25734671875
10.205	 0.2598596875
10.215	 0.25926124999999994
10.225	 0.25910156249999994
10.235	 0.26155484375
10.245	 0.2592303125
10.255	 0.26137125
10.265	 0.26103265625000005
10.275	 0.2608109375
10.284999999999998	 0.26327859375000007
10.294999999999998	 0.26103750000000003
10.305	 0.2635909375
10.315	 0.26297828125
10.325	 0.26277093749999997
10.334999999999999	 0.265224375
10.344999999999999	 0.2628975
10.354999999999999	 0.26536765625
10.364999999999998	 0.26480015625
10.375	 0.26456640624999994
10.385000000000002	 0.26710078125
10.395000000000001	 0.26480718749999993
10.405000000000001	 0.26717468749999995
10.415000000000001	 0.26636406249999994
10.425	 0.26616390625
10.435	 0.268495625
10.445	 0.2661734375
10.455	 0.26861234375
10.465	 0.268004375
10.475	 0.2677396875
10.485	 0.27015953125
10.495	 0.267873125
10.504999999999999	 0.27029546874999993
10.515	 0.269599375
10.525000000000002	 0.269446875
10.535	 0.2719025
10.545	 0.26964468750000004
10.555	 0.2720909375
10.565	 0.27133265624999997
10.575	 0.2708009375
10.584999999999999	 0.27329000000000003
10.594999999999999	 0.27098453125
10.604999999999999	 0.27349749999999995
10.614999999999998	 0.27296109374999994
10.624999999999998	 0.27264874999999994
10.635	 0.2751640625
10.645000000000001	 0.27285843749999994
10.655000000000003	 0.27533328124999995
10.665000000000003	 0.27466343749999994
10.675	 0.2742796874999999
10.685	 0.27669249999999995
10.695	 0.27439171874999996
10.705	 0.27679984375
10.715	 0.27620140624999995
10.725	 0.27571499999999993
10.735	 0.27820890624999994
10.744999999999997	 0.27590578125
10.754999999999997	 0.27843546874999997
10.765	 0.27789437499999997
10.775000000000002	 0.27745562499999993
10.785000000000002	 0.2798565624999999
10.795000000000002	 0.2775629687499999
10.805	 0.28007109374999994
10.815	 0.2795060937499999
10.825	 0.2790840624999999
10.834999999999999	 0.2815207812499999
10.844999999999999	 0.2791603124999999
10.854999999999999	 0.2815492187499999
10.864999999999998	 0.28089109375
10.874999999999998	 0.28036171875
10.885	 0.2828340625
10.895000000000001	 0.2805071875
10.905000000000003	 0.282650625
10.915000000000003	 0.28253140625
10.925000000000002	 0.28195671875
10.935000000000002	 0.28433140625000003
10.945	 0.28200921874999996
10.955	 0.2843528125
10.965	 0.28389265625
10.975	 0.2834753125
10.985	 0.28602640625
10.994999999999997	 0.28367546875
11.004999999999999	 0.28605484375
11.014999999999999	 0.28573531249999995
11.025	 0.28509156249999995
11.035000000000002	 0.2876284375
11.045000000000002	 0.2853371874999999
11.055000000000001	 0.28780953125000003
11.065	 0.28742078125
11.075	 0.28695578124999993
11.084999999999999	 0.28950687499999994
11.094999999999999	 0.2872299999999999
11.104999999999999	 0.2896285937499999
11.114999999999998	 0.28921843749999987
11.124999999999998	 0.2888012499999999
11.135	 0.2913237499999998
11.145	 0.28901812499999985
11.155000000000001	 0.2914021874999999
11.165000000000003	 0.2909371874999999
11.175000000000002	 0.2903626562499999
11.185000000000002	 0.29287328124999995
11.195	 0.29055343749999996
11.205	 0.29297109374999997
11.215	 0.29255624999999996
11.224999999999998	 0.29196265625
11.234999999999998	 0.29452328125000005
11.244999999999997	 0.2922225
11.254999999999999	 0.29459
11.264999999999999	 0.29400109375
11.275	 0.29338609375
11.285000000000002	 0.29590859375000006
11.295000000000002	 0.29363171875
11.305000000000003	 0.29604203125
11.315000000000001	 0.29556515625
11.325	 0.29498109375000003
11.334999999999999	 0.29755375
11.344999999999999	 0.2952553125
11.354999999999997	 0.2977825
11.364999999999997	 0.2976990625
11.374999999999998	 0.297100625
11.385	 0.2996159375
11.395	 0.29728890625
11.405	 0.29966828125
11.415000000000001	 0.29928203125
11.425000000000002	 0.29873609375000004
11.435000000000004	 0.3013276562500001
11.445000000000002	 0.2990078125000001
11.455	 0.30147296875000007
11.465	 0.30133703125
11.474999999999998	 0.30078859375
11.484999999999998	 0.30338499999999996
11.494999999999997	 0.30106046875
11.504999999999999	 0.30347562499999997
11.514999999999999	 0.303349375
11.524999999999999	 0.30290359375
11.535	 0.30549984374999994
11.545000000000002	 0.30326343749999984
11.555000000000003	 0.3053639062499998
11.565000000000003	 0.30559281249999987
11.575000000000001	 0.3050968749999998
11.584999999999999	 0.3077362499999999
11.594999999999999	 0.30549515624999984
11.604999999999997	 0.3077171874999999
11.614999999999997	 0.30740484375
11.624999999999998	 0.30676109375
11.635	 0.30932421875000005
11.645	 0.30703546875000004
11.655	 0.3092623437500001
11.665000000000001	 0.30906687500000013
11.675000000000002	 0.3084779687500001
11.685000000000004	 0.3110171875000001
11.695000000000004	 0.3087164062500001
11.705000000000002	 0.3109934375000001
11.715	 0.3108098437500001
11.724999999999998	 0.3101970312500001
11.734999999999998	 0.31273140625000007
11.744999999999997	 0.3104401562500001
11.754999999999997	 0.31280296875000013
11.764999999999999	 0.31247640625000006
11.774999999999999	 0.31185406250000003
11.785	 0.31447437500000003
11.795	 0.31218328125
11.805000000000001	 0.31449359374999997
11.815000000000003	 0.314424375
11.825000000000001	 0.31370437500000004
11.835	 0.31628171875
11.844999999999999	 0.3140071875
11.854999999999997	 0.31640328125
11.864999999999997	 0.31638890625
11.874999999999998	 0.31566406249999995
11.884999999999998	 0.31824859375
11.895	 0.315940625
11.905	 0.31834874999999996
11.915000000000001	 0.318308125
11.925	 0.31775734375
11.935000000000002	 0.32040140624999996
11.945000000000004	 0.318115
11.955000000000004	 0.32047296875
11.965000000000002	 0.32041328124999996
11.975	 0.3198195312499999
11.984999999999998	 0.3224684374999999
11.994999999999997	 0.3201510937499999
12.004999999999997	 0.3223565624999999
12.014999999999999	 0.3223351562499999
12.025	 0.32168671874999993
12.035	 0.3243498437499999
12.045	 0.3220801562499999
12.055	 0.32443812499999986
12.065000000000001	 0.32445468749999984
12.075000000000003	 0.3237060937499999
12.085	 0.3263645312499999
12.095	 0.3240948437499999
12.104999999999999	 0.3262931249999999
12.114999999999997	 0.32632171875
12.124999999999998	 0.3256493749999999
12.134999999999998	 0.3283792187499999
12.145	 0.3261571875
12.155	 0.32835062499999995
12.165000000000001	 0.32824093749999994
12.175	 0.3274946874999999
12.185	 0.3300792187499999
12.195000000000002	 0.32779749999999985
12.205000000000004	 0.32965718749999995
12.215000000000002	 0.3298384375
12.225	 0.3292065624999999
12.235	 0.3318649999999999
12.244999999999997	 0.32970015625
12.254999999999997	 0.3320153125
12.264999999999999	 0.331981875
12.275	 0.33137140624999994
12.285	 0.33406796875
12.295	 0.33194609375
12.305	 0.334320625
12.315000000000001	 0.33441593750000004
12.325000000000001	 0.33394156250000007
12.335	 0.33670015625000005
12.345	 0.3346450000000001
12.354999999999999	 0.33709125000000006
12.364999999999997	 0.33715328125000005
12.374999999999998	 0.33660968750000003
12.384999999999998	 0.33956375
12.395	 0.33756578125
12.405	 0.3401025
12.415000000000001	 0.3404410937499999
12.425	 0.34009765624999994
12.435	 0.3431303124999999
12.445	 0.34124921874999986
12.455000000000002	 0.3438146874999998
12.465000000000002	 0.3443153124999998
12.475000000000001	 0.3439767187499998
12.485	 0.34713578124999983
12.494999999999997	 0.3453620312499998
12.504999999999997	 0.3479417187499998
12.514999999999999	 0.34854734374999985
12.524999999999999	 0.34848765624999983
12.535	 0.35172781249999985
12.545	 0.3500421874999999
12.555	 0.3527721874999999
12.565000000000001	 0.35342546874999986
12.575000000000001	 0.3532228124999999
12.585000000000003	 0.3565582812499999
12.595	 0.35499906249999996
12.605	 0.3578362499999999
12.614999999999998	 0.3586326562499999
12.624999999999998	 0.35864453125
12.634999999999998	 0.36209921874999995
12.645	 0.36072343749999997
12.655	 0.36376312499999996
12.665	 0.3649003125
12.675	 0.3652175
12.685	 0.36908703125000003
12.695	 0.36799515624999996
12.705000000000002	 0.3714165625
12.715000000000002	 0.37293765625
12.725000000000001	 0.37361953125
12.735000000000001	 0.37786578125000003
12.745	 0.37728875
12.754999999999999	 0.38116312500000005
12.764999999999999	 0.38313250000000004
12.774999999999999	 0.38437234375000007
12.785	 0.38924093750000005
12.795	 0.3893481250000001
12.805	 0.3940306250000001
12.815000000000001	 0.39692031250000015
12.825000000000001	 0.39904218750000015
12.835	 0.40497171875000015
12.845	 0.40616140625000013
12.855	 0.41188578125000014
12.864999999999998	 0.41619640625000015
12.874999999999998	 0.4199990625000002
12.884999999999998	 0.42754734375000014
12.895	 0.4305751562500002
12.905	 0.4385956250000002
12.915	 0.44509734375000015
12.925	 0.4512007812500001
12.935	 0.46131921875000015
12.945	 0.46703171875000016
12.955000000000002	 0.4776509375000001
12.965	 0.4868585937500002
12.975	 0.49581593750000014
12.985000000000001	 0.50888359375
12.995	 0.5174309375000001
13.004999999999999	 0.5309707812500002
13.014999999999999	 0.5429823437500001
13.024999999999999	 0.5542379687500001
13.035	 0.56951578125
13.045	 0.58008015625
13.055	 0.59517671875
13.065000000000001	 0.60836609375
13.075000000000001	 0.62084015625
13.085	 0.6369524999999999
13.095	 0.64801984375
13.105	 0.66336921875
13.114999999999998	 0.676720625
13.124999999999998	 0.6888774999999999
13.135	 0.7043698437499999
13.145	 0.714569375
13.155	 0.7288410937500001
13.165	 0.7408145312500001
13.175	 0.751445625
13.185	 0.7654240625
13.195	 0.7740737499999998
13.205	 0.7866574999999999
13.215000000000002	 0.7970929687499998
13.225000000000001	 0.8060003124999998
13.235000000000001	 0.8182692187499999
13.245	 0.8252596874999998
13.255	 0.8361410937499999
13.265	 0.8448648437499999
13.275	 0.8523057812499999
13.284999999999998	 0.8630321874999998
13.295	 0.8684968749999998
13.305	 0.8779406249999997
13.315	 0.8852432812499997
13.325000000000001	 0.8910773437499997
13.335	 0.9003899999999998
13.344999999999999	 0.9044096874999996
13.354999999999999	 0.9124587499999998
13.364999999999998	 0.9184429687499996
13.375	 0.9230729687499996
13.385	 0.9310385937499998
13.395	 0.9337635937499997
13.405	 0.9405895312499998
13.415	 0.9452601562499998
13.424999999999999	 0.9485693749999997
13.435	 0.9553071874999999
13.445	 0.9566899999999998
13.455	 0.9621449999999997
13.465000000000002	 0.9655734374999997
13.475	 0.9674164062499998
13.485	 0.9726043749999999
13.495	 0.9724017187499997
13.505	 0.9760209374999999
13.515	 0.9776446875
13.525	 0.9775803125
13.534999999999998	 0.98075609375
13.545	 0.97850546875
13.555	 0.9800337500000001
13.565	 0.9792421875000001
13.575000000000001	 0.9767054687500001
13.585	 0.9775185937499999
13.594999999999999	 0.9728837500000002
13.604999999999999	 0.9720850000000001
13.614999999999998	 0.9690737500000002
13.625	 0.9643482812500002
13.635000000000002	 0.9631037500000001
13.645000000000001	 0.9565353125000001
13.655000000000001	 0.9539723437500001
13.665	 0.9496068750000001
13.674999999999999	 0.9437203125000001
13.685	 0.9416198437500001
13.695	 0.9345078125
13.705	 0.9318398437500001
13.715	 0.9273932812500001
13.725	 0.9219071875000001
13.735	 0.9204003125000001
13.745	 0.9141704687500001
13.755	 0.9125087500000001
13.765	 0.9093854687500001
13.775	 0.9053657812500001
13.785	 0.9054898437500001
13.795	 0.9010003125
13.805	 0.90107890625
13.814999999999998	 0.8999606249999998
13.825000000000001	 0.8977314062499998
13.835	 0.89970078125
13.844999999999999	 0.896875625
13.854999999999999	 0.8985970312499999
13.864999999999998	 0.8990118749999999
13.875	 0.898239375
13.885	 0.90147
13.895000000000001	 0.8998034374999999
13.905	 0.9025356250000001
13.915	 0.9037420312500001
13.925	 0.903720625
13.935	 0.9076020312499999
13.945	 0.906524375
13.955	 0.9097359375
13.965	 0.9114310937500001
13.975	 0.9118840625000001
13.985	 0.9162995312500001
13.994999999999997	 0.91572484375
14.004999999999999	 0.91947765625
14.015	 0.9216640625
14.025000000000002	 0.922713125
14.035	 0.9276365625000002
14.045	 0.9275507812500001
14.055	 0.9316920312500002
14.064999999999998	 0.9343860937500003
14.075	 0.9356950000000003
14.085	 0.9409975000000004
14.094999999999999	 0.9412693750000002
14.104999999999999	 0.9457731250000003
14.114999999999997	 0.9486603125000002
14.124999999999998	 0.9501481250000002
14.135	 0.9555912500000002
14.145000000000001	 0.9559918750000002
14.155000000000001	 0.9603501562500002
14.165000000000001	 0.9637237500000001
14.175	 0.96516140625
14.185	 0.9703731250000001
14.195	 0.9705400000000001
14.205	 0.9747290625
14.215	 0.977268125
14.225	 0.97803578125
14.235	 0.9824726562500001
14.244999999999997	 0.98163828125
14.254999999999999	 0.98476640625
14.265	 0.98617546875
14.275000000000002	 0.9858010937500001
14.285	 0.989000625
14.295	 0.9867762499999999
14.305	 0.9883331249999999
14.314999999999998	 0.9881496874999999
14.325	 0.9860492187500001
14.335	 0.9875751562499998
14.344999999999999	 0.9836031249999999
14.354999999999999	 0.9834625
14.364999999999997	 0.9815504687499998
14.374999999999998	 0.9777406249999998
14.385	 0.9774807812499997
14.395000000000001	 0.9719804687499999
14.405000000000001	 0.9703759374999996
14.415000000000001	 0.9671262499999996
14.425	 0.9620740624999997
14.435	 0.9607867187499998
14.445	 0.9542278125
14.455	 0.9516195312499998
14.465	 0.9475092187499997
14.475	 0.9417729687499998
14.485	 0.9399728125
14.495	 0.9330062499999998
14.504999999999999	 0.9300426562499999
14.515	 0.9256057812499999
14.525000000000002	 0.9195737499999999
14.535000000000002	 0.9177331249999998
14.545000000000002	 0.9108453124999999
14.555000000000001	 0.9080534374999999
14.565	 0.9039526562499999
14.574999999999998	 0.8981685937499999
14.584999999999999	 0.8965545312499998
14.594999999999999	 0.8899503124999999
14.604999999999999	 0.8876090624999999
14.614999999999998	 0.88380859375
14.624999999999998	 0.87840125
14.635	 0.87702078125
14.645000000000001	 0.8705906250000002
14.655000000000001	 0.8682182812500001
14.665000000000001	 0.8643796875000002
14.675	 0.8588554687500002
14.685	 0.85739859375
14.695	 0.8510018750000001
14.705	 0.848581875
14.715	 0.8448315625
14.725	 0.8392668749999999
14.735	 0.83782671875
14.745	 0.83137265625
14.754999999999999	 0.82896953125
14.765	 0.82525734375
14.775	 0.819785625
14.785000000000002	 0.818316875
14.795000000000002	 0.8119295312500001
14.805000000000001	 0.8091687500000002
14.815000000000001	 0.8059978125000001
14.824999999999998	 0.8007335937500002
14.834999999999999	 0.7994842187500001
14.844999999999999	 0.7932829687500002
14.854999999999999	 0.7911754687500001
14.864999999999998	 0.7878446875
14.874999999999998	 0.7827259375
14.884999999999998	 0.7818246874999998
14.895000000000001	 0.7758856249999998
14.905000000000001	 0.77389953125
14.915000000000003	 0.7709096874999998
14.925000000000002	 0.7660912499999999
14.935	 0.76561671875
14.945	 0.76012125
14.955	 0.7586334375
14.965	 0.7559868750000001
14.974999999999998	 0.75141875
14.985	 0.7512925000000001
14.995	 0.7461831250000001
15.004999999999999	 0.7449671875000002
15.014999999999999	 0.7427475000000002
15.025	 0.7388231250000002
15.035000000000002	 0.7389351562500001
15.045000000000002	 0.7341143750000002
15.055000000000001	 0.7332679687500001
15.065000000000001	 0.7313343750000001
15.074999999999998	 0.7274957812500001
15.084999999999999	 0.7281228125000001
15.094999999999999	 0.7237550000000001
15.104999999999999	 0.7233043750000001
15.114999999999998	 0.7217593750000001
15.124999999999998	 0.7182975000000001
15.134999999999998	 0.71920828125
15.145000000000001	 0.7152792187500001
15.155000000000001	 0.71534828125
15.165000000000003	 0.7142729687499999
15.175000000000002	 0.7112140624999999
15.185	 0.7125301562499998
15.195	 0.7090229687499998
15.205	 0.7093376562499997
15.215	 0.7087654687499997
15.224999999999998	 0.7062310937499997
15.235	 0.7079478124999998
15.245	 0.7047004687499997
15.254999999999999	 0.7053823437499998
15.264999999999999	 0.7051010937499997
15.275	 0.7027837499999998
15.285000000000002	 0.7047959374999997
15.295000000000002	 0.7019349999999996
15.305000000000003	 0.7031032812499995
15.315000000000001	 0.7025549999999996
15.325	 0.7011198437499996
15.334999999999999	 0.7031439062499998
15.344999999999999	 0.7004474999999999
15.354999999999999	 0.70183984375
15.364999999999998	 0.70182546875
15.374999999999998	 0.700743125
15.384999999999998	 0.703008125
15.395	 0.7005809375000001
15.405000000000001	 0.7022903125000001
15.415000000000003	 0.7024023437500002
15.425000000000002	 0.7014510937500001
15.435000000000002	 0.7040498437500001
15.445	 0.7019231250000001
15.455	 0.7035014062500002
15.465	 0.7041714062500003
15.474999999999998	 0.70345859375
15.485	 0.7063601562500001
15.495	 0.70456
15.504999999999999	 0.7068512499999999
15.514999999999999	 0.70757125
15.525	 0.7074257812500001
15.535000000000002	 0.710749375
15.545000000000002	 0.7094309375
15.555000000000003	 0.71204171875
15.565000000000001	 0.7132671875
15.575	 0.7134484375
15.584999999999999	 0.7172749999999999
15.594999999999999	 0.7164499999999999
15.604999999999999	 0.71976171875
15.614999999999998	 0.7218765624999998
15.624999999999998	 0.7228064062499997
15.634999999999998	 0.7273959374999996
15.645	 0.7274649999999998
15.655000000000001	 0.7316945312499997
15.665000000000003	 0.7346246874999998
15.675000000000002	 0.7365915624999997
15.685000000000002	 0.7423017187499997
15.695000000000002	 0.7434939062499998
15.705	 0.7489514062499998
15.715	 0.7532476562499998
15.724999999999998	 0.7562899999999998
15.734999999999998	 0.7632303125
15.744999999999997	 0.7656478124999998
15.754999999999999	 0.7721160937499999
15.764999999999999	 0.7774639062499997
15.775	 0.7815479687499999
15.785	 0.7894229687499998
15.795000000000002	 0.7927156249999999
15.805000000000003	 0.800180625
15.815000000000003	 0.80622921875
15.825000000000001	 0.8110809375000001
15.834999999999999	 0.8196140625000001
15.844999999999999	 0.82355984375
15.854999999999999	 0.831535
15.864999999999997	 0.8380200000000001
15.874999999999998	 0.8435345312500001
15.884999999999998	 0.8525515625000001
15.895	 0.85695046875
15.905	 0.8652545312500002
15.915000000000001	 0.87250484375
15.925000000000002	 0.8782435937500002
15.935000000000002	 0.8874989062500002
15.945000000000002	 0.8919810937500001
15.955	 0.9012126562500001
15.965	 0.9080504687500002
15.974999999999998	 0.9141921875000002
15.984999999999998	 0.9237742187500001
15.994999999999997	 0.9283328125000001
16.005	 0.93732359375
16.014999999999997	 0.9440851562500001
16.025	 0.95016015625
16.035	 0.9596325
16.045	 0.9640862499999998
16.055000000000003	 0.97299828125
16.065000000000005	 0.9795190624999999
16.075000000000003	 0.9852745312499999
16.085	 0.9944035937499999
16.095	 0.99848296875
16.105	 1.0066821874999998
16.115	 1.01313375
16.124999999999996	 1.0183431249999997
16.134999999999998	 1.0268857812499999
16.145	 1.0303571874999997
16.154999999999998	 1.0383132812499998
16.165	 1.04351796875
16.175	 1.0479478125000001
16.185000000000002	 1.0556868750000001
16.195000000000004	 1.0582642187500002
16.205000000000002	 1.06514734375
16.215	 1.0693053125
16.224999999999998	 1.07262421875
16.235	 1.07919265625
16.244999999999997	 1.08051578125
16.254999999999995	 1.0859684375
16.264999999999997	 1.08899859375
16.274999999999995	 1.0909321874999998
16.284999999999997	 1.0959699999999999
16.294999999999998	 1.0957053125
16.305	 1.0995534375
16.315	 1.1009601562500002
16.325000000000003	 1.1011103125000004
16.335000000000004	 1.1043456249999999
16.345000000000002	 1.102285625
16.355	 1.1042789062500002
16.365	 1.1039021875000001
16.375	 1.1023406250000005
16.384999999999998	 1.1039000000000003
16.395	 1.1002307812500003
16.404999999999998	 1.1007171875000004
16.415	 1.0989600000000002
16.425	 1.0959510937500003
16.435000000000002	 1.0963443750000001
16.445000000000004	 1.091556875
16.455000000000002	 1.09117078125
16.465	 1.088500625
16.474999999999998	 1.0848121875
16.485	 1.0844904687499999
16.494999999999997	 1.0791235937499999
16.504999999999995	 1.0782246875
16.514999999999997	 1.0749940625
16.524999999999995	 1.0709528124999996
16.534999999999997	 1.0703710937499997
16.544999999999995	 1.06484453125
16.554999999999996	 1.06365484375
16.565	 1.0604981249999998
16.575000000000003	 1.0565665624999998
16.585000000000004	 1.05631875
16.595000000000002	 1.0510996874999998
16.605000000000004	 1.0503653125
16.615000000000002	 1.0476903125
16.625	 1.04423078125
16.635	 1.0444548437499999
16.645	 1.0397889062499999
16.654999999999998	 1.0395432812499996
16.665	 1.03757390625
16.675	 1.0346151562500001
16.685000000000002	 1.0353946875
16.695	 1.0313296875
16.705000000000002	 1.03187328125
16.715	 1.03039515625
16.725	 1.02803484375
16.735	 1.0293509375
16.744999999999997	 1.02581265625
16.754999999999995	 1.0264684375000002
16.764999999999997	 1.0257960937500001
16.774999999999995	 1.02393640625
16.784999999999997	 1.0257459375
16.794999999999995	 1.02271078125
16.804999999999993	 1.02421046875
16.814999999999998	 1.0237550000000002
16.825000000000003	 1.0223126562499998
16.835000000000004	 1.0246562499999996
16.845000000000006	 1.0221051562499996
16.855000000000004	 1.02420328125
16.865000000000002	 1.0242771874999996
16.875000000000004	 1.0234785937499995
16.885	 1.0263278124999995
16.895	 1.02432734375
16.904999999999998	 1.0266924999999998
16.915	 1.0274578125
16.925	 1.0272956249999998
16.935000000000002	 1.0308123437499999
16.945	 1.0294056249999997
16.955000000000002	 1.0324431250000001
16.965	 1.03377109375
16.975	 1.034090625
16.985	 1.0382295312499998
16.994999999999997	 1.0373878125
17.004999999999995	 1.0409759375000003
17.014999999999997	 1.0427140625
17.024999999999995	 1.0436390625
17.034999999999993	 1.0482046875
17.044999999999995	 1.04782796875
17.054999999999993	 1.051790625
17.064999999999998	 1.05401515625
17.075000000000003	 1.05509765625
17.085000000000004	 1.0599375000000002
17.095000000000006	 1.0597871875000002
17.105000000000008	 1.0639976562500002
17.115000000000006	 1.0663579687500002
17.125000000000004	 1.0676095312500002
17.135000000000005	 1.0724493750000001
17.145000000000003	 1.0723421875
17.155	 1.0764406249999998
17.165	 1.0785817187499998
17.175	 1.0796545312499999
17.185000000000002	 1.08425375
17.195	 1.0837745312499998
17.205000000000002	 1.0875749999999997
17.215	 1.0893823437499999
17.225	 1.08980671875
17.235	 1.0938884374999998
17.244999999999997	 1.0928084374999998
17.254999999999995	 1.095926875
17.264999999999997	 1.09697828125
17.274999999999995	 1.0967637499999998
17.284999999999993	 1.10024
17.29499999999999	 1.0985662500000002
17.304999999999993	 1.10098375
17.314999999999994	 1.1016584374999998
17.325	 1.100895625
17.335000000000004	 1.1037281249999997
17.345000000000006	 1.1015084374999997
17.355000000000008	 1.1035324999999998
17.365000000000006	 1.10381609375
17.375000000000004	 1.1027026562499997
17.385000000000005	 1.10530859375
17.395000000000003	 1.1028337499999998
17.405000000000005	 1.1044287499999996
17.415	 1.1048245312499996
17.425	 1.1036824999999992
17.435	 1.1062503124999996
17.445	 1.1037612499999996
17.455000000000002	 1.10566625
17.465	 1.1059117187499998
17.474999999999998	 1.1049175000000002
17.485	 1.1076235937500003
17.494999999999997	 1.1053346875000003
17.504999999999995	 1.1073873437500006
17.514999999999997	 1.1077759375
17.524999999999995	 1.1069628125
17.534999999999993	 1.11000984375
17.54499999999999	 1.1080048437499999
17.55499999999999	 1.1102293749999999
17.564999999999994	 1.1108064062499996
17.575	 1.1102676562499998
17.585	 1.113524375
17.595000000000006	 1.11175765625
17.605000000000008	 1.1142753124999998
17.615000000000006	 1.1153171874999999
17.625000000000007	 1.1148881249999996
17.635000000000005	 1.1183332812499995
17.645000000000003	 1.1168217187499998
17.655000000000005	 1.1195849999999996
17.665	 1.1207221874999997
17.675	 1.1204981249999997
17.685	 1.12420078125
17.695	 1.1229370312500002
17.705000000000002	 1.12590296875
17.715	 1.12722140625
17.724999999999998	 1.1271856249999996
17.735	 1.1310218749999996
17.744999999999997	 1.1298535937499996
17.754999999999995	 1.1328410937499998
17.764999999999997	 1.1343098437499997
17.774999999999995	 1.1343837499999998
17.784999999999993	 1.13826515625
17.79499999999999	 1.137225625
17.80499999999999	 1.1405134375000001
17.81499999999999	 1.1420798437500002
17.824999999999996	 1.1422825
17.835	 1.1464428125000001
17.845000000000002	 1.1456203125000002
17.855000000000008	 1.1490367187500001
17.86500000000001	 1.1508534375000001
17.875000000000007	 1.151168125
17.885000000000005	 1.15544296875
17.895000000000007	 1.1547610937500004
17.905000000000005	 1.15831359375
17.915000000000003	 1.1603401562500002
17.925	 1.1608003125000002
17.935	 1.1651968750000004
17.945	 1.16468671875
17.955000000000002	 1.16834171875
17.965	 1.1704945312500001
17.975	 1.1713146875
17.985	 1.1759184375
17.994999999999997	 1.1755465625000001
18.004999999999995	 1.179325625
18.014999999999997	 1.18178125
18.024999999999995	 1.18255609375
18.034999999999993	 1.18725296875
18.04499999999999	 1.186993125
18.05499999999999	 1.19062171875
18.06499999999999	 1.1933135937500001
18.074999999999992	 1.19418140625
18.084999999999997	 1.199161875
18.095000000000002	 1.1989901562499998
18.105000000000004	 1.2029575
18.115000000000006	 1.2052845312499998
18.125000000000007	 1.2063598437499996
18.13500000000001	 1.2113070312499998
18.145000000000007	 1.2111998437499996
18.15500000000001	 1.2151837499999998
18.165000000000003	 1.2177729687499999
18.175000000000004	 1.2187529687499998
18.185000000000002	 1.22380265625
18.195	 1.22368109375
18.205000000000002	 1.2276912500000001
18.215	 1.23023984375
18.225	 1.2312651562499999
18.235	 1.2362743749999998
18.244999999999997	 1.2361790625
18.254999999999995	 1.2401390625
18.264999999999997	 1.2427306249999999
18.274999999999995	 1.24368671875
18.284999999999993	 1.2486625
18.29499999999999	 1.2484526562500002
18.30499999999999	 1.252381875
18.31499999999999	 1.2549234374999998
18.324999999999992	 1.25584375
18.334999999999997	 1.260616875
18.345	 1.260409375
18.355000000000004	 1.2642812500000002
18.365000000000006	 1.2666917187500002
18.375000000000007	 1.2674259375000003
18.38500000000001	 1.2721370312500002
18.39500000000001	 1.2718651562500003
18.40500000000001	 1.2756131250000005
18.415000000000006	 1.2779973437500007
18.425000000000004	 1.2788723437500007
18.435000000000002	 1.2835143750000007
18.445	 1.2831376562500008
18.455000000000002	 1.2868140625000009
18.465	 1.2891362500000008
18.475	 1.2896465625000006
18.485	 1.2941645312500007
18.494999999999997	 1.293714062500001
18.504999999999995	 1.2973356250000008
18.514999999999993	 1.2996793750000009
18.524999999999995	 1.3002968750000006
18.534999999999993	 1.3048889062500006
18.54499999999999	 1.3044693750000007
18.55499999999999	 1.3080170312500004
18.56499999999999	 1.3102414062500003
18.574999999999992	 1.3106990625000003
18.584999999999994	 1.3152600000000003
18.595	 1.3147545312500002
18.605000000000004	 1.31835234375
18.615000000000006	 1.3205218750000003
18.625000000000007	 1.3209582812499998
18.63500000000001	 1.32538328125
18.64500000000001	 1.3247799999999996
18.65500000000001	 1.3281226562499995
18.66500000000001	 1.3303185937499995
18.675000000000008	 1.3307929687499997
18.685000000000006	 1.3352060937499999
18.695000000000004	 1.3346101562499997
18.705000000000002	 1.3377476562499997
18.715	 1.3402009374999997
18.725	 1.3404084374999998
18.735	 1.3448693749999996
18.744999999999997	 1.3442781249999995
18.754999999999995	 1.3477565624999999
18.764999999999993	 1.3497115624999998
18.774999999999995	 1.3500668749999998
18.784999999999993	 1.3545896874999999
18.79499999999999	 1.3539842187499997
18.80499999999999	 1.3573245312499997
18.81499999999999	 1.3594415624999998
18.824999999999992	 1.3595893749999994
18.834999999999994	 1.3641217187499997
18.845	 1.3634899999999996
18.855	 1.3667206249999997
18.865000000000002	 1.3688520312499999
18.875000000000007	 1.36910953125
18.88500000000001	 1.3735345312499998
18.89500000000001	 1.3728289062499999
18.905000000000012	 1.3759545312500001
18.91500000000001	 1.37807171875
18.925000000000008	 1.3782339062500002
18.935000000000006	 1.3827089062500002
18.945000000000004	 1.3819650000000003
18.955000000000002	 1.3852121875
18.965	 1.3871790625
18.975	 1.3874460937500004
18.985	 1.3918378125000002
18.994999999999997	 1.39118703125
19.004999999999995	 1.3943914062500002
19.014999999999993	 1.3964967187500004
19.02499999999999	 1.3967328125000003
19.034999999999993	 1.4011412500000004
19.04499999999999	 1.4004879687500005
19.05499999999999	 1.4037304687500003
19.06499999999999	 1.4058214062500005
19.074999999999992	 1.4058857812500003
19.084999999999994	 1.4102321875000001
19.095	 1.4096146875
19.105	 1.4128474999999998
19.115000000000002	 1.4149335937499998
19.125000000000004	 1.4150337499999994
19.135000000000005	 1.4194301562499996
19.145000000000007	 1.4187792187499997
19.155000000000012	 1.4219787499999994
19.16500000000001	 1.4240935937499994
19.175000000000008	 1.4241293749999995
19.185000000000006	 1.4284017187499995
19.195000000000004	 1.4277340625
19.205000000000002	 1.4309503124999998
19.215	 1.43331546875
19.225	 1.4333798437499998
19.235	 1.4376332812500001
19.244999999999997	 1.4369203125
19.254999999999995	 1.44009375
19.264999999999993	 1.44228234375
19.27499999999999	 1.44250890625
19.284999999999993	 1.4469053125000002
19.29499999999999	 1.4461806250000002
19.30499999999999	 1.4493396875000002
19.31499999999999	 1.4514807812500001
19.324999999999992	 1.4516620312500004
19.334999999999994	 1.4560250000000001
19.344999999999995	 1.4553026562500004
19.355	 1.4580921875000001
19.365000000000002	 1.4605503125000003
19.375000000000004	 1.4605192187500002
19.385000000000005	 1.4648465625
19.395000000000007	 1.4640835937499999
19.40500000000001	 1.4672449999999997
19.41500000000001	 1.4693668749999997
19.42500000000001	 1.4691928125
19.43500000000001	 1.4734746875
19.445000000000007	 1.4727070312500001
19.455000000000005	 1.4757087500000001
19.465000000000003	 1.4779498437499998
19.475	 1.4777709374999999
19.485	 1.4821315624999998
19.494999999999997	 1.48147109375
19.504999999999995	 1.4844226562499996
19.514999999999993	 1.4865254687499996
19.52499999999999	 1.4864540624999998
19.534999999999993	 1.4907384375
19.54499999999999	 1.4901901562499995
19.55499999999999	 1.4933371874999997
19.56499999999999	 1.4955520312499997
19.574999999999992	 1.4953756249999997
19.584999999999994	 1.4996432812499996
19.594999999999995	 1.4990020312499999
19.605	 1.5021754687499997
19.615	 1.5043809374999997
19.625000000000004	 1.50422359375
19.635000000000005	 1.5085579687499997
19.645000000000007	 1.5079428124999998
19.65500000000001	 1.5110851562499998
19.66500000000001	 1.5132642187499996
19.67500000000001	 1.5131139062499996
19.68500000000001	 1.5174245312499997
19.695000000000007	 1.5167951562499995
19.705000000000005	 1.5196585937499996
19.715000000000003	 1.5219737499999997
19.725	 1.5219521874999995
19.735	 1.5262509374999997
19.744999999999997	 1.5255690624999996
19.754999999999995	 1.5286542187499996
19.764999999999993	 1.5309549999999998
19.77499999999999	 1.5307595312499995
19.784999999999993	 1.5350724999999994
19.79499999999999	 1.5343548437499994
19.80499999999999	 1.5373301562499992
19.81499999999999	 1.5394806249999993
19.824999999999992	 1.5392923437499995
19.834999999999994	 1.5435887499999994
19.844999999999995	 1.5429545312499993
19.855	 1.5457464062499993
19.865	 1.5480018749999995
19.875	 1.5477395312499993
19.885000000000005	 1.5520143749999993
19.895000000000007	 1.5512895312499997
19.90500000000001	 1.5542268749999997
19.91500000000001	 1.5564417187499995
19.92500000000001	 1.5561270312499995
19.93500000000001	 1.5604732812499997
19.945000000000007	 1.55979609375
19.955000000000005	 1.56270234375
19.965000000000003	 1.56495296875
19.975	 1.5648028125
19.985	 1.5691395312500003
19.994999999999997	 1.568498125
20.005	 1.5712089062500003
20.014999999999997	 1.5738696875000004
20.024999999999995	 1.5736907812500005
20.034999999999993	 1.5780490625000005
20.04499999999999	 1.5774220312500002
20.05499999999999	 1.5802878125000004
20.06499999999999	 1.5826720312500002
20.074999999999992	 1.5825076562500004
20.084999999999994	 1.5868610937500003
20.094999999999995	 1.5862078125000005
20.104999999999997	 1.5890306250000004
20.115	 1.5913075000000003
20.125	 1.5911453125000004
20.135000000000005	 1.5954296875
20.145000000000003	 1.5947884374999999
20.155000000000005	 1.59756125
20.165000000000006	 1.5998023437499997
20.175000000000008	 1.5995353124999998
20.18500000000001	 1.6038387499999995
20.19500000000001	 1.6031259374999995
20.20500000000001	 1.6058678124999999
20.215000000000007	 1.6082710937499998
20.225000000000005	 1.607920625
20.235000000000003	 1.6122096875
20.245	 1.6114634374999997
20.255	 1.6142339062499997
20.264999999999997	 1.6165440624999998
20.274999999999995	 1.6161840624999997
20.284999999999993	 1.6204993749999996
20.29499999999999	 1.6198293749999995
20.30499999999999	 1.6226642187499996
20.31499999999999	 1.6250628125
20.324999999999992	 1.62478375
20.334999999999994	 1.6290704687499997
20.344999999999995	 1.62853875
20.354999999999997	 1.6314210937499998
20.365	 1.6336075
20.375	 1.6333714062500002
20.385	 1.63769640625
20.395000000000003	 1.6371218749999998
20.405000000000005	 1.6400400000000002
20.415000000000006	 1.6424026562500003
20.425000000000008	 1.6420928125
20.43500000000001	 1.6463843749999998
20.44500000000001	 1.6457621874999997
20.45500000000001	 1.6487162499999997
20.465000000000007	 1.65135546875
20.475000000000005	 1.6510645312499999
20.485000000000003	 1.6553560937500003
20.495	 1.6548173437500002
20.505	 1.6576354687500003
20.514999999999997	 1.6602509375
20.524999999999995	 1.6600793750000002
20.534999999999993	 1.6643637500000006
20.54499999999999	 1.6637676562500003
20.55499999999999	 1.6666192187500006
20.56499999999999	 1.6693181250000007
20.574999999999992	 1.6690487500000006
20.584999999999994	 1.673318906250001
20.594999999999995	 1.6727562500000008
20.604999999999997	 1.6755743750000007
20.615	 1.6780229687500006
20.625	 1.6777751562500007
20.635	 1.682109687500001
20.645000000000003	 1.6814873437500009
20.655	 1.6840432812500008
20.665000000000006	 1.6867279687500008
20.675000000000008	 1.6865635937500005
20.68500000000001	 1.6908384375000007
20.69500000000001	 1.6902639062500004
20.70500000000001	 1.6931320312500004
20.715000000000007	 1.6955734375000004
20.725000000000005	 1.6951896875000003
20.735000000000003	 1.6995121875000003
20.745	 1.6990139062500003
20.755	 1.7018964062500004
20.764999999999997	 1.7044665625000002
20.774999999999995	 1.7041567187500002
20.784999999999993	 1.7085268750000002
20.79499999999999	 1.70814296875
20.80499999999999	 1.7111207812500002
20.81499999999999	 1.7136790625000002
20.824999999999992	 1.7132475
20.834999999999994	 1.71754625
20.844999999999995	 1.7170693750000001
20.854999999999997	 1.7199590625000003
20.865	 1.7225029687500002
20.875	 1.7221382812500001
20.885	 1.72649890625
20.895000000000003	 1.72611734375
20.905000000000005	 1.72899265625
20.915000000000006	 1.73166296875
20.925000000000008	 1.73129109375
20.93500000000001	 1.7355682812500002
20.94500000000001	 1.7351248437500002
20.95500000000001	 1.7379357812500003
20.965000000000007	 1.7404250000000003
20.97500000000001	 1.7400482812500004
20.985000000000007	 1.7443589062500005
20.995000000000005	 1.7438989062500003
21.005000000000003	 1.7469195312500003
21.014999999999997	 1.7492917187500003
21.024999999999995	 1.7490318750000005
21.034999999999993	 1.7533400000000003
21.04499999999999	 1.7527582812500004
21.05499999999999	 1.7555525000000005
21.06499999999999	 1.7581440625000004
21.074999999999992	 1.7578556250000006
21.084999999999994	 1.7621829687500006
21.094999999999995	 1.7616679687500003
21.104999999999997	 1.7642739062500004
21.115	 1.7669489062500003
21.125	 1.7665412500000002
21.135	 1.7708207812500003
21.145000000000003	 1.7703390625000002
21.155	 1.7731476562500001
21.165000000000003	 1.7756057812500001
21.175000000000004	 1.77534828125
21.185000000000006	 1.77970421875
21.195000000000007	 1.77922265625
21.20500000000001	 1.7818571874999998
21.21500000000001	 1.7843796875
21.22500000000001	 1.78404578125
21.235000000000007	 1.7883898437499999
21.245000000000005	 1.7879082812499998
21.255000000000003	 1.7904831249999997
21.264999999999997	 1.79298171875
21.274999999999995	 1.7926598437499999
21.284999999999993	 1.7970134374999998
21.29499999999999	 1.7964554687499998
21.30499999999999	 1.79886109375
21.31499999999999	 1.80158140625
21.324999999999992	 1.8012690624999999
21.334999999999994	 1.8056750000000001
21.344999999999995	 1.80515046875
21.354999999999997	 1.8079017187500002
21.365	 1.8107340625
21.375	 1.8105792187500003
21.385	 1.8149542187500003
21.395000000000003	 1.81447734375
21.405	 1.8171715625
21.415000000000003	 1.8199467187500002
21.425000000000004	 1.8195628124999998
21.435000000000006	 1.8238710937500002
21.445000000000007	 1.8232989062500005
21.45500000000001	 1.8259667187500006
21.46500000000001	 1.82870625
21.47500000000001	 1.8284534375000003
21.485000000000007	 1.8328403125
21.495000000000005	 1.8322871875000002
21.505000000000003	 1.8352340625
21.515	 1.8380378125
21.524999999999995	 1.837720625
21.534999999999993	 1.8420312499999998
21.54499999999999	 1.8416403125000003
21.55499999999999	 1.84429859375
21.56499999999999	 1.8470904687500003
21.574999999999992	 1.84675671875
21.584999999999994	 1.851103125
21.594999999999995	 1.8506668750000002
21.604999999999997	 1.8534753124999999
21.615	 1.8562576562499997
21.625	 1.8560668749999998
21.635	 1.8604442187499997
21.645000000000003	 1.8599626562499996
21.655	 1.8627354687499997
21.665000000000003	 1.8655440625
21.675000000000004	 1.8651506249999998
21.685000000000006	 1.8695876562499998
21.695000000000007	 1.8693087499999999
21.70500000000001	 1.8719360937499998
21.71500000000001	 1.8747184374999997
21.72500000000001	 1.8744298437499995
21.735000000000007	 1.8789096874999993
21.745000000000005	 1.8786403124999993
21.755000000000003	 1.8812271874999995
21.765	 1.8840262499999996
21.775	 1.8837043749999995
21.784999999999993	 1.8880651562499997
21.79499999999999	 1.8876860937499995
21.80499999999999	 1.8904254687499997
21.81499999999999	 1.8931959374999998
21.824999999999992	 1.8928812499999998
21.834999999999994	 1.8972728124999998
21.844999999999995	 1.896881875
21.854999999999997	 1.89980484375
21.865	 1.9027135937499997
21.875	 1.9024082812499996
21.885	 1.9068189062499996
21.895000000000003	 1.9066710937499995
21.905	 1.9093532812499998
21.915000000000003	 1.9123359374999995
21.925	 1.9120570312499998
21.935000000000002	 1.9165559374999996
21.945000000000004	 1.9163628124999996
21.955000000000005	 1.9189662499999998
21.965000000000007	 1.9221920312499998
21.97500000000001	 1.92188921875
21.98500000000001	 1.9264024999999998
21.995000000000005	 1.9261831249999997
22.005000000000003	 1.9288606249999996
22.015	 1.9317454687499998
22.025	 1.9315023437499996
22.034999999999997	 1.9360467187500001
22.04499999999999	 1.9357415624999998
22.05499999999999	 1.9383903125
22.06499999999999	 1.9414445312500002
22.074999999999992	 1.94121796875
22.084999999999994	 1.9457765625
22.094999999999995	 1.9457598437499999
22.104999999999997	 1.9485349999999997
22.115	 1.95142703125
22.125	 1.9511767187499998
22.135	 1.9557543750000002
22.145000000000003	 1.9555040625
22.155	 1.95802890625
22.165000000000003	 1.9610378124999999
22.175	 1.96076359375
22.185000000000002	 1.9652887499999998
22.195000000000004	 1.96516
22.205000000000005	 1.9678326562500001
22.215000000000007	 1.97087484375
22.22500000000001	 1.9705982812500002
22.23500000000001	 1.9751615625000003
22.245000000000005	 1.9750662500000005
22.255000000000003	 1.9779250000000002
22.265	 1.9807884375000004
22.275	 1.9805476562500004
22.284999999999997	 1.9850990625000005
22.29499999999999	 1.9852017187500002
22.30499999999999	 1.9879267187500005
22.31499999999999	 1.991140625
22.324999999999992	 1.9909593750000003
22.334999999999994	 1.9955107812500001
22.344999999999995	 1.9955895312500005
22.354999999999993	 1.9984051562500003
22.365	 2.001588125
22.375	 2.00141890625
22.385	 2.00594890625
22.395000000000003	 2.0059632812499997
22.405	 2.0087026562499997
22.415000000000003	 2.01184265625
22.425	 2.0116709375
22.435000000000002	 2.01623421875
22.445000000000004	 2.01618171875
22.455000000000005	 2.0187303125
22.465000000000007	 2.02191328125
22.47500000000001	 2.02180125
22.48500000000001	 2.02646234375
22.495000000000008	 2.02634796875
22.505000000000006	 2.0290778125
22.515000000000004	 2.032282187500001
22.525000000000002	 2.0320890625000003
22.534999999999997	 2.0366810937500004
22.544999999999995	 2.0367789062500004
22.55499999999999	 2.0393967187500004
22.56499999999999	 2.0427034375000006
22.574999999999992	 2.0425460937500004
22.584999999999994	 2.04714515625
22.594999999999995	 2.0470356250000004
22.604999999999993	 2.0494484375
22.615	 2.05282453125
22.625	 2.05263140625
22.634999999999998	 2.0572067187500003
22.645000000000003	 2.05711125
22.655	 2.0597242187500004
22.665000000000003	 2.0627759375
22.675000000000004	 2.0626614062500006
22.685000000000002	 2.0672509375000003
22.695000000000004	 2.067315312500001
22.705000000000005	 2.0698664062500005
22.715000000000007	 2.0731446875000006
22.72500000000001	 2.072992031250001
22.73500000000001	 2.077548281250001
22.745000000000008	 2.0775982812500007
22.755000000000006	 2.0803592187500004
22.765000000000004	 2.0835612500000007
22.775000000000002	 2.0834492187500007
22.784999999999997	 2.08811515625
22.794999999999995	 2.08838703125
22.80499999999999	 2.0909071875
22.81499999999999	 2.09412109375
22.824999999999992	 2.0939542187499995
22.834999999999994	 2.0986296875
22.844999999999995	 2.09878234375
22.854999999999993	 2.1015814062500002
22.864999999999995	 2.1049096875
22.874999999999996	 2.1046760937499998
22.884999999999998	 2.1092823437499995
22.895000000000003	 2.1093346874999996
22.905	 2.1120573437499996
22.915000000000003	 2.1152878124999996
22.925000000000004	 2.11518046875
22.935000000000002	 2.1197198437500004
22.945	 2.1198367187500002
22.955000000000002	 2.1224642187500002
22.965000000000003	 2.1257401562499996
22.975000000000005	 2.1256185937499996
22.985000000000007	 2.13019859375
22.995000000000008	 2.13030828125
23.005000000000006	 2.1329595312500005
23.015000000000004	 2.1363426562500005
23.025000000000002	 2.1361853125000003
23.035	 2.1408178125000004
23.044999999999995	 2.1410681250000003
23.054999999999993	 2.1438337499999998
23.06499999999999	 2.147190625
23.074999999999992	 2.1471025
23.084999999999994	 2.15179703125
23.094999999999995	 2.1521165625
23.104999999999993	 2.15463890625
23.114999999999995	 2.157924374999999
23.124999999999996	 2.1578314062499997
23.134999999999998	 2.1624448437499995
23.145000000000003	 2.1626667187499993
23.155	 2.1650818749999994
23.165000000000003	 2.1684221875
23.175000000000004	 2.1682814062499998
23.185000000000002	 2.17296390625
23.195	 2.17315703125
23.205000000000002	 2.175605625
23.215000000000003	 2.1789721875
23.225000000000005	 2.17888875
23.235000000000007	 2.183595
23.245000000000008	 2.18379046875
23.255000000000006	 2.1863176562499995
23.265000000000004	 2.1899868749999998
23.275000000000002	 2.189908125
23.285	 2.1946526562499997
23.294999999999995	 2.1948743749999995
23.304999999999993	 2.1975493749999995
23.31499999999999	 2.2008585937499996
23.324999999999992	 2.200746562499999
23.334999999999994	 2.2053862499999997
23.344999999999995	 2.2056937499999996
23.354999999999993	 2.208395
23.364999999999995	 2.2117782812499995
23.374999999999996	 2.2116114062499994
23.384999999999998	 2.21630828125
23.395000000000003	 2.2165371874999993
23.405	 2.219097812499999
23.415000000000003	 2.2224546874999995
23.425000000000004	 2.2223473437499996
23.435000000000002	 2.226996406249999
23.445	 2.2274493749999995
23.455000000000002	 2.2300267187499996
23.465000000000003	 2.233421875
23.475000000000005	 2.2332501562499996
23.485000000000007	 2.2379207812499997
23.495000000000005	 2.2381664062499995
23.505000000000006	 2.2406626562499996
23.515000000000004	 2.2441459374999995
23.525000000000002	 2.2440171875
23.535	 2.2486615624999997
23.544999999999998	 2.24896921875
23.554999999999993	 2.2517682812500004
23.564999999999994	 2.2550084375000004
23.574999999999992	 2.25488453125
23.584999999999994	 2.25949078125
23.594999999999995	 2.2598292187499998
23.604999999999993	 2.262373125
23.614999999999995	 2.2657490625000003
23.624999999999996	 2.2656298437499998
23.634999999999998	 2.270271875
23.645	 2.2705031250000003
23.655	 2.27306125
23.665000000000003	 2.2766064062500004
23.675000000000004	 2.276491875
23.685000000000002	 2.2811315625000006
23.695	 2.281346250000001
23.705000000000002	 2.28396890625
23.715000000000003	 2.2873687500000006
23.725000000000005	 2.287275781250001
23.735000000000007	 2.2920203125000005
23.745000000000005	 2.29248765625
23.755000000000006	 2.2950529687500008
23.765000000000004	 2.2984265625000004
23.775000000000002	 2.29831921875
23.785	 2.3029445312500005
23.794999999999998	 2.30351203125
23.804999999999993	 2.3062585937499995
23.814999999999994	 2.30975625
23.824999999999992	 2.3096370312499994
23.834999999999994	 2.3143148437499996
23.844999999999995	 2.31468921875
23.854999999999993	 2.3171020312499997
23.864999999999995	 2.32060203125
23.874999999999996	 2.32049
23.884999999999998	 2.3251893749999994
23.895	 2.3255421874999995
23.905	 2.3277762499999994
23.915000000000003	 2.3314335937499995
23.925000000000004	 2.3312715624999987
23.935000000000002	 2.3359589062499992
23.945	 2.336431093749999
23.955000000000002	 2.3389893749999993
23.965	 2.342458281249999
23.975	 2.3423890624999992
23.985000000000003	 2.3470954687499996
23.995000000000005	 2.3473696874999996
24.005000000000006	 2.3498968749999998
24.015000000000004	 2.35333953125
24.025000000000006	 2.3531821875000003
24.035000000000004	 2.35789328125
24.044999999999998	 2.35837484375
24.054999999999996	 2.3608114062499994
24.064999999999994	 2.3642421875
24.074999999999992	 2.364173125
24.084999999999994	 2.3688221874999997
24.094999999999995	 2.36932515625
24.104999999999993	 2.37199296875
24.114999999999995	 2.3755954687499994
24.124999999999996	 2.3755143749999994
24.134999999999998	 2.380185
24.145	 2.38074765625
24.155	 2.3832795312500004
24.165000000000003	 2.3867581250000005
24.175000000000004	 2.3866342187500003
24.185000000000002	 2.3913357812500005
24.195	 2.3916123437500003
24.205000000000002	 2.3942540625000004
24.215	 2.3978256250000007
24.225	 2.397704062500001
24.235000000000003	 2.4023389062500007
24.245000000000005	 2.402875312500001
24.255000000000006	 2.4053715625000005
24.265000000000004	 2.4088810937500007
24.275000000000006	 2.4087142187500006
24.285000000000004	 2.4134157812500003
24.294999999999998	 2.4138593750000004
24.304999999999996	 2.41629375
24.314999999999994	 2.41987
24.324999999999992	 2.41979609375
24.334999999999994	 2.4245214062500002
24.344999999999995	 2.42496484375
24.354999999999993	 2.4275826562500007
24.364999999999995	 2.4312232812500003
24.374999999999996	 2.4311254687500004
24.384999999999998	 2.4357984375000004
24.395	 2.4363110937499997
24.405	 2.43893609375
24.415000000000003	 2.44256953125
24.425000000000004	 2.4425289062499997
24.435000000000002	 2.44723046875
24.445	 2.4475928124999995
24.455000000000002	 2.4500079687499996
24.465	 2.4536367187499994
24.475	 2.4536199999999995
24.485000000000003	 2.45837875
24.495	 2.4589962499999998
24.505000000000003	 2.4613756249999996
24.515000000000004	 2.46502578125
24.525000000000006	 2.4649184375
24.535000000000004	 2.46961765625
24.545	 2.4702040625
24.554999999999996	 2.47249296875
24.564999999999998	 2.47638625
24.574999999999996	 2.4762599999999995
24.584999999999994	 2.48097828125
24.594999999999995	 2.48153859375
24.604999999999993	 2.4840634374999997
24.614999999999995	 2.487627812499999
24.624999999999996	 2.4876015624999988
24.634999999999998	 2.492341406249999
24.645	 2.492863593749999
24.654999999999998	 2.4955339062499986
24.665000000000003	 2.499300937499999
24.675000000000004	 2.4992890624999986
