0.16499999999999998	 0.08312156250000002
0.175	 0.08284968750000003
0.18499999999999997	 0.08212968750000003
0.19499999999999995	 0.08418937500000004
0.20499999999999996	 0.08093250000000002
0.21499999999999997	 0.08329281250000002
0.22499999999999998	 0.08199125000000002
0.23499999999999996	 0.0812475
0.24499999999999997	 0.083374375
0.25499999999999995	 0.08008437499999999
0.26499999999999996	 0.08268812499999999
0.27499999999999997	 0.08150062499999998
0.285	 0.08097624999999997
0.29499999999999993	 0.08338906249999997
0.305	 0.08015624999999998
0.315	 0.08288843749999998
0.325	 0.08168218749999999
0.335	 0.081176875
0.34500000000000003	 0.08335625
0.35500000000000004	 0.07967500000000001
0.36500000000000005	 0.08229750000000001
0.375	 0.08124375000000002
0.385	 0.08102937500000001
0.395	 0.08326093750000002
0.4050000000000001	 0.07984218750000002
0.4150000000000001	 0.08239812500000002
0.42500000000000004	 0.08072437500000001
0.43500000000000005	 0.08028562500000001
0.445	 0.08212125
0.455	 0.07832093750000002
0.46499999999999997	 0.08065281250000002
0.47500000000000003	 0.07925093750000002
0.48500000000000004	 0.07896500000000001
0.495	 0.0809534375
0.505	 0.07759625000000002
0.515	 0.08031906250000002
0.525	 0.07872156250000001
0.5350000000000001	 0.07824
0.545	 0.08035718750000001
0.555	 0.07718125
0.565	 0.07991343750000002
0.575	 0.07861625
0.5849999999999999	 0.07820125
0.5949999999999999	 0.08031375
0.6049999999999999	 0.0769853125
0.6149999999999999	 0.07954593749999998
0.625	 0.07825843749999999
0.6350000000000001	 0.07780093749999999
0.6450000000000001	 0.08013718749999998
0.655	 0.076975625
0.665	 0.0797696875
0.6749999999999999	 0.0786871875
0.6849999999999999	 0.0785253125
0.695	 0.080575625
0.705	 0.077151875
0.715	 0.08009875
0.7249999999999999	 0.079130625
0.7349999999999999	 0.0794071875
0.7449999999999999	 0.08221562500000001
0.7549999999999999	 0.07905406250000001
0.765	 0.08242062500000001
0.775	 0.08153375
0.7850000000000001	 0.08180562499999999
0.795	 0.0845521875
0.805	 0.0814765625
0.815	 0.0847665625
0.825	 0.0837271875
0.835	 0.08407062500000001
0.845	 0.08674593750000001
0.8550000000000001	 0.0837228125
0.865	 0.08691750000000001
0.8750000000000001	 0.0857540625
0.885	 0.08586843749999999
0.895	 0.088376875
0.905	 0.0852821875
0.915	 0.088400625
0.925	 0.08735656249999998
0.9349999999999999	 0.08779499999999998
0.945	 0.09005999999999999
0.955	 0.08693656249999998
0.9649999999999999	 0.09006468749999998
0.975	 0.08877718749999998
0.985	 0.08897749999999999
0.995	 0.09142843749999999
1.0050000000000001	 0.08816687499999999
1.015	 0.09129968749999999
1.025	 0.09009312500000001
1.035	 0.09008843750000001
1.0450000000000002	 0.09224375
1.055	 0.08884375
1.065	 0.0916046875
1.075	 0.090326875
1.085	 0.090426875
1.095	 0.09275375
1.105	 0.08923937500000001
1.115	 0.09212906250000001
1.125	 0.09064593750000001
1.135	 0.09074625
1.1449999999999998	 0.092868125
1.1549999999999998	 0.089573125
1.165	 0.09252468750000001
1.1749999999999998	 0.0912990625
1.185	 0.0914896875
1.195	 0.09375468750000002
1.205	 0.0908125
1.215	 0.09364
1.225	 0.0923715625
1.235	 0.09258156249999999
1.2449999999999999	 0.0950371875
1.255	 0.091441875
1.2650000000000001	 0.09464625
1.2750000000000001	 0.09330625000000001
1.285	 0.09347781250000001
1.295	 0.09568562500000001
1.3050000000000002	 0.0923715625
1.315	 0.09515625000000001
1.325	 0.09378750000000001
1.335	 0.09407375000000001
1.345	 0.09635312500000003
1.355	 0.09342062500000001
1.365	 0.0966203125
1.375	 0.09526625
1.385	 0.0955571875
1.395	 0.097879375
1.4049999999999998	 0.0946990625
1.415	 0.0975125
1.4249999999999998	 0.09626781250000001
1.435	 0.09668750000000001
1.445	 0.098790625
1.455	 0.09602000000000001
1.4649999999999999	 0.09911468750000002
1.475	 0.09743156250000001
1.485	 0.09761281250000002
1.495	 0.09941531250000002
1.505	 0.09596781250000001
1.515	 0.09897187500000001
1.525	 0.0971646875
1.535	 0.0977465625
1.545	 0.0999734375
1.5550000000000002	 0.096606875
1.5650000000000002	 0.09924843749999998
1.575	 0.09777031249999998
1.585	 0.09808968749999998
1.5949999999999998	 0.10033093749999998
1.605	 0.096893125
1.615	 0.10013562499999999
1.625	 0.09862906249999999
1.635	 0.09925843749999999
1.645	 0.10141874999999999
1.655	 0.09817156249999999
1.665	 0.10098968749999998
1.6749999999999998	 0.09916312499999999
1.685	 0.09950156250000002
1.695	 0.10177593750000001
1.705	 0.098915
1.7149999999999999	 0.10191906249999999
1.725	 0.10021187499999999
1.735	 0.10074093749999999
1.745	 0.10270093749999999
1.755	 0.099439375
1.7650000000000001	 0.10263874999999999
1.775	 0.10051687499999999
1.785	 0.1010746875
1.795	 0.1032965625
1.8050000000000002	 0.1000396875
1.8150000000000002	 0.10338718749999999
1.8249999999999997	 0.10181843750000001
1.835	 0.1024478125
1.845	 0.104503125
1.855	 0.101460625
1.865	 0.1042740625
1.8749999999999998	 0.1027053125
1.885	 0.10328250000000001
1.895	 0.10508500000000001
1.905	 0.10225250000000002
1.915	 0.10523281250000001
1.9249999999999998	 0.10363531250000002
1.935	 0.10401687500000002
1.945	 0.10597656250000002
1.9549999999999998	 0.10262937500000002
1.9649999999999999	 0.10554281250000003
1.9749999999999999	 0.10387843750000002
1.985	 0.10448875
1.995	 0.10666312500000001
2.005	 0.10355906250000001
2.015	 0.1064775
2.025	 0.104431875
2.035	 0.10508999999999999
2.0449999999999995	 0.1072071875
2.0549999999999997	 0.10408874999999998
2.065	 0.10745031249999998
2.075	 0.10558093749999999
2.085	 0.10625343749999998
2.0949999999999998	 0.10813687499999998
2.105	 0.1052475
2.115	 0.10828499999999999
2.125	 0.106596875
2.1350000000000002	 0.10730250000000002
2.145	 0.10932437500000002
2.1550000000000002	 0.10615843750000001
2.165	 0.1093628125
2.175	 0.1072315625
2.185	 0.1080278125
2.195	 0.1098540625
2.2049999999999996	 0.10706437500000002
2.215	 0.11050718749999999
2.2249999999999996	 0.1083090625
2.2350000000000003	 0.10893375
2.245	 0.110645625
2.255	 0.107455625
2.265	 0.11093656250000002
2.2750000000000004	 0.109129375
2.285	 0.110001875
2.295	 0.1119571875
2.305	 0.10886250000000001
2.315	 0.11163781250000002
2.325	 0.10970656250000001
2.3349999999999995	 0.11043125000000001
2.3449999999999998	 0.112138125
2.355	 0.1089625
2.3649999999999998	 0.1120809375
2.375	 0.1101928125
2.3850000000000002	 0.110808125
2.3950000000000005	 0.1126153125
2.4050000000000002	 0.10983531249999999
2.415	 0.11274406249999998
2.4250000000000003	 0.11054093749999998
2.435	 0.11116562499999999
2.445	 0.113096875
2.4549999999999996	 0.11002125
2.465	 0.11316343749999999
2.475	 0.11114156249999999
2.485	 0.111851875
2.4949999999999997	 0.11364
2.505	 0.11075999999999998
2.5150000000000006	 0.11381156249999999
2.5250000000000004	 0.1115371875
2.535	 0.11239062499999998
2.5450000000000004	 0.11419781249999998
2.5549999999999997	 0.11157031249999999
2.5649999999999995	 0.114779375
2.575	 0.1128625
2.585	 0.1133059375
2.5949999999999998	 0.115160625
2.605	 0.11218999999999997
2.6149999999999993	 0.11530843749999999
2.625	 0.11341062499999999
2.6350000000000002	 0.114455
2.6450000000000005	 0.116295625
2.6550000000000002	 0.1135109375
2.665	 0.11698250000000003
2.675	 0.11497968750000004
2.685	 0.11582843750000003
2.695	 0.11748312500000004
2.7049999999999996	 0.11456000000000001
2.715	 0.11779781250000002
2.7249999999999996	 0.11531812500000001
2.7349999999999994	 0.1166103125
2.7449999999999997	 0.1183603125
2.7550000000000003	 0.11541812500000001
2.765	 0.1185271875
2.7750000000000004	 0.11636250000000001
2.7850000000000006	 0.117301875
2.7950000000000004	 0.1191615625
2.805	 0.11650093749999998
2.815	 0.11957656249999998
2.8249999999999997	 0.11733531249999997
2.835	 0.11858968749999996
2.845	 0.12042062499999996
2.855	 0.11744999999999997
2.8649999999999998	 0.12052093749999998
2.875	 0.11807968749999997
2.885	 0.11920999999999998
2.895	 0.12095499999999998
2.9050000000000002	 0.11842781249999998
2.915	 0.12205187499999998
2.9250000000000003	 0.11984874999999998
2.935	 0.12085968749999998
2.945	 0.12263375
2.9549999999999996	 0.1197965625
2.965	 0.1229484375
2.9749999999999996	 0.1206215625
2.985	 0.1216228125
2.9949999999999997	 0.1233584375
3.0049999999999994	 0.12029718749999999
3.015	 0.12355374999999999
3.0250000000000004	 0.12143187499999998
3.035	 0.1225334375
3.045	 0.1241928125
3.0550000000000006	 0.1213225
3.065	 0.12458406249999998
3.075	 0.122519375
3.0849999999999995	 0.12364
3.095	 0.12541375
3.105	 0.12279124999999998
3.1149999999999998	 0.12588124999999997
3.125	 0.12343499999999999
3.1350000000000002	 0.12478906249999999
3.145	 0.12658187499999998
3.155	 0.1239446875
3.165	 0.127220625
3.1750000000000003	 0.1250271875
3.185	 0.126371875
3.195	 0.1281025
3.205	 0.1253653125
3.215	 0.128626875
3.2249999999999996	 0.126156875
3.235	 0.1268625
3.2449999999999997	 0.12857906249999998
3.255	 0.126075625
3.265	 0.1292465625
3.275	 0.12700531249999997
3.285	 0.1282021875
3.2950000000000004	 0.1299090625
3.305	 0.1273484375
3.315	 0.1305003125
3.3250000000000006	 0.12846906249999998
3.335	 0.129799375
3.3449999999999998	 0.1314871875
3.355	 0.12872625
3.3649999999999998	 0.1320834375
3.375	 0.129875625
3.3850000000000002	 0.13113937499999997
3.395	 0.13275124999999996
3.4050000000000002	 0.13026218749999996
3.4149999999999996	 0.13347124999999999
3.4250000000000003	 0.1309534375
3.435	 0.13223593749999998
3.445	 0.13372374999999997
3.455	 0.13102499999999997
3.4650000000000003	 0.13400062499999996
3.4749999999999996	 0.13151156249999998
3.485	 0.1326940625
3.4949999999999997	 0.13436281249999996
3.505	 0.13185468749999996
3.5149999999999997	 0.13478249999999994
3.5250000000000004	 0.13238406249999995
3.5349999999999997	 0.13360499999999995
3.5450000000000004	 0.13507343749999995
3.555	 0.1323509375
3.565	 0.13611812499999998
3.575	 0.13347156249999997
3.5850000000000004	 0.13469687499999997
3.5949999999999998	 0.13618937499999997
3.605	 0.13341874999999997
3.6149999999999998	 0.13645156249999996
3.625	 0.13373843749999997
3.6350000000000002	 0.134978125
3.645	 0.1363228125
3.6550000000000002	 0.13362874999999996
3.665	 0.1366853125
3.675	 0.1342915625
3.6849999999999996	 0.135540625
3.695	 0.13692812499999998
3.705	 0.13453906249999997
3.715	 0.137605
3.725	 0.13497749999999997
3.735	 0.13633656249999995
3.7449999999999997	 0.13791031249999994
3.755	 0.13553093749999998
3.7649999999999997	 0.13885906249999996
3.7750000000000004	 0.1365128125
3.785	 0.1380340625
3.795	 0.1396315625
3.805	 0.13699937499999998
3.815	 0.14009406249999995
3.825	 0.13756187499999994
3.835	 0.13920218749999996
3.8449999999999998	 0.14058031249999997
3.8550000000000004	 0.13823406249999998
3.8649999999999998	 0.141500625
3.875	 0.13904968750000005
3.8850000000000002	 0.13984125000000003
3.895	 0.14140531250000002
3.9050000000000002	 0.139106875
3.915	 0.142120625
3.9250000000000003	 0.1397175
3.935	 0.1411621875
3.945	 0.142735625
3.955	 0.14019406250000002
3.965	 0.14326000000000003
3.9750000000000005	 0.14074250000000002
3.985	 0.14210625000000005
3.9949999999999997	 0.14328875000000005
4.005000000000001	 0.14071875000000003
4.015	 0.1437371875
4.025	 0.14079031250000001
4.035	 0.1420684375
4.045	 0.1431603125
4.055	 0.14031375000000004
4.0649999999999995	 0.14316500000000004
4.074999999999999	 0.14007500000000006
4.085	 0.14121000000000003
4.095	 0.14214468750000003
4.1049999999999995	 0.13948375000000005
4.115	 0.14234468750000004
4.125	 0.13970312500000004
4.135	 0.14098125000000006
4.145	 0.14217812500000004
4.155	 0.13982750000000002
4.165	 0.14306500000000003
4.175	 0.1402040625
4.1850000000000005	 0.14161531249999998
4.194999999999999	 0.14277874999999998
4.205	 0.14024656249999995
4.215	 0.14393718749999995
4.225	 0.14117156249999996
4.234999999999999	 0.14284031249999998
4.245	 0.14429937499999998
4.255	 0.14186281249999996
4.265	 0.14484312499999996
4.275	 0.14242562499999997
4.285	 0.14412312500000002
4.295	 0.145229375
4.305000000000001	 0.14287875000000003
4.3149999999999995	 0.14628812500000002
4.324999999999999	 0.14370375000000002
4.335	 0.14537250000000002
4.345	 0.14663125000000002
4.3549999999999995	 0.144504375
4.364999999999999	 0.14788531249999998
4.375	 0.145625
4.385	 0.14745156250000002
4.395	 0.14927781250000002
4.405	 0.14739437500000002
4.415	 0.15111843750000004
4.425	 0.14874375
4.4350000000000005	 0.1506034375
4.445	 0.15192906250000002
4.455000000000001	 0.149864375
4.465	 0.15335
4.4750000000000005	 0.15088000000000001
4.484999999999999	 0.15276843750000002
4.495	 0.15451375
4.505	 0.1528734375
4.514999999999999	 0.15668812500000004
4.5249999999999995	 0.1545378125
4.535	 0.15593968749999998
4.545	 0.1576040625
4.555000000000001	 0.15573968749999997
4.565	 0.15927781249999998
4.574999999999999	 0.15712249999999997
4.585	 0.15923968749999998
4.595	 0.16081812499999998
4.6049999999999995	 0.15858187499999996
4.614999999999999	 0.162468125
4.625	 0.16025562499999998
4.635	 0.1621725
4.645	 0.16357906249999998
4.655	 0.16190062499999996
4.665	 0.16564374999999998
4.675	 0.1631690625
4.6850000000000005	 0.16515249999999995
4.695	 0.16636843749999997
4.705	 0.16435593749999994
4.715000000000001	 0.16746968749999994
4.725	 0.1649184375
4.735	 0.16654937499999997
4.745	 0.16801812499999996
4.755	 0.16582468749999996
4.764999999999999	 0.16922937499999993
4.7749999999999995	 0.16652562499999995
4.784999999999999	 0.1680515625
4.794999999999999	 0.16916250000000002
4.805	 0.166835625
4.815	 0.16985406249999999
4.825	 0.166764375
4.835	 0.16816625000000002
4.845	 0.16916281250000004
4.8549999999999995	 0.16696937500000003
4.864999999999999	 0.1704453125
4.874999999999999	 0.1674509375
4.885	 0.16881000000000004
4.895	 0.169649375
4.905	 0.167279375
4.915	 0.1702546875
4.925	 0.16782281250000003
4.9350000000000005	 0.16921968749999997
4.945	 0.170101875
4.955	 0.16802781249999998
4.965000000000001	 0.17129875
4.9750000000000005	 0.1682565625
4.985	 0.169768125
4.995	 0.17068375
5.005000000000001	 0.1686096875
5.014999999999999	 0.17194281250000001
5.0249999999999995	 0.16907250000000001
5.034999999999999	 0.17077499999999995
5.044999999999999	 0.17164312499999992
5.054999999999999	 0.16944968749999995
5.065	 0.17238218749999992
5.075	 0.16964031249999995
5.085	 0.17141874999999998
5.095	 0.17230562499999996
5.1049999999999995	 0.17058906249999997
5.114999999999999	 0.17379343749999998
5.124999999999999	 0.17118499999999998
5.135	 0.17290624999999998
5.1450000000000005	 0.1737690625
5.155	 0.172014375
5.165	 0.17527125
5.175	 0.1724721875
5.1850000000000005	 0.173764375
5.195	 0.1748515625
5.205	 0.17324
5.215000000000001	 0.17666843750000003
5.2250000000000005	 0.17395062500000003
5.235	 0.17574375000000003
5.245000000000001	 0.17669750000000004
5.255	 0.17483312500000003
5.265	 0.17801343750000007
5.2749999999999995	 0.17513812500000003
5.284999999999999	 0.17697875000000002
5.294999999999999	 0.17809000000000003
5.304999999999999	 0.1765690625
5.3149999999999995	 0.1798590625
5.325	 0.1770503125
5.335	 0.1788909375
5.345	 0.1799684375
5.3549999999999995	 0.17812781249999998
5.364999999999999	 0.18166093749999998
5.374999999999999	 0.17910031249999997
5.385	 0.18105999999999997
5.3950000000000005	 0.18199937499999996
5.405	 0.18052125
5.415	 0.1839496875
5.425	 0.18110781250000002
5.4350000000000005	 0.18299125000000005
5.445	 0.18363031250000003
5.455	 0.18180406250000003
5.465000000000001	 0.185456875
5.4750000000000005	 0.18258625000000003
5.485	 0.18446
5.495	 0.1853421875
5.505000000000001	 0.18346343749999997
5.515	 0.18718249999999997
5.525	 0.18429749999999995
5.534999999999999	 0.186095
5.544999999999999	 0.1868815625
5.555	 0.18500281250000003
5.5649999999999995	 0.1883596875
5.574999999999999	 0.18550343750000003
5.585	 0.1874871875
5.595	 0.18837875000000004
5.6049999999999995	 0.18661468750000004
5.614999999999999	 0.18964250000000005
5.625	 0.18647625
5.634999999999999	 0.18854093750000003
5.645	 0.18937062500000001
5.655	 0.1879353125
5.665	 0.1910490625
5.675	 0.18825
5.6850000000000005	 0.18999531249999999
5.695	 0.19074374999999996
5.705	 0.18905124999999998
5.715000000000001	 0.19257531249999998
5.7250000000000005	 0.189504375
5.735	 0.19149281250000003
5.745	 0.192065
5.755000000000001	 0.19049625
5.765000000000001	 0.19408687500000002
5.7749999999999995	 0.19124968750000004
5.785	 0.1929946875
5.794999999999999	 0.193538125
5.805	 0.19212187500000005
5.8149999999999995	 0.19544062500000003
5.824999999999999	 0.19269906250000005
5.834999999999999	 0.19427750000000002
5.845	 0.19488312500000002
5.8549999999999995	 0.19347187500000002
5.864999999999999	 0.1970578125
5.875	 0.19443031250000004
5.884999999999999	 0.19634250000000003
5.895	 0.19694812500000006
5.905	 0.19548406250000006
5.915	 0.19877906250000005
5.925	 0.19600375000000003
5.9350000000000005	 0.19815437500000005
5.945	 0.19883625000000005
5.955	 0.19713875000000006
5.965000000000001	 0.20033375000000003
5.9750000000000005	 0.19716750000000005
5.985	 0.19922281250000007
5.995000000000001	 0.19969000000000003
6.005	 0.19812593750000004
6.015000000000001	 0.2015403125
6.025	 0.19853125
6.034999999999999	 0.2003096875
6.045	 0.200805625
6.055	 0.19918437499999994
6.0649999999999995	 0.20255093749999994
6.074999999999999	 0.19951343749999995
6.084999999999999	 0.20143499999999998
6.094999999999999	 0.20218843749999996
6.1049999999999995	 0.20061031249999994
6.114999999999999	 0.20402468749999997
6.125	 0.20081562499999997
6.135	 0.20265156249999997
6.145	 0.2030378125
6.155	 0.20143093750000002
6.165	 0.20525031250000003
6.175	 0.20217937500000002
6.1850000000000005	 0.20400093750000006
6.195	 0.20443968750000005
6.205	 0.20287562500000006
6.215000000000001	 0.20618500000000006
6.2250000000000005	 0.20302375000000006
6.235	 0.20505500000000007
6.245000000000001	 0.20547937500000008
6.255	 0.20399156250000006
6.265	 0.20735812500000003
6.275	 0.20463062500000004
6.285	 0.20674281250000004
6.294999999999999	 0.20714343750000005
6.305000000000001	 0.20597031250000003
6.3149999999999995	 0.209441875
6.324999999999999	 0.2064665625
6.334999999999999	 0.2084215625
6.344999999999999	 0.208903125
6.354999999999999	 0.20777781249999996
6.364999999999999	 0.21112531249999997
6.375	 0.20819749999999995
6.385	 0.21021437499999995
6.395	 0.21055781249999994
6.405	 0.20937531249999994
6.415	 0.21245562499999993
6.425	 0.20952312499999995
6.4350000000000005	 0.2116209375
6.445	 0.211940625
6.455	 0.21080562499999997
6.465000000000001	 0.21406718749999998
6.4750000000000005	 0.211291875
6.485	 0.2128465625
6.495	 0.21312312500000002
6.505	 0.211888125
6.515	 0.21469656250000002
6.5249999999999995	 0.2120453125
6.535	 0.2142959375
6.545	 0.21465812499999998
6.555	 0.21324687499999997
6.565	 0.216465625
6.574999999999998	 0.21327562499999994
6.584999999999999	 0.21531656249999995
6.594999999999999	 0.21543093749999997
6.604999999999999	 0.21408156249999996
6.614999999999999	 0.217033125
6.625	 0.2137715625
6.635	 0.21588375
6.645	 0.2162509375
6.655	 0.21500156250000002
6.665	 0.21787687500000003
6.675000000000001	 0.21464406249999998
6.6850000000000005	 0.21668968749999998
6.695	 0.21708562499999998
6.705	 0.2158028125
6.715000000000001	 0.21901656249999998
6.7250000000000005	 0.2157359375
6.735	 0.2177053125
6.745	 0.21766687499999998
6.755000000000001	 0.217619375
6.765	 0.2198984375
6.775	 0.217566875
6.785	 0.2196409375
6.795	 0.2194646875
6.805000000000001	 0.21910218750000002
6.8149999999999995	 0.22197281250000003
6.824999999999999	 0.21975562500000004
6.834999999999999	 0.22209218750000004
6.844999999999999	 0.22177750000000002
6.854999999999999	 0.221734375
6.864999999999999	 0.2239946875
6.874999999999999	 0.22199656250000002
6.885	 0.22401343750000002
6.895	 0.22408968750000002
6.905	 0.22400843750000002
6.915	 0.22643093750000004
6.925000000000001	 0.224395
6.9350000000000005	 0.22676468750000003
6.945	 0.2266884375
6.955	 0.22679343749999997
6.965000000000001	 0.22888656249999997
6.9750000000000005	 0.226745625
6.985	 0.22927312500000002
6.995	 0.22910125000000003
7.005	 0.229010625
7.015	 0.23132781250000006
7.025	 0.22940625000000003
7.035	 0.23152343750000004
7.045	 0.23145187500000003
7.055000000000001	 0.2314946875
7.0649999999999995	 0.234065
7.074999999999999	 0.23091312500000002
7.084999999999999	 0.234065
7.094999999999999	 0.23305874999999998
7.104999999999999	 0.2333878125
7.114999999999999	 0.2359434375
7.124999999999999	 0.23318718750000003
7.135	 0.23564749999999998
7.145	 0.2346459375
7.155	 0.2348128125
7.165	 0.23708718749999996
7.175000000000001	 0.23401187499999995
7.1850000000000005	 0.23715906249999996
7.195	 0.2359575
7.205	 0.2361290625
7.215000000000001	 0.238594375
7.2250000000000005	 0.235275625
7.235	 0.23827968749999998
7.245	 0.2371734375
7.255	 0.23747875
7.265	 0.23985343750000002
7.275	 0.23671593750000003
7.285	 0.2399109375
7.295	 0.23870437500000002
7.305000000000001	 0.23909531250000002
7.315	 0.24163218750000007
7.324999999999998	 0.2384896875000001
7.335	 0.24135562500000007
7.344999999999999	 0.2400156250000001
7.354999999999999	 0.2401731250000001
7.364999999999999	 0.2426050000000001
7.374999999999999	 0.23967718750000008
7.384999999999999	 0.24263843750000008
7.395	 0.24122687500000006
7.405	 0.24133656250000002
7.415	 0.2437684375
7.425	 0.2405021875
7.4350000000000005	 0.2434778125
7.445	 0.2419234375
7.455	 0.2423096875
7.465000000000001	 0.24519937499999997
7.4750000000000005	 0.24229062499999998
7.485	 0.2455521875
7.495	 0.24408812499999996
7.505	 0.24424531249999998
7.515	 0.24663437499999996
7.525	 0.24373999999999996
7.535	 0.24673906249999994
7.545	 0.24554218749999995
7.555000000000001	 0.24589968749999994
7.565	 0.24815031249999994
7.574999999999998	 0.24514156249999994
7.585	 0.24836499999999995
7.594999999999999	 0.24679624999999994
7.604999999999999	 0.24696781249999994
7.614999999999999	 0.24934718749999996
7.624999999999999	 0.24599968749999995
7.634999999999999	 0.24906093749999997
7.645	 0.24777843749999998
7.655	 0.24843656249999996
7.665	 0.25053
7.675	 0.24729218749999993
7.6850000000000005	 0.25027218749999997
7.695	 0.24881312499999997
7.705	 0.24923249999999997
7.715000000000001	 0.25162625
7.7250000000000005	 0.24869843749999998
7.735	 0.25182656249999996
7.745	 0.2504721875
7.755	 0.2509203125
7.765000000000001	 0.2533903125
7.7749999999999995	 0.2500859375
7.785	 0.2527275
7.795	 0.2511875
7.805	 0.251793125
7.815	 0.25440156249999996
7.824999999999999	 0.25137375
7.834999999999999	 0.25442062499999996
7.845	 0.2528328125
7.854999999999999	 0.2535290625
7.864999999999999	 0.2559325
7.874999999999999	 0.252628125
7.884999999999999	 0.2557228125
7.895	 0.2541253125
7.905	 0.2548071875
7.915	 0.2572390625
7.925	 0.2544828125
7.9350000000000005	 0.25753468749999997
7.945	 0.2561425
7.955	 0.2567909375
7.965	 0.2591703125
7.975	 0.256085
7.984999999999999	 0.25950875
7.995	 0.25825937499999996
8.004999999999999	 0.25919875
8.015	 0.2614684375
8.024999999999999	 0.2589603125
8.035	 0.262055
8.045	 0.2605484375
8.055	 0.2612446874999999
8.065000000000001	 0.263571875
8.075	 0.260896875
8.084999999999999	 0.2641728125
8.094999999999999	 0.26276125
8.104999999999999	 0.2633621875
8.114999999999998	 0.2662278125
8.125	 0.263395625
8.135	 0.26639968750000004
8.145	 0.26498812499999996
8.155	 0.26569374999999995
8.165000000000001	 0.267820625
8.174999999999999	 0.26476406249999995
8.185	 0.268073125
8.195	 0.266809375
8.205	 0.26786781249999997
8.215	 0.26990875
8.225	 0.26660875
8.235	 0.2697175
8.245	 0.2681059375
8.254999999999999	 0.26905
8.265	 0.27111468749999995
8.275	 0.26815843749999996
8.284999999999998	 0.2712196875
8.295	 0.269608125
8.305	 0.2706140625
8.315	 0.272693125
8.325000000000001	 0.26961281249999997
8.334999999999999	 0.27282687499999997
8.344999999999999	 0.27086249999999995
8.354999999999999	 0.2717731249999999
8.364999999999998	 0.27395218749999994
8.374999999999998	 0.27128656249999994
8.385	 0.2746434374999999
8.395000000000001	 0.2728265624999999
8.405	 0.27371812500000003
8.415	 0.2759356250000001
8.424999999999999	 0.27325593750000005
8.434999999999999	 0.27615031250000005
8.445	 0.274290625
8.455	 0.275215625
8.465	 0.27725656249999997
8.475	 0.2749296875
8.485	 0.27821500000000005
8.495	 0.27666062500000005
8.504999999999999	 0.27745687500000005
8.515	 0.27956937500000006
8.525	 0.27645093750000005
8.534999999999998	 0.27999375
8.544999999999998	 0.27855375000000004
8.555	 0.27956
8.565	 0.28172468749999996
8.575000000000001	 0.27894468749999995
8.585	 0.28232062499999994
8.594999999999999	 0.2806087499999999
8.604999999999999	 0.281781875
8.614999999999998	 0.2837703125
8.624999999999998	 0.28095218750000006
8.634999999999998	 0.2843090625000001
8.645000000000001	 0.2825831250000001
8.655000000000001	 0.28371312500000007
8.665	 0.285720625
8.674999999999999	 0.2829740625
8.684999999999999	 0.28604
8.695	 0.28398500000000004
8.705	 0.28482906250000006
8.715000000000002	 0.28702250000000007
8.725	 0.2841615625000001
8.735	 0.28741343750000004
8.745	 0.28544406250000004
8.754999999999999	 0.28633125
8.765	 0.2890490625
8.775	 0.28613562500000006
8.785	 0.2897550000000001
8.794999999999998	 0.2875425000000001
8.805	 0.28878218750000006
8.815	 0.29082312500000007
8.825	 0.2882625
8.835	 0.2915003125
8.845	 0.2897503125
8.854999999999999	 0.2905515625
8.864999999999998	 0.2926162500000001
8.874999999999998	 0.28994125
8.884999999999998	 0.2932934375
8.895	 0.2913146875
8.905000000000001	 0.292578125
8.915000000000001	 0.2945428125
8.924999999999999	 0.2919775
8.934999999999999	 0.29554874999999997
8.945	 0.2935271875
8.955	 0.29472875
8.965000000000002	 0.2968125
8.975000000000001	 0.2942615625
8.985	 0.29778062499999997
8.995	 0.29583062499999996
9.004999999999999	 0.29727562499999993
9.015	 0.29929718749999995
9.025	 0.2963359374999999
9.035	 0.2994831249999999
9.045	 0.2975137499999999
9.054999999999998	 0.2986868749999999
9.065	 0.30073249999999996
9.075	 0.2979190625
9.085	 0.30073249999999996
9.095	 0.2988490625
9.104999999999999	 0.299945625
9.114999999999998	 0.3018434375
9.124999999999998	 0.2989346874999999
9.134999999999998	 0.302158125
9.145	 0.30002187500000005
9.155000000000001	 0.30134250000000007
9.165000000000001	 0.3032496875000001
9.174999999999999	 0.3007937500000001
9.184999999999999	 0.3040221875
9.194999999999999	 0.30199093750000006
9.205	 0.30320218749999994
9.215	 0.3051525
9.225000000000001	 0.30240593749999994
9.235000000000001	 0.30567687499999996
9.245	 0.30345
9.254999999999999	 0.304623125
9.265	 0.3067640625
9.275	 0.30435125
9.285	 0.3076984375000001
9.295	 0.30547156250000007
9.305	 0.3067256250000001
9.315	 0.30872343750000014
9.325000000000001	 0.3062390625000001
9.335	 0.3097631250000001
9.345	 0.30808468750000007
9.355	 0.3094818750000001
9.364999999999998	 0.31145125000000007
9.374999999999998	 0.30904312500000003
9.384999999999998	 0.31256218750000003
9.395	 0.3106546875
9.405	 0.311923125
9.415000000000001	 0.31428343750000004
9.424999999999999	 0.3117990625
9.434999999999999	 0.3153515625
9.444999999999999	 0.31351593750000006
9.455	 0.31506562500000007
9.465	 0.31707812500000004
9.475000000000001	 0.3144509375
9.485000000000001	 0.31779375000000004
9.495	 0.31577218749999997
9.504999999999999	 0.3173359375
9.515	 0.319166875
9.525	 0.3164584375
9.535	 0.31979156249999996
9.545	 0.31776031250000003
9.555	 0.31935781250000006
9.565000000000001	 0.3211887500000001
9.575	 0.3185709375000001
9.585	 0.32165125000000006
9.595	 0.31938156250000005
9.605	 0.3207740625
9.615	 0.322853125
9.624999999999998	 0.32042593750000004
9.634999999999998	 0.323649375
9.645	 0.32138437499999994
9.655	 0.322705
9.665	 0.324698125
9.674999999999999	 0.3222709375
9.684999999999999	 0.32577093749999997
9.694999999999999	 0.32353468750000003
9.705	 0.324850625
9.715	 0.32674375000000005
9.725	 0.32438343750000004
9.735000000000001	 0.32744937500000004
9.745	 0.32519406250000005
9.754999999999999	 0.32663875
9.765	 0.3284221875
9.775	 0.3260903125
9.785	 0.32949468750000005
9.795	 0.32742499999999997
9.805	 0.32907468749999996
9.815000000000001	 0.33085781249999996
9.825	 0.32815437499999994
9.835	 0.3315159374999999
9.845	 0.3295131249999999
9.855	 0.33118187499999985
9.865	 0.3329224999999999
9.874999999999998	 0.3303571875
9.884999999999998	 0.33387156249999994
9.895	 0.33171625
9.905	 0.3333565625
9.915	 0.3352353125
9.924999999999999	 0.33276062500000003
9.934999999999999	 0.3357978125
9.945	 0.3334565625
9.955	 0.33513500000000007
9.965	 0.3369421875000001
9.975	 0.33464406250000006
9.985	 0.33764343750000003
9.995	 0.3353403125
10.005	 0.3367565625000001
10.015	 0.33861125
10.025	 0.33608406250000006
10.035	 0.33976999999999996
10.045	 0.33733812500000004
10.055	 0.3387971875
10.065	 0.34098093749999997
10.075000000000001	 0.33854906249999994
10.084999999999999	 0.34204406249999997
10.095	 0.3395596875
10.105	 0.34097125
10.115	 0.34266406250000003
10.124999999999998	 0.3404515625
10.134999999999998	 0.3439375
10.145	 0.34188687500000003
10.155	 0.34352718750000005
10.165	 0.34524375000000007
10.174999999999999	 0.3429312500000001
10.184999999999999	 0.34636906250000005
10.195	 0.3441515625000001
10.205	 0.3456534375000001
10.215	 0.3474415625000001
10.225	 0.34510031250000006
10.235	 0.348519375
10.245	 0.3462303125
10.255	 0.3479375
10.265	 0.349735
10.275	 0.34736031250000005
10.285	 0.35083656250000006
10.295	 0.3483996875
10.305	 0.3502496875
10.315	 0.35181375000000004
10.325000000000001	 0.34966781250000006
10.335	 0.3530009375
10.344999999999999	 0.350874375
10.355	 0.35214281250000007
10.365	 0.35395000000000004
10.374999999999998	 0.3517090625
10.385	 0.35472750000000003
10.395	 0.3523575
10.405	 0.35387406250000003
10.415	 0.35547625
10.424999999999999	 0.3534115625
10.434999999999997	 0.35681625
10.445	 0.3542415625
10.455	 0.35575312500000006
10.465	 0.35736500000000004
10.475	 0.35486656250000004
10.485	 0.3580518750000001
10.495	 0.3554578125000001
10.505	 0.35701250000000007
10.515	 0.3584956250000001
10.525	 0.3560971875000001
10.535	 0.35935875000000006
10.545	 0.35695562500000005
10.555	 0.358405
10.565	 0.3598453125
10.575000000000001	 0.35729906250000004
10.585	 0.36036062500000005
10.594999999999999	 0.3579909375
10.605	 0.35948812500000005
10.615	 0.3608996875
10.624999999999998	 0.35837250000000004
10.635	 0.361786875
10.645	 0.35910250000000005
10.655	 0.36069531250000003
10.665	 0.3620446875
10.674999999999999	 0.3595365625
10.684999999999997	 0.362769375
10.695	 0.36027062499999996
10.705	 0.3619109375
10.715	 0.364033125
10.725	 0.3618109375
10.735	 0.365420625
10.745	 0.362926875
10.754999999999999	 0.36471031249999997
10.765	 0.3662884375
10.775000000000002	 0.36425218750000005
10.785	 0.36771406250000005
10.795	 0.36563968750000003
10.805	 0.36767593750000005
10.815	 0.36965968750000006
10.825000000000001	 0.36784750000000005
10.835	 0.37145718750000006
10.845	 0.36934468750000005
10.854999999999999	 0.37126156250000003
10.865	 0.3730446875
10.875	 0.37139031250000004
10.885	 0.37529531250000003
10.895000000000001	 0.37343093750000006
10.905	 0.3756003125
10.915	 0.3774596875
10.924999999999999	 0.375843125
10.934999999999999	 0.3796721874999999
10.944999999999999	 0.37785062499999994
10.955	 0.3800009374999999
10.965	 0.3817268749999999
10.975	 0.38018187499999995
10.985	 0.3840681249999999
10.995	 0.3822943749999999
11.004999999999999	 0.38441156249999997
11.015	 0.38616156249999994
11.025000000000002	 0.3844975
11.035	 0.38761593749999995
11.045	 0.38555593749999995
11.055	 0.38761593749999995
11.065	 0.389265625
11.075000000000001	 0.38759187500000003
11.085	 0.3912778125
11.095	 0.38900812500000004
11.104999999999999	 0.3908821875
11.115	 0.392303125
11.125	 0.39012874999999997
11.135	 0.39326625000000004
11.145000000000001	 0.390705625
11.155	 0.3925221875
11.165	 0.393924375
11.174999999999999	 0.3921125
11.184999999999999	 0.39527875
11.194999999999999	 0.3925321875
11.204999999999998	 0.3940725
11.215	 0.39513562499999993
11.225	 0.39293281249999995
11.235	 0.39609437499999994
11.244999999999997	 0.3931809374999999
11.254999999999999	 0.3947543749999999
11.265	 0.3958940624999999
11.275000000000002	 0.39381499999999997
11.285000000000002	 0.3971528125
11.295	 0.3941821875
11.305	 0.395703125
11.315	 0.39656593749999997
11.325000000000001	 0.3944440625
11.335	 0.3975340625
11.345	 0.3946825
11.355	 0.396318125
11.364999999999998	 0.39780125000000005
11.375	 0.3954409375000001
11.385	 0.3986596875000001
11.395000000000001	 0.395760625
11.405000000000001	 0.39730093749999995
11.415	 0.39820218749999997
11.424999999999999	 0.39628500000000005
11.434999999999999	 0.39968968750000006
11.444999999999999	 0.3972243750000001
11.454999999999998	 0.39903625000000004
11.465	 0.40001875000000003
11.475	 0.39788250000000003
11.485	 0.40121062500000004
11.494999999999997	 0.398445
11.504999999999999	 0.40027124999999997
11.515	 0.4016109375
11.525000000000002	 0.3998325
11.535000000000002	 0.40351374999999995
11.545	 0.401015
11.555	 0.4027696875
11.565	 0.40399031249999995
11.575000000000001	 0.40203531249999996
11.585	 0.40527312499999996
11.595	 0.402626875
11.605	 0.4044675
11.614999999999998	 0.405945625
11.625	 0.4043340625
11.635	 0.4078103125
11.645000000000001	 0.40516875
11.655000000000001	 0.40711906249999996
11.665	 0.40826843749999997
11.674999999999999	 0.4066803125
11.684999999999999	 0.409784375
11.694999999999997	 0.4073190625
11.704999999999998	 0.40917875
11.715	 0.41036125
11.725	 0.40870656250000004
11.735	 0.41249250000000004
11.744999999999997	 0.4099225000000001
11.754999999999999	 0.4119206250000001
11.765	 0.4130793750000001
11.775	 0.41141531250000013
11.785000000000002	 0.4151393750000001
11.795000000000002	 0.41300312500000014
11.805	 0.41491062500000014
11.815	 0.41601187500000014
11.825000000000001	 0.4145575000000001
11.835	 0.41778093750000006
11.845	 0.4151343750000001
11.855	 0.4170178125
11.865	 0.41801937499999997
11.874999999999998	 0.4166271875
11.885	 0.42006531249999995
11.895	 0.41760968749999994
11.905000000000001	 0.41977906249999997
11.915000000000001	 0.42072312500000003
11.924999999999999	 0.4190446875
11.934999999999999	 0.42227750000000003
11.944999999999999	 0.4195834375
11.954999999999998	 0.4217578125
11.965	 0.423006875
11.975	 0.421514375
11.985	 0.424880625
11.994999999999997	 0.42219625
12.004999999999999	 0.42409875
12.015	 0.42572000000000004
12.025	 0.42408906250000006
12.035000000000002	 0.42773687500000007
12.045000000000002	 0.42536687500000003
12.055	 0.4272837500000001
12.065	 0.42831843750000004
12.075000000000001	 0.42690687499999996
12.085	 0.43053093749999993
12.095	 0.42796562499999996
12.105	 0.43000625
12.115	 0.4310078125
12.124999999999998	 0.4294675
12.135	 0.4331296875
12.145	 0.4304309375
12.155000000000001	 0.43262937500000004
12.165000000000001	 0.43356875
12.174999999999999	 0.43213375
12.184999999999999	 0.4357528125
12.194999999999999	 0.43305375
12.204999999999998	 0.4351565625
12.215	 0.4360053125
12.225	 0.434508125
12.235	 0.4377696875
12.244999999999997	 0.43483250000000007
12.254999999999999	 0.43642531250000005
12.264999999999999	 0.43686375
12.275	 0.43489437499999994
12.285	 0.43773656250000004
12.295000000000002	 0.4342984375000001
12.305	 0.435771875
12.315	 0.4355525
12.325000000000001	 0.43281093749999994
12.335	 0.4341271875
12.345	 0.4297021875
12.355	 0.42968781250000004
12.365	 0.42852937500000005
12.375	 0.424981875
12.384999999999998	 0.4265315625
12.395	 0.4218825
12.405000000000001	 0.4221303125
12.415000000000001	 0.421376875
12.425	 0.41844937499999996
12.434999999999999	 0.42040437499999994
12.444999999999999	 0.41655156249999997
12.454999999999998	 0.41737656249999994
12.465	 0.41721437499999997
12.475	 0.414820625
12.485	 0.4173621875
12.495	 0.4140909375
12.504999999999999	 0.41595531249999995
12.514999999999999	 0.41649406249999993
12.525	 0.41540218749999996
12.535	 0.41962218749999997
12.545000000000002	 0.417676875
12.555	 0.42118625000000004
12.565	 0.42353218750000005
12.575000000000001	 0.42386125
12.585	 0.42892062500000006
12.595	 0.42780968750000004
12.605	 0.4316575
12.615	 0.4344659375
12.625	 0.4350953125
12.634999999999998	 0.44054062499999996
12.645	 0.44000656250000003
12.655000000000001	 0.4446793750000001
12.665000000000001	 0.4488184375
12.675	 0.45043500000000003
12.684999999999999	 0.45691499999999996
12.694999999999999	 0.4572771875
12.704999999999998	 0.46219812500000007
12.715	 0.46563125000000005
12.725	 0.4670428125
12.735	 0.47293656250000005
12.745	 0.47250250000000005
12.754999999999999	 0.4767653125
12.764999999999999	 0.47923062499999985
12.775	 0.47981249999999986
12.785	 0.4848146874999999
12.795000000000002	 0.4836128124999999
12.805	 0.4871793749999999
12.815	 0.48862406249999996
12.825000000000001	 0.487694375
12.835	 0.4913421874999999
12.845	 0.48869093749999987
12.855	 0.49052187499999994
12.865	 0.49045968749999996
12.875	 0.48820906250000007
12.885	 0.4907125
12.894999999999998	 0.48680249999999997
12.905000000000001	 0.48801375
12.915000000000001	 0.4875796875
12.925	 0.48511468750000003
12.934999999999999	 0.4871318750000001
12.944999999999999	 0.48342218750000004
12.954999999999998	 0.4849434375
12.964999999999998	 0.48500531250000006
12.975	 0.4830456250000001
12.985	 0.48516281250000004
12.995	 0.4817343750000001
13.004999999999999	 0.483231875
13.014999999999999	 0.48345125000000005
13.025	 0.4818159375
13.035	 0.4849296875000001
13.045	 0.4817968750000001
13.055000000000001	 0.4839090625
13.065000000000001	 0.48457656250000003
13.075000000000001	 0.48361812500000007
13.085	 0.48718000000000017
13.095	 0.48448562500000014
13.105	 0.48696500000000015
13.115	 0.48785218750000015
13.124999999999998	 0.4872800000000001
13.135	 0.4913712500000001
13.145	 0.48942093750000015
13.155	 0.4924203125000002
13.165000000000001	 0.4934456250000001
13.175	 0.4930165625000001
13.184999999999999	 0.4971700000000001
13.194999999999999	 0.4952340625000001
13.204999999999998	 0.4980996875000001
13.214999999999998	 0.4992581250000001
13.225	 0.49895750000000005
13.235	 0.5029725
13.245	 0.5012225
13.254999999999999	 0.5043171875000001
13.264999999999999	 0.5052853125000001
13.275	 0.5045271875
13.285	 0.50835125
13.295	 0.506200625
13.305000000000001	 0.509004375
13.315000000000001	 0.5104681249999999
13.325000000000001	 0.5097621875
13.335	 0.513243125
13.345	 0.510525
13.355	 0.5129090624999999
13.365	 0.5134525
13.374999999999998	 0.5122843749999999
13.385	 0.5151456249999999
13.395	 0.5119746874999999
13.405	 0.5142684374999998
13.415000000000001	 0.5146118749999998
13.425	 0.5136487499999998
13.434999999999999	 0.5164143749999999
13.444999999999999	 0.5135487499999999
13.454999999999998	 0.5155896874999999
13.464999999999998	 0.5158184375
13.475	 0.5146168749999999
13.485	 0.5179165625
13.495	 0.5150031249999999
13.504999999999999	 0.5172156249999998
13.514999999999999	 0.5174684374999998
13.525	 0.5164959375
13.535	 0.5198340625
13.545	 0.5167062499999999
13.555	 0.5190046875
13.565000000000001	 0.5190856249999999
13.575000000000001	 0.5182796875
13.585	 0.5213981249999999
13.595	 0.5187659374999999
13.605	 0.5210740625
13.615	 0.5214365625
13.624999999999998	 0.5206353125
13.635	 0.5233103124999999
13.645000000000001	 0.52035875
13.654999999999998	 0.5227953124999999
13.665000000000001	 0.5233056249999999
13.675	 0.522395
13.684999999999999	 0.5257615625
13.695	 0.5233296874999999
13.704999999999998	 0.5261093749999999
13.714999999999998	 0.5267625
13.724999999999998	 0.525999375
13.735	 0.5292321875
13.744999999999997	 0.5263521874999999
13.754999999999999	 0.5294134374999999
13.765	 0.5297281250000001
13.775	 0.5291512500000001
13.785	 0.532536875
13.795	 0.5301287500000001
13.805	 0.5329609375000001
13.815000000000001	 0.5335665625000001
13.825000000000001	 0.5332040625000001
13.835	 0.5367850000000001
13.845	 0.5344912500000001
13.855	 0.5376812500000001
13.865	 0.5389112500000002
13.874999999999998	 0.5391831250000001
13.885	 0.5430884375000001
13.895000000000001	 0.5409809375000001
13.904999999999998	 0.5445475
13.915000000000001	 0.5458684375
13.925	 0.54601625
13.934999999999999	 0.5504078125
13.945	 0.5485721874999999
13.954999999999998	 0.5522678124999999
13.964999999999998	 0.5541656249999998
13.974999999999998	 0.5546665624999999
13.985	 0.559210625
13.994999999999997	 0.5577084374999999
14.004999999999999	 0.561485
14.015	 0.5629203125
14.025	 0.5636546874999999
14.035	 0.568423125
14.045	 0.5674790625
14.055	 0.5719043749999999
14.065000000000001	 0.5740309374999999
14.075000000000001	 0.575299375
14.085	 0.5806209375
14.095	 0.5801918749999999
14.105	 0.5852940624999999
14.115	 0.5879406249999999
14.124999999999998	 0.5896478125
14.135	 0.595736875
14.145000000000001	 0.5961184374999999
14.154999999999998	 0.602121875
14.165000000000001	 0.6056934375
14.175	 0.6085209375
14.184999999999999	 0.6153731250000001
14.195	 0.6167750000000001
14.204999999999998	 0.6242471875000001
14.214999999999998	 0.6294731250000001
14.224999999999998	 0.6343368750000001
14.235	 0.6435684375000001
14.244999999999997	 0.6477025000000002
14.254999999999999	 0.6574109375000001
14.265	 0.665574375
14.275	 0.6736328125000001
14.285	 0.6858015625000001
14.295	 0.6934784375000002
14.305	 0.7075978125
14.315	 0.7202865625
14.325000000000001	 0.7329990625
14.335000000000003	 0.750723125
14.345	 0.7635740625000002
14.355	 0.7827571875
14.365	 0.8004049999999999
14.375	 0.8186106249999999
14.385	 0.842028125
14.395000000000001	 0.859961875
14.405000000000001	 0.8843471875
14.414999999999997	 0.9067821875
14.425	 0.9296749999999999
14.434999999999999	 0.957040625
14.445	 0.979118125
14.455	 1.0070656249999999
14.464999999999998	 1.0325428124999998
14.474999999999998	 1.0580106249999996
14.485	 1.0873743749999998
14.494999999999997	 1.1111734375
14.504999999999999	 1.1403131249999998
14.515	 1.1661909374999997
14.525	 1.1910865624999998
14.535	 1.2194821875
14.545	 1.241569375
14.555	 1.268229375
14.565	 1.2910890625
14.575000000000001	 1.3128996875
14.585000000000003	 1.3371896875
14.595	 1.354670625
14.605	 1.3764287499999999
14.615	 1.3940146875
14.625	 1.4094784374999998
14.635	 1.4271165624999997
14.645000000000001	 1.4375209374999998
14.655000000000001	 1.4517496874999998
14.664999999999997	 1.4614675
14.675	 1.4691353125
14.684999999999999	 1.4787865624999998
14.695	 1.4808034375000003
14.705	 1.4862775000000001
14.714999999999998	 1.4877365624999999
14.724999999999998	 1.4872312500000002
14.735	 1.4885665625
14.744999999999997	 1.4826109375
14.754999999999999	 1.4808753125000003
14.765	 1.4750387500000002
14.775	 1.4677096875000002
14.785	 1.4626934375000002
14.795	 1.4507678125
14.805	 1.443476875
14.815	 1.4323474999999999
14.825000000000001	 1.4205075
14.835000000000003	 1.4118340625
14.845	 1.397028125
14.855	 1.3869859375
14.865	 1.3734771875
14.875	 1.359725
14.885	 1.349596875
14.895000000000001	 1.33368
14.905000000000001	 1.3231943750000001
14.914999999999997	 1.3097665625000001
14.925	 1.2963675
14.934999999999999	 1.2865206249999999
14.945	 1.2714525
14.955	 1.2622162500000003
14.964999999999998	 1.2505290624999998
14.974999999999998	 1.2389990624999998
14.985	 1.2312887499999998
14.994999999999997	 1.2185046875
15.004999999999999	 1.211790625
15.015	 1.202811875
15.025	 1.1941525
15.035	 1.189946875
15.045	 1.1807199999999998
15.055	 1.1781449999999998
15.065	 1.1730999999999998
15.075000000000001	 1.1689228124999997
15.085000000000003	 1.1690040624999998
15.095	 1.1641546875000002
15.105	 1.166005
15.115	 1.1654615625
15.125	 1.165814375
15.135	 1.1705253125000001
15.145000000000001	 1.1702296875
15.155000000000001	 1.1761421875
15.165	 1.1796993750000002
15.174999999999999	 1.1841768750000001
15.184999999999999	 1.1927362500000003
15.195	 1.1963793750000002
15.205	 1.2060831250000004
15.215	 1.2128018750000003
15.224999999999998	 1.2201928125000001
15.234999999999998	 1.2314415624999997
15.244999999999997	 1.2370778125
15.254999999999999	 1.2486603124999998
15.264999999999999	 1.2573484374999997
15.275	 1.2660221874999997
15.285	 1.2779146874999996
15.295	 1.2840184374999997
15.305	 1.2958534374999995
15.315	 1.3041931249999996
15.325000000000001	 1.3123281249999994
15.335000000000003	 1.3233715624999995
15.345000000000002	 1.3285453124999997
15.355	 1.3386159374999997
15.365	 1.3450149999999998
15.375	 1.3511328124999997
15.385	 1.35986375
15.395000000000001	 1.3622718750000002
15.405000000000001	 1.3698296875000002
15.415	 1.3734106250000002
15.424999999999999	 1.3768103125000002
15.434999999999999	 1.3826134374999999
15.445	 1.3821653125000002
15.455	 1.3867334375000002
15.465	 1.3873103125000004
15.474999999999998	 1.3875440625000002
15.484999999999998	 1.3907246875000001
15.494999999999997	 1.3877587500000002
15.504999999999999	 1.3898471875
15.514999999999999	 1.3879065625
15.525	 1.38606125
15.535	 1.386995625
15.545	 1.38198875
15.555	 1.3821649999999996
15.565	 1.3788081249999997
15.575000000000001	 1.3756706249999997
15.585000000000003	 1.3752081250000001
15.595000000000002	 1.369033125
15.605	 1.368518125
15.615	 1.3643456250000001
15.625	 1.3603162500000003
15.635	 1.3593006250000002
15.645000000000001	 1.3529825000000002
15.655000000000001	 1.3522959375
15.665	 1.3480378125000003
15.674999999999999	 1.3441468750000005
15.684999999999999	 1.3433506250000002
15.695	 1.3367415625000003
15.705	 1.3360834375000004
15.715	 1.3318968750000002
15.724999999999998	 1.3279534375000004
15.734999999999998	 1.3271571875000006
15.744999999999997	 1.3204243750000002
15.754999999999999	 1.3196756250000004
15.764999999999999	 1.315326875
15.775	 1.3112215625
15.785	 1.3100056250000003
15.795	 1.3030725
15.805	 1.3016800000000002
15.815	 1.2966781250000001
15.825000000000001	 1.2920956250000002
15.835000000000003	 1.2905600000000002
15.845000000000002	 1.2829065625000002
15.855	 1.2811518750000004
15.865	 1.2757256250000002
15.875	 1.2707331250000002
15.885	 1.2686015625
15.895000000000003	 1.2605715625
15.905000000000003	 1.2583587500000002
15.915	 1.2527175000000002
15.924999999999999	 1.247453125
15.934999999999999	 1.2452503125
15.945	 1.2372778125
15.955000000000002	 1.23504625
15.965	 1.2287471875
15.974999999999998	 1.2234924999999999
15.985	 1.22089375
15.994999999999997	 1.2127493749999998
16.005	 1.210174375
16.015	 1.2040709374999998
16.025	 1.1986971875
16.035	 1.1961175
16.045	 1.1879540624999998
16.055	 1.1853743749999999
16.064999999999998	 1.1792231249999998
16.075	 1.1739303125
16.085	 1.1712884375000001
16.095	 1.1632728125000003
16.105	 1.1610509375000002
16.115	 1.1551618750000001
16.125	 1.1500359375
16.134999999999998	 1.147675625
16.145	 1.1398315625
16.154999999999998	 1.137714375
16.165	 1.13206875
16.175	 1.1268284375
16.185	 1.1247159375
16.195	 1.1171771874999998
16.205	 1.1156321875
16.215	 1.110325
16.225	 1.1060528125
16.235	 1.1043221875
16.244999999999997	 1.0971790625000002
16.254999999999995	 1.0959771875000002
16.265	 1.0912371875000002
16.275	 1.0872890625
16.285	 1.0862353125000002
16.295	 1.0794975000000002
16.305	 1.0790300000000002
16.314999999999998	 1.0747862500000003
16.325	 1.0716534375000002
16.335	 1.0712909375000004
16.345	 1.0652159375
16.355	 1.0652493750000003
16.365	 1.0616540625000002
16.375	 1.0590981250000002
16.384999999999998	 1.0591981250000002
16.395	 1.05377625
16.404999999999998	 1.0546250000000001
16.415	 1.0515540625000004
16.425	 1.0498468750000003
16.435	 1.05073875
16.445	 1.0459275000000001
16.455	 1.0472293750000001
16.465	 1.0448596875000002
16.475	 1.0434006250000003
16.485	 1.044816875
16.494999999999997	 1.04106875
16.504999999999995	 1.04297625
16.515	 1.0408925
16.525	 1.0402296874999999
16.535	 1.0420559375
16.545	 1.0380934375
16.555	 1.0402628125
16.565	 1.0386606250000001
16.575	 1.03816
16.585	 1.0401534374999999
16.595	 1.0368728125
16.605	 1.0395096874999998
16.615	 1.0379553124999998
16.625	 1.03732125
16.634999999999998	 1.0391953125000002
16.644999999999996	 1.0357859375
16.654999999999998	 1.0382703125000001
16.665	 1.0368540625
16.675	 1.0368968749999998
16.685000000000002	 1.0390903125
16.695	 1.0358384375
16.705	 1.038628125
16.715	 1.0373600000000003
16.725	 1.03733625
16.735	 1.039625
16.744999999999997	 1.0363253124999998
16.754999999999995	 1.0391765625000002
16.764999999999997	 1.0380415625000001
16.775	 1.03819875
16.785	 1.0406162500000002
16.795	 1.0379268750000001
16.805	 1.0408068750000001
16.815	 1.0397150000000002
16.825	 1.039881875
16.835	 1.042638125
16.845	 1.0397962500000002
16.855	 1.0430196875000002
16.865	 1.0422900000000002
16.875	 1.0431959375000002
16.884999999999998	 1.0460571875000002
16.894999999999996	 1.043415625
16.904999999999998	 1.04725875
16.915	 1.04684375
16.925	 1.0480025
16.935000000000002	 1.0515309375000002
16.945	 1.0498525
16.955	 1.0544109375000001
16.965	 1.05476375
16.975	 1.0563325000000001
16.985	 1.0604046875000002
16.994999999999997	 1.0590646875000003
17.004999999999995	 1.06428125
17.014999999999997	 1.06541125
17.025	 1.0681721875
17.035	 1.0734221874999996
17.045	 1.0730549999999999
17.055	 1.0792681249999998
17.065	 1.0815428125000002
17.075	 1.0855865625000003
17.085	 1.0920524999999999
17.095	 1.0934449999999998
17.105	 1.1014128124999998
17.115	 1.10540875
17.125	 1.1117315625000002
17.134999999999998	 1.120348125
17.144999999999996	 1.1240053124999998
17.154999999999994	 1.134238125
17.165	 1.1404800000000002
17.175	 1.1488056249999998
17.185000000000002	 1.15995875
17.195000000000004	 1.1657668749999999
17.205	 1.17826
17.215	 1.187176875
17.224999999999998	 1.1976578125000001
17.235	 1.2106134375000002
17.245	 1.2182284375
17.254999999999995	 1.23248125
17.264999999999997	 1.2426996874999998
17.274999999999995	 1.2548543749999999
17.285	 1.2690118749999997
17.295	 1.2781387499999997
17.305000000000003	 1.2934834374999997
17.315	 1.3044459375
17.325000000000003	 1.3171346875
17.335	 1.3317928125000003
17.345	 1.3411290625
17.355	 1.3562971875000003
17.365	 1.367345625
17.375	 1.3800390624999999
17.384999999999998	 1.3943678125
17.394999999999996	 1.4031178125000001
17.404999999999994	 1.417985625
17.415	 1.4281325
17.425	 1.4397196875
17.435000000000002	 1.4526896875
17.445000000000004	 1.4602665625
17.455	 1.4733890625000001
17.465	 1.48188625
17.474999999999998	 1.4914993750000003
17.485	 1.5027478125
17.495	 1.508365
17.504999999999995	 1.5192321874999997
17.514999999999997	 1.5251878124999998
17.524999999999995	 1.5325262499999999
17.535	 1.5412140625
17.545	 1.5440034375
17.555000000000003	 1.5522434375
17.565	 1.5558293749999998
17.575000000000003	 1.5607550000000001
17.585	 1.5666821874999999
17.595	 1.5671112500000002
17.605	 1.5730956249999999
17.615	 1.5742065625
17.625	 1.5766765624999999
17.634999999999998	 1.580066875
17.644999999999996	 1.5778734374999999
17.654999999999994	 1.5813684375000001
17.665	 1.5797234374999998
17.675	 1.579756875
17.685000000000002	 1.5807962500000003
17.695000000000004	 1.576023125
17.705000000000002	 1.5770196875000002
17.715	 1.5729950000000004
17.724999999999998	 1.5703056250000005
17.735	 1.5688228125
17.745	 1.5616940625
17.754999999999995	 1.5605306250000002
17.764999999999997	 1.5540171875
17.774999999999995	 1.5494109375
17.784999999999997	 1.5461256250000002
17.795	 1.5370084375
17.805000000000003	 1.5338137499999998
17.815000000000005	 1.5257024999999997
17.825000000000003	 1.5196896875
17.835	 1.5150737500000002
17.845	 1.5051365625000002
17.855	 1.5007831250000003
17.865	 1.4920046875000006
17.875	 1.4855290625000002
17.884999999999998	 1.4801643750000004
17.894999999999996	 1.4695403125
17.904999999999994	 1.4655253125
17.914999999999996	 1.45645125
17.925	 1.4499900000000001
17.935000000000002	 1.4452121875000001
17.945000000000004	 1.4354846875000002
17.955000000000002	 1.432504375
17.965	 1.4248175
17.974999999999998	 1.4199253125
17.985	 1.417011875
17.995	 1.4093490625000002
18.004999999999995	 1.4082381250000002
18.014999999999997	 1.4027306250000002
18.024999999999995	 1.4000128125000002
18.034999999999997	 1.3992546875000003
18.045	 1.3940237500000001
18.055000000000003	 1.3956496875000002
18.065000000000005	 1.3929890625000003
18.075000000000003	 1.3930175000000002
18.085	 1.3948009375000001
18.095	 1.3926025000000002
18.105	 1.3965268750000004
18.115	 1.3966984375
18.125	 1.399459375
18.134999999999998	 1.4043471875
18.144999999999996	 1.4039893749999999
18.154999999999994	 1.4103599999999998
18.164999999999996	 1.4122768749999997
18.175	 1.4171884374999997
18.185000000000002	 1.42335375
18.195000000000004	 1.4249656249999998
18.205000000000002	 1.4331865624999998
18.215	 1.4367487499999996
18.224999999999998	 1.4427949999999998
18.235	 1.450424375
18.245	 1.4531612499999997
18.254999999999995	 1.461725
18.264999999999997	 1.4655159375
18.274999999999995	 1.4716909375
18.284999999999997	 1.479225
18.295	 1.4812371875
18.305000000000003	 1.4894675000000002
18.315000000000005	 1.4924665625000002
18.325000000000006	 1.4978928125000002
18.335000000000004	 1.5044065625
18.345000000000002	 1.5060278125000004
18.355	 1.5132425000000003
18.365	 1.515293125
18.375	 1.5193653125
18.384999999999998	 1.5244340625
18.394999999999996	 1.5242434374999998
18.404999999999994	 1.5303324999999999
18.414999999999996	 1.5305853124999997
18.424999999999997	 1.5334606249999998
18.435000000000002	 1.5372134375
18.445000000000004	 1.5359593749999998
18.455000000000002	 1.5401171874999997
18.465000000000003	 1.5395496874999999
18.475	 1.5411615625
18.485	 1.5437603125000001
18.495	 1.54121875
18.505	 1.5449478125
18.514999999999997	 1.5434503125
18.524999999999995	 1.5445375
18.534999999999997	 1.5465259375000002
18.544999999999998	 1.54343625
18.555000000000003	 1.5465546875
18.565000000000005	 1.5445331249999998
18.575000000000006	 1.5455346875
18.585000000000004	 1.5474181250000003
18.595000000000002	 1.5443046875000002
18.605	 1.5474853125
18.615	 1.5458878125000002
18.625	 1.546779375
18.634999999999998	 1.5489968750000003
18.644999999999996	 1.5462121875000001
18.654999999999994	 1.5498693750000003
18.664999999999996	 1.5480381250000004
18.674999999999997	 1.5494162500000002
18.685000000000002	 1.5517287500000003
18.695000000000004	 1.5493015625000002
18.705000000000002	 1.5530400000000002
18.715000000000003	 1.5518096875000003
18.725	 1.5532306250000003
18.735	 1.5556959375000003
18.745	 1.5533643750000001
18.755	 1.5570884375
18.764999999999997	 1.5556053125
18.774999999999995	 1.5570740625
18.784999999999997	 1.5594537499999999
18.794999999999998	 1.5570740625
18.805000000000003	 1.561055625
18.815000000000005	 1.559739375
18.825000000000006	 1.5613749999999997
18.835000000000004	 1.5635399999999997
18.845000000000002	 1.5612128124999998
18.855	 1.565141875
18.865	 1.5638828124999997
18.875	 1.5653706250000001
18.884999999999998	 1.5676212500000002
18.894999999999996	 1.5654562500000002
18.904999999999994	 1.5693187499999999
18.914999999999996	 1.5681075
18.924999999999997	 1.5697
18.935000000000002	 1.5721034375
18.945000000000004	 1.570205625
18.955000000000002	 1.5741490624999999
18.965000000000003	 1.5730809374999999
18.975	 1.5746546874999998
18.985	 1.57733
18.995	 1.5755893749999998
19.005	 1.5798093749999997
19.014999999999997	 1.5789465624999999
19.024999999999995	 1.5811256249999999
19.034999999999997	 1.5841106249999999
19.044999999999998	 1.5824321874999998
19.055	 1.5869906249999999
19.065000000000005	 1.5864134374999996
19.075000000000006	 1.58893125
19.085000000000004	 1.5922406249999999
19.095000000000002	 1.591239375
19.105	 1.5961031250000002
19.115	 1.5958887500000003
19.125	 1.59856375
19.134999999999998	 1.6019778125
19.144999999999996	 1.6011384375
19.154999999999994	 1.6065218749999999
19.164999999999996	 1.6065218749999999
19.174999999999997	 1.6095737499999998
19.185	 1.6137175
19.195000000000004	 1.6133834375
19.205000000000002	 1.6189146875
19.215000000000003	 1.6192103125
19.225000000000005	 1.6227628125
19.235	 1.627054375
19.245	 1.6270449999999999
19.255	 1.6330340625
19.264999999999997	 1.6333915625000002
19.274999999999995	 1.6371059375
19.284999999999997	 1.6417075000000003
19.294999999999998	 1.6417884375000005
19.305	 1.6478537500000003
19.315000000000005	 1.6483687500000004
19.325000000000006	 1.6524646875000004
19.335000000000004	 1.6571281250000003
19.345000000000002	 1.657256875
19.355	 1.6634509375
19.365	 1.6643140625
19.375	 1.6684768750000003
19.384999999999998	 1.6731784375000003
19.394999999999996	 1.6734550000000001
19.404999999999994	 1.6796634375
19.414999999999996	 1.6803737499999998
19.424999999999997	 1.6846412499999996
19.435	 1.6895906249999995
19.445000000000004	 1.6902771875
19.455000000000002	 1.6968718749999998
19.465000000000003	 1.6976871874999997
19.475000000000005	 1.701955
19.485	 1.7067903125
19.495	 1.7070762500000003
19.505	 1.7135421875000008
19.514999999999997	 1.7141668750000003
19.524999999999995	 1.7184584375000003
19.534999999999997	 1.7230553125000003
19.544999999999998	 1.7235462500000005
19.555	 1.7296162500000003
19.565000000000005	 1.7300118750000002
19.575000000000006	 1.7339456250000005
19.585000000000004	 1.7382612500000003
19.595000000000002	 1.7386237500000006
19.605	 1.7445175000000002
19.615	 1.7450850000000002
19.625	 1.7489662500000003
19.634999999999998	 1.7533578125
19.644999999999996	 1.7534534375
19.654999999999994	 1.7595140624999999
19.664999999999996	 1.75993375
19.674999999999997	 1.7636628125
19.685	 1.767801875
19.695000000000004	 1.7675493750000002
19.705000000000002	 1.7731715625
19.715000000000003	 1.7734621874999998
19.725000000000005	 1.7772053125
19.735000000000003	 1.78123
19.745	 1.7811965625000001
19.755	 1.7866325
19.764999999999997	 1.7865753125000001
19.774999999999995	 1.790146875
19.784999999999997	 1.7940475
19.794999999999998	 1.7937659375000001
19.805	 1.7992971875000001
19.815	 1.7994975
19.825000000000003	 1.8028306250000001
19.835000000000004	 1.8069315625000002
19.845000000000006	 1.806588125
19.855000000000004	 1.812019375
19.865000000000002	 1.81187625
19.875	 1.8156384374999999
19.884999999999998	 1.81964875
19.894999999999996	 1.819558125
19.904999999999994	 1.8253087499999998
19.914999999999996	 1.8251228124999999
19.924999999999997	 1.8287896875
19.935	 1.8328762500000002
19.945	 1.8326521875
19.955000000000002	 1.8380500000000004
19.965000000000003	 1.8379784375000003
19.975000000000005	 1.8415259375000002
19.985000000000003	 1.8456984375000003
19.994999999999997	 1.845779375
20.005	 1.8514487499999999
20.014999999999997	 1.8516728125
20.024999999999995	 1.8555396875000003
20.034999999999997	 1.8595071875000004
20.044999999999998	 1.8593975000000003
20.055	 1.8649953125
20.065	 1.8648381250000003
20.075000000000003	 1.8686290625000002
20.085000000000004	 1.8724581250000005
20.095000000000006	 1.8724534375000002
20.105000000000004	 1.878070625
20.115000000000002	 1.8780375
20.125	 1.8816328125
20.134999999999998	 1.8854521875
20.144999999999996	 1.8852565625
20.154999999999994	 1.8905256250000002
20.164999999999996	 1.8905781249999998
20.174999999999997	 1.8942640625
20.185	 1.898098125
20.195	 1.8974878124999999
20.205000000000002	 1.9029093750000001
20.215000000000003	 1.9025946875
20.225000000000005	 1.9060849999999998
20.235000000000003	 1.9098281249999998
20.244999999999997	 1.9095659374999996
20.255	 1.9147203124999999
20.264999999999997	 1.91442
20.274999999999995	 1.9180534375000002
20.284999999999997	 1.9216440625000002
20.294999999999998	 1.9211718750000002
20.305	 1.9261831250000003
20.315	 1.9256253125000002
20.325000000000003	 1.9290871875
20.335000000000004	 1.9323390624999999
20.345000000000006	 1.9319959374999998
20.355000000000004	 1.9370884375
20.365000000000002	 1.9365925
20.375	 1.9400209374999997
20.384999999999998	 1.9433300000000002
20.394999999999996	 1.9431537500000002
20.404999999999994	 1.9480840625000002
20.414999999999996	 1.94752125
20.424999999999997	 1.9509925000000001
20.435	 1.9544493750000003
20.445	 1.9541203125000004
20.455000000000002	 1.9592415625000006
20.465000000000003	 1.9586265625000006
20.475000000000005	 1.9621028125000004
20.485000000000003	 1.9654978125000004
20.494999999999997	 1.9651209375000007
20.505	 1.9701228125000008
20.514999999999997	 1.9699368750000008
20.524999999999995	 1.9733559375000007
20.534999999999997	 1.976546250000001
20.544999999999998	 1.9761218750000007
20.555	 1.9811381250000006
20.565	 1.9806278125000008
20.575000000000003	 1.9841946875000005
20.585000000000004	 1.9877090625000005
20.595000000000006	 1.9874375000000006
20.605000000000004	 1.9925587500000006
20.615000000000002	 1.9921678125000004
20.625	 1.9957443750000003
20.634999999999998	 1.9992778125000001
20.644999999999996	 1.9992062500000003
20.654999999999994	 2.004570625
20.664999999999996	 2.0040509375
20.674999999999997	 2.0076509375
20.685	 2.01098875
20.695	 2.0109125000000003
20.705	 2.0164725
20.715000000000003	 2.015785625
20.725000000000005	 2.0195575000000003
20.735000000000003	 2.0230243750000003
20.745	 2.0228956250000003
20.755	 2.0279978125
20.764999999999997	 2.027449375
20.774999999999995	 2.0310446875
20.784999999999997	 2.0345734375
20.794999999999998	 2.0342584375
20.805	 2.0398565625000007
20.815	 2.0393703125
20.825000000000003	 2.042994375
20.835000000000004	 2.0466087500000003
20.845000000000006	 2.0464131250000004
20.855000000000004	 2.0518918750000004
20.865000000000002	 2.0514196875
20.875	 2.0550437500000003
20.884999999999998	 2.058400625
20.894999999999996	 2.058248125
20.904999999999994	 2.0634503125
20.914999999999996	 2.0629065625000003
20.924999999999997	 2.06651125
20.935	 2.0695821875
20.945	 2.06952
20.955	 2.0744599999999997
20.965000000000003	 2.0736303124999997
20.975000000000005	 2.0772259374999997
20.985000000000003	 2.0803968749999995
20.995	 2.080191875
21.005	 2.0853131250000003
21.014999999999997	 2.0845884375
21.024999999999995	 2.0880646874999997
21.034999999999997	 2.0913262500000003
21.044999999999998	 2.0908971875000004
21.055	 2.0958846875
21.065	 2.095121875
21.075000000000003	 2.0988459375
21.085000000000004	 2.1019025
21.095000000000006	 2.101583125
21.105000000000004	 2.10671375
21.115000000000002	 2.1061224999999997
21.125	 2.1093078125
21.134999999999998	 2.112235625
21.144999999999996	 2.11232125
21.154999999999994	 2.1171040624999997
21.164999999999996	 2.1164746875000002
21.174999999999997	 2.1200365624999997
21.185	 2.123298125
21.195	 2.1232934374999997
21.205	 2.1283146875
21.215000000000003	 2.1276184375000002
21.225000000000005	 2.1311518749999996
21.235000000000003	 2.134370625
21.245	 2.1343087499999998
21.255	 2.1396349999999997
21.264999999999997	 2.1389196875
21.274999999999995	 2.1426915625
21.284999999999997	 2.1463918750000004
21.294999999999998	 2.1465728124999996
21.305	 2.1519465624999996
21.315	 2.1513362499999995
21.325000000000003	 2.1551699999999996
21.335000000000004	 2.1585268749999997
21.345000000000006	 2.1583884374999998
21.355000000000004	 2.163505
21.365000000000002	 2.1631234375
21.375000000000004	 2.1668953124999994
21.384999999999998	 2.1702568749999998
21.394999999999996	 2.1702999999999997
21.404999999999994	 2.1757121875
21.414999999999996	 2.1752734374999996
21.424999999999997	 2.1789309375
21.435	 2.1822021875
21.445	 2.1821593750000003
21.455	 2.1877812500000005
21.465	 2.1869181250000005
21.475	 2.1908234375000006
21.485000000000003	 2.1939706250000004
21.495	 2.1942328125
21.505	 2.1995640625000004
21.514999999999997	 2.1989631250000006
21.524999999999995	 2.2028350000000003
21.534999999999997	 2.20605375
21.544999999999998	 2.2063637500000004
21.555	 2.2117378125
21.565	 2.2111606249999998
21.575000000000003	 2.2150278125
21.585	 2.2182275
21.595000000000002	 2.2185515625
21.605000000000004	 2.2233534375
21.615000000000006	 2.2224618749999996
21.625000000000004	 2.226166874999999
21.634999999999998	 2.2292903124999994
21.644999999999996	 2.2293428125
21.654999999999994	 2.23431625
21.664999999999996	 2.2337775
21.674999999999997	 2.237577812499999
21.685	 2.2404628124999997
21.694999999999997	 2.2407393749999995
21.705	 2.2458415625
21.715	 2.2451643750000003
21.725	 2.2488884375000007
21.735000000000003	 2.2516159374999996
21.745	 2.2516109374999993
21.755	 2.2568753124999996
21.764999999999997	 2.2560503124999998
21.774999999999995	 2.2596981250000003
21.784999999999997	 2.2625450000000003
21.794999999999998	 2.2625784375
21.805	 2.2677950000000004
21.815	 2.2668034375
21.825000000000003	 2.2704796875
21.835	 2.2732643750000006
21.845000000000002	 2.273264375
21.855000000000004	 2.2784568750000007
21.865000000000006	 2.2775937500000007
21.875000000000004	 2.2811128125000004
21.884999999999998	 2.2839453125000007
21.894999999999996	 2.2839834375000003
21.904999999999994	 2.2889043749999995
21.914999999999996	 2.2879603125
21.924999999999997	 2.2916890624999997
21.935	 2.294678749999999
21.944999999999997	 2.295003124999999
21.955	 2.3001862499999994
21.965	 2.2993946875
21.975	 2.3031999999999995
21.985000000000003	 2.306018125
21.995	 2.3062946875000003
22.005	 2.3117543750000005
22.014999999999997	 2.3107912500000003
22.024999999999995	 2.3144915625
22.034999999999997	 2.3170043750000007
22.044999999999998	 2.3174384375000003
22.055	 2.3231034375
22.065	 2.3224596874999994
22.075000000000003	 2.32618375
22.085	 2.3291640624999994
22.095000000000002	 2.3296075
22.105000000000004	 2.3349528125
22.115000000000006	 2.3343709375
22.125000000000004	 2.3382140625000005
22.134999999999998	 2.3410987500000005
22.144999999999996	 2.3409940625000005
22.154999999999994	 2.3462728125000005
22.164999999999996	 2.3457625000000006
22.174999999999997	 2.3496440625
22.185	 2.3523334375
22.194999999999997	 2.3525765625
22.205	 2.3580365624999997
22.215	 2.3572784374999998
22.225	 2.3613221875000003
22.235000000000003	 2.36404
22.245	 2.3645121875
22.255	 2.3697146875
22.264999999999997	 2.3687562499999997
22.274999999999995	 2.3726378125
22.284999999999997	 2.37550375
22.294999999999998	 2.375885
22.305	 2.3808106249999996
22.315	 2.3802193749999994
22.325000000000003	 2.3840628125
22.335	 2.3867759375
22.345000000000002	 2.3871240625
22.355000000000004	 2.39248375
22.365000000000006	 2.3914346875
22.375000000000004	 2.3951634375
22.385	 2.3978624999999996
22.395	 2.3985824999999994
22.404999999999994	 2.4038609374999993
22.414999999999996	 2.4026353124999997
22.424999999999997	 2.40657875
22.435	 2.409110625
22.444999999999997	 2.409654375
22.455	 2.414685
22.465	 2.414131875
22.474999999999998	 2.4180656249999997
22.485000000000003	 2.4204737499999998
22.495	 2.4209218749999994
22.505	 2.4263337499999995
22.515	 2.4255278124999995
22.524999999999995	 2.429299375
22.534999999999997	 2.4318074999999997
22.544999999999998	 2.432589374999999
22.555	 2.4375246874999994
22.565	 2.436570937499999
22.575000000000003	 2.4404999999999997
22.585	 2.4432799999999997
22.595000000000002	 2.4439093749999996
22.605000000000004	 2.4489493749999998
22.615000000000006	 2.4478909375
22.625000000000004	 2.4521109375
22.635	 2.4544046875000003
22.645	 2.4549053125
22.654999999999994	 2.4598071875
22.664999999999996	 2.4590203125
22.674999999999997	 2.4631687500000004
22.685	 2.4658531249999998
22.694999999999997	 2.4665684375
22.705	 2.4719421875
22.715	 2.470740625
22.724999999999998	 2.4747509375
22.735000000000003	 2.4776740624999998
22.745	 2.4783084374999995
22.755	 2.4839446875
22.765	 2.482971875
22.774999999999995	 2.4871918749999997
22.784999999999997	 2.4898668749999997
22.794999999999998	 2.4906440625
22.805	 2.4961609375
22.815	 2.495140625
22.825000000000003	 2.4990603125
22.835	 2.5016828125000004
22.845000000000002	 2.5022168750000002
22.855000000000004	 2.507500312500001
22.865000000000006	 2.506408437500001
22.875000000000004	 2.5108478125000007
22.885	 2.513270000000001
22.895	 2.5139421875000005
22.904999999999994	 2.5187725000000003
22.914999999999996	 2.5179762500000007
22.924999999999997	 2.5222106250000005
22.935	 2.5248428125
22.944999999999997	 2.5257918750000004
22.955	 2.5311656250000003
22.965	 2.5304265625
22.974999999999998	 2.53490875
22.985000000000003	 2.5373406249999997
22.995	 2.5381084375000005
23.005	 2.543315625
23.015	 2.5423665625
23.024999999999995	 2.5463815625
23.034999999999997	 2.5489325
23.044999999999998	 2.5497240625
23.055	 2.5548500000000005
23.065	 2.553600625
23.075000000000003	 2.5574487500000003
23.085	 2.5598853125000005
23.095000000000002	 2.5604671875
23.105000000000004	 2.5657934375000004
23.115000000000006	 2.564735
23.125000000000004	 2.5687931250000005
23.135	 2.5712678125000004
23.145	 2.5719687500000004
23.154999999999994	 2.577309375000001
23.164999999999996	 2.576432187500001
23.174999999999997	 2.580828437500001
23.185	 2.5831315625000006
23.194999999999997	 2.5837134375
23.205	 2.588872812500001
23.215	 2.5878428125000004
23.224999999999998	 2.5924443750000004
23.235000000000003	 2.5946043750000003
23.245	 2.5954196875
23.255	 2.6006696875
23.265	 2.5997828125
23.274999999999995	 2.6039790625
23.284999999999997	 2.6063775000000007
23.294999999999998	 2.6071834375000003
23.305	 2.6123715625000004
23.315	 2.6114084375000006
23.325000000000003	 2.6157859375000005
23.335	 2.6181415625000004
23.345000000000002	 2.6190525000000004
23.355	 2.624521875
23.365000000000002	 2.6235871875
23.375000000000004	 2.6279406250000004
23.385	 2.630668125
23.395	 2.631555
23.404999999999998	 2.6368671874999996
23.414999999999996	 2.6361806249999993
23.424999999999997	 2.6405437499999995
23.435	 2.6429803124999998
23.444999999999997	 2.6440768749999997
23.455	 2.6495034374999995
23.465	 2.6488549999999997
23.474999999999998	 2.6532943749999998
23.485	 2.6557309374999996
23.495	 2.65701375
23.505	 2.6623303125000004
23.515	 2.661958437500001
23.525	 2.6665981250000006
23.534999999999997	 2.669292500000001
23.544999999999998	 2.670460625000001
23.555	 2.675968125000001
23.565	 2.6752481250000004
23.575000000000003	 2.6799162500000007
23.585	 2.6821431250000005
23.595000000000002	 2.68310625
23.605	 2.6884515625
23.615000000000002	 2.687865
23.625000000000004	 2.6925665624999997
23.635	 2.6949984374999993
23.645	 2.6956421875
23.654999999999998	 2.7007825
23.664999999999996	 2.7000765624999996
23.674999999999997	 2.7044587499999997
23.685	 2.7069143749999998
23.694999999999997	 2.7081781250000003
23.705	 2.7135234375
23.715	 2.71233625
23.724999999999998	 2.7168565625
23.735	 2.719416875
23.745	 2.7201128125
23.755	 2.72532
23.765	 2.7245284375
23.775	 2.7290203125000003
23.784999999999997	 2.7312184375
23.794999999999998	 2.7322390625
23.805	 2.7374509375000002
23.815	 2.7362778125
23.825000000000003	 2.7408031250000002
23.835	 2.7429584374999996
23.845000000000002	 2.7441506249999996
23.855	 2.7490809374999996
23.865000000000002	 2.7482084374999998
23.875000000000004	 2.7526046875000003
23.885	 2.7548078125
23.895	 2.756205
23.904999999999998	 2.7612496875
23.914999999999996	 2.760563125
23.924999999999997	 2.7649834374999998
23.935	 2.7671721874999995
23.944999999999997	 2.7684549999999994
23.955	 2.773866875
23.965	 2.773790312499999
23.974999999999998	 2.7785159374999995
23.985	 2.7807999999999997
23.995	 2.7821303124999996
24.005	 2.7874090624999996
24.015	 2.7867271875
24.025	 2.7913428124999995
24.034999999999997	 2.793998749999999
24.044999999999998	 2.795128749999999
24.055	 2.8000640624999993
24.065	 2.799696874999999
24.075000000000003	 2.8043890624999994
24.085	 2.8064012499999995
24.095000000000002	 2.8077981249999997
24.105	 2.8130146874999995
24.115000000000002	 2.8123946874999994
24.125000000000004	 2.8171678124999993
24.135	 2.8193993749999997
24.145	 2.8206724999999997
24.154999999999998	 2.8259318749999998
24.164999999999996	 2.825240312499999
24.174999999999997	 2.830037499999999
24.185	 2.832106874999999
24.194999999999997	 2.8334040624999997
24.205	 2.8385584374999997
24.215	 2.8374378124999993
24.224999999999998	 2.8422684374999996
24.235	 2.84447625
24.245	 2.8458209375
24.255	 2.850975625
24.265	 2.850174375
24.275	 2.8546471874999995
24.284999999999997	 2.856387812499999
24.294999999999998	 2.857741874999999
24.305	 2.8629253124999994
24.315	 2.8620668749999996
24.325000000000003	 2.8666968749999997
24.335	 2.8685659375
24.345000000000002	 2.86994875
24.355	 2.875055625
24.365000000000002	 2.8739400000000006
24.375000000000004	 2.8789040625
24.385	 2.8809068749999995
24.395	 2.8822990625
24.404999999999998	 2.8874490625000004
24.414999999999996	 2.8867481250000004
24.424999999999997	 2.8916025000000003
24.435	 2.8935862500000002
24.444999999999997	 2.895155
24.455	 2.9005575
24.465	 2.89980875
24.474999999999998	 2.9044865625000003
24.485	 2.9063178125000007
24.494999999999997	 2.9079196875000006
24.505	 2.913117187500001
24.515	 2.912716562500001
24.525	 2.917547187500001
24.535	 2.9196787500000014
24.544999999999998	 2.920813437500001
24.555	 2.9258584375000005
24.565	 2.925276562500001
24.575000000000003	 2.9300115625000003
24.585	 2.9319140625
24.595000000000002	 2.9334065625000005
24.605	 2.9385278125000003
24.615000000000002	 2.9380175000000004
24.625000000000004	 2.9428050000000003
24.635	 2.9447315625000003
24.645000000000003	 2.9464053125
24.654999999999998	 2.9515506250000003
24.664999999999996	 2.9509546875000003
24.674999999999997	 2.9558518750000005
24.685	 2.958321875
24.694999999999997	 2.9596331250000003
24.705	 2.964859375
24.715	 2.9643540625
24.724999999999998	 2.9693321875
24.735	 2.971063125
24.744999999999997	 2.9724221875000003
24.755	 2.9773621875
24.765	 2.97676625
24.775	 2.9814109375
24.785	 2.9833756250000003
24.794999999999998	 2.985149375
24.805	 2.9903943750000006
24.815	 2.9892309375
24.825000000000003	 2.9940328124999995
24.835	 2.9956778124999994
