0.32499999999999996	 0.09914093749999997
0.33499999999999996	 0.09776062499999998
0.3449999999999999	 0.10047390624999997
0.355	 0.09853562499999999
0.36499999999999994	 0.09944875000000002
0.375	 0.10057656250000001
0.38499999999999995	 0.09849281250000001
0.39499999999999996	 0.10116781250000002
0.40499999999999997	 0.09921765625
0.415	 0.1001428125
0.425	 0.10122046874999999
0.435	 0.09918671874999999
0.44500000000000006	 0.10171390625000001
0.455	 0.09989953125
0.4650000000000001	 0.10078171875000001
0.47500000000000003	 0.10174968750000002
0.48500000000000004	 0.09970875000000001
0.49500000000000005	 0.10242437500000003
0.505	 0.10044546875
0.515	 0.10144921875000001
0.5250000000000001	 0.10252921875
0.5350000000000001	 0.10056703125
0.5450000000000002	 0.10329453125
0.555	 0.10131578124999999
0.5650000000000001	 0.102119375
0.5750000000000001	 0.103123125
0.585	 0.10107046875
0.5949999999999999	 0.10375515625
0.6049999999999999	 0.10177390624999999
0.6149999999999999	 0.10249625
0.6249999999999999	 0.10349046875000001
0.635	 0.10144
0.645	 0.1041175
0.655	 0.10225062499999998
0.6649999999999999	 0.10307781249999998
0.6749999999999999	 0.10409578124999998
0.6849999999999999	 0.10214078124999997
0.695	 0.10489203124999996
0.705	 0.10302281249999995
0.715	 0.10401468749999994
0.725	 0.10503984374999994
0.7349999999999999	 0.10299421874999996
0.7449999999999999	 0.10568124999999998
0.7549999999999999	 0.10367140624999997
0.7649999999999999	 0.10462984374999998
0.7749999999999999	 0.10583390624999997
0.785	 0.10383843749999998
0.7950000000000002	 0.10660406249999999
0.805	 0.10454171875000001
0.8150000000000001	 0.10535
0.8250000000000001	 0.10631093750000002
0.8350000000000001	 0.10426046875000002
0.845	 0.10695468750000003
0.855	 0.10487328125000003
0.865	 0.10588890625000003
0.875	 0.10680203125000003
0.885	 0.10479218750000002
0.895	 0.10755546875000004
0.905	 0.10554078125000005
0.9149999999999999	 0.10656359375000005
0.925	 0.10745296875000004
0.935	 0.10545015625000004
0.9450000000000001	 0.10820625000000005
0.9550000000000001	 0.10626312500000006
0.965	 0.10710703125000008
0.975	 0.10823468750000007
0.985	 0.10633203125000006
0.995	 0.10907140625000006
1.005	 0.10709500000000004
1.0150000000000001	 0.10802484375000003
1.0250000000000001	 0.10915734375000002
1.035	 0.10715937500000002
1.045	 0.10993218750000004
1.0550000000000002	 0.10797000000000001
1.065	 0.10890468750000003
1.075	 0.10997281250000003
1.0850000000000002	 0.10808937500000003
1.095	 0.11068812500000003
1.105	 0.10882843750000001
1.1150000000000002	 0.10986328125000003
1.125	 0.11082656250000003
1.135	 0.10880718750000003
1.145	 0.11155140625000004
1.155	 0.10952718750000003
1.1650000000000003	 0.1104690625
1.1749999999999998	 0.11140375000000002
1.1849999999999998	 0.10924609375000001
1.195	 0.11193546875000003
1.205	 0.11008046875000001
1.2149999999999999	 0.11104359375000002
1.2249999999999999	 0.11205203125000003
1.235	 0.11009453125000002
1.245	 0.11282921875000002
1.2550000000000001	 0.11090046875
1.2650000000000001	 0.11180171875
1.275	 0.1128484375
1.285	 0.11085515625
1.295	 0.11356843750000001
1.305	 0.11159437500000001
1.3149999999999997	 0.11262203125000002
1.325	 0.11357093750000002
1.335	 0.11157062500000002
1.345	 0.11423140625000003
1.355	 0.11221921875000002
1.365	 0.11323250000000003
1.375	 0.11431015625000002
1.385	 0.11232890625000003
1.3949999999999998	 0.11501828125000005
1.4049999999999998	 0.11295359375000003
1.415	 0.11384296875000002
1.425	 0.11488250000000003
1.435	 0.11285828125000004
1.445	 0.11555000000000004
1.455	 0.11361406250000003
1.4650000000000003	 0.11450562500000004
1.475	 0.11554281250000004
1.485	 0.11354718750000002
1.495	 0.11627953125000003
1.5050000000000001	 0.11428156250000002
1.5150000000000001	 0.11525921875
1.5250000000000001	 0.11620578125000001
1.535	 0.114331875
1.545	 0.11703796875000001
1.555	 0.11494937500000002
1.5649999999999997	 0.11596500000000001
1.575	 0.11691875000000002
1.5849999999999997	 0.115028125
1.5949999999999998	 0.11774843750000002
1.605	 0.11574578125000001
1.6150000000000002	 0.1166875
1.625	 0.11760546874999998
1.635	 0.11563375
1.645	 0.11835890624999998
1.655	 0.11634421874999998
1.665	 0.11726453124999997
1.6749999999999998	 0.11832312499999996
1.6849999999999998	 0.11636328124999995
1.695	 0.11910984374999996
1.7049999999999998	 0.11714999999999998
1.715	 0.11822046874999997
1.725	 0.11914312499999997
1.7349999999999999	 0.11716671874999998
1.745	 0.11975828124999999
1.755	 0.11782703124999999
1.765	 0.11890703124999999
1.775	 0.11997515624999999
1.785	 0.11813937499999998
1.7950000000000002	 0.12087640624999997
1.8050000000000002	 0.11892843749999998
1.815	 0.120065625
1.825	 0.12127921874999999
1.835	 0.11934796874999998
1.845	 0.12209453124999997
1.855	 0.12012999999999996
1.8650000000000002	 0.12130062499999995
1.875	 0.12234015624999997
1.885	 0.12052812499999997
1.895	 0.12329625
1.9049999999999998	 0.12134609374999998
1.915	 0.12234265624999999
1.925	 0.12332265625
1.935	 0.1214796875
1.945	 0.12427156249999999
1.9549999999999998	 0.12229984374999998
1.965	 0.12331546874999999
1.9750000000000003	 0.1242978125
1.9849999999999999	 0.12241671875
1.995	 0.12511796875
2.005	 0.123081875
2.015	 0.12402828125
2.025	 0.1250534375
2.0349999999999997	 0.12325578124999999
2.045	 0.12602140625
2.055	 0.12411640624999999
2.065	 0.125213125
2.0749999999999997	 0.12627171874999998
2.085	 0.12436437499999999
2.0949999999999998	 0.12715374999999998
2.105	 0.12522265624999998
2.1149999999999998	 0.12625968749999997
2.125	 0.127218125
2.135	 0.12532265624999997
2.145	 0.12811453124999997
2.155	 0.126238125
2.165	 0.12750406249999996
2.1750000000000003	 0.12829312499999998
2.185	 0.12638812499999996
2.195	 0.12917281249999996
2.2049999999999996	 0.12722249999999996
2.215	 0.12833828125
2.225	 0.12933015624999997
2.235	 0.12746343749999997
2.245	 0.13026718749999996
2.255	 0.12828828124999997
2.265	 0.12946359374999994
2.2750000000000004	 0.13050546874999996
2.285	 0.12863390624999999
2.2950000000000004	 0.13144484374999998
2.3050000000000006	 0.1295040625
2.3150000000000004	 0.13049109375
2.325	 0.13143046875
2.3350000000000004	 0.12964234375000003
2.345	 0.1324365625
2.3549999999999995	 0.13039343750000001
2.3649999999999998	 0.13143531249999998
2.375	 0.13244625
2.3849999999999993	 0.13056515625000004
2.3949999999999996	 0.13322109375000002
2.405	 0.13134
2.4149999999999996	 0.13236750000000003
2.425	 0.13316375
2.4349999999999996	 0.13132796875000002
2.445	 0.13406500000000002
2.4549999999999996	 0.13195734375
2.465	 0.1331040625
2.4749999999999996	 0.13417937500000002
2.4850000000000003	 0.13232453125000002
2.495	 0.13513312500000002
2.505	 0.13301593750000004
2.515	 0.13409843750000003
2.5250000000000004	 0.13501390625000004
2.535	 0.13311609375000005
2.5450000000000004	 0.13587687500000004
2.5550000000000006	 0.13392187500000002
2.5650000000000004	 0.13521171875000002
2.575	 0.13605562499999999
2.5850000000000004	 0.13416015625
2.595	 0.13693296875
2.605	 0.13491828125000002
2.615	 0.13604828125
2.625	 0.13701156250000002
2.635	 0.13503984375
2.645	 0.13781984375
2.655	 0.13592203125
2.6649999999999996	 0.1370640625
2.6750000000000003	 0.13800328125000003
2.6849999999999996	 0.13617703125000005
2.6949999999999994	 0.13894031250000005
2.7049999999999996	 0.13688984375000002
2.7149999999999994	 0.13809859375000003
2.724999999999999	 0.13917625000000003
2.735	 0.13731421875000002
2.745	 0.14012984375
2.755	 0.138184375
2.765	 0.1395409375
2.775	 0.14045890625000002
2.785	 0.13871140625
2.7950000000000004	 0.14151281250000003
2.8050000000000006	 0.13944093750000003
2.8150000000000004	 0.14082140625000003
2.825	 0.141841875
2.8350000000000004	 0.13999656250000003
2.845	 0.14280750000000003
2.855	 0.14090015625
2.865	 0.1420159375
2.875	 0.14305296875
2.885	 0.14134828124999999
2.8949999999999996	 0.14415218749999997
2.905	 0.14212562499999995
2.915	 0.14336546874999997
2.925	 0.14428562499999997
2.935	 0.14248078124999994
2.9450000000000003	 0.14532281249999995
2.955	 0.14343703124999996
2.965	 0.1446934375
2.9749999999999996	 0.14564234375
2.9849999999999994	 0.14384703125
2.9949999999999997	 0.14667703125
3.005	 0.1447959375
3.0149999999999997	 0.14599984375000002
3.025	 0.14697734375
3.0349999999999997	 0.1451559375
3.045	 0.1479215625
3.055	 0.14605249999999997
3.0650000000000004	 0.147483125
3.075	 0.148484375
3.0850000000000004	 0.146813125
3.095	 0.14964328125
3.105	 0.14763578125
3.115	 0.14879203124999996
3.125	 0.14971718749999993
3.135	 0.14786468749999995
3.145	 0.15077343749999994
3.155	 0.14880406249999995
3.1649999999999996	 0.15017734374999997
3.1750000000000003	 0.15124781249999997
3.185	 0.14950031249999998
3.195	 0.15234453124999997
3.205	 0.15028453125
3.2150000000000003	 0.15160546875
3.225	 0.15269984374999998
3.235	 0.15095453125000002
3.2449999999999997	 0.15386328125
3.255	 0.15196078125
3.265	 0.15320765625000002
3.275	 0.154354375
3.2849999999999997	 0.15259484375000001
3.295	 0.15544874999999997
3.305	 0.15349843749999997
3.315	 0.15475015624999994
3.3249999999999997	 0.15567281249999995
3.3350000000000004	 0.15398234374999994
3.345	 0.15686249999999996
3.355	 0.15485265624999994
3.365	 0.15609718749999993
3.375	 0.15715828124999992
3.385	 0.15542734374999997
3.395	 0.15829796875
3.405	 0.15625234375
3.415	 0.15763031249999998
3.4250000000000003	 0.15858875
3.4349999999999996	 0.15695796874999995
3.445	 0.15979999999999997
3.455	 0.15777109374999995
3.465	 0.15915390624999998
3.475	 0.16018624999999997
3.4850000000000003	 0.15849593749999996
3.495	 0.16139749999999997
3.505	 0.15944484375
3.515	 0.16081578125
3.525	 0.16174562499999998
3.5349999999999997	 0.16012906250000003
3.5450000000000004	 0.16299968750000002
3.555	 0.16099921875000003
3.565	 0.16239875
3.5749999999999997	 0.16336906250000002
3.585	 0.16165718750000005
3.5949999999999998	 0.16453718750000004
3.6049999999999995	 0.16258453125000005
3.615	 0.16386718750000007
3.625	 0.16488531250000005
3.635	 0.16325687500000002
3.645	 0.16612031250000003
3.655	 0.16420109375000003
3.665	 0.1655171875
3.675	 0.1664946875
3.685	 0.16478765624999997
3.695	 0.16762953124999994
3.705	 0.16563624999999993
3.715	 0.1669595312499999
3.725	 0.1679131249999999
3.7350000000000003	 0.16629656249999994
3.745	 0.16918859374999998
3.755	 0.16729078125
3.765	 0.16865203124999997
3.775	 0.169710625
3.785	 0.16808468750000005
3.7950000000000004	 0.17104109375000004
3.805	 0.16895968750000004
3.815	 0.17029000000000002
3.825	 0.17132468750000004
3.835	 0.16966062500000006
3.8449999999999993	 0.17259078125000007
3.8549999999999995	 0.17065718750000003
3.8649999999999998	 0.17196375000000003
3.8749999999999996	 0.1729865625
3.885	 0.1713153125
3.895	 0.17424062500000004
3.905	 0.17230468750000003
3.9149999999999996	 0.17384484375000003
3.925	 0.17488921875000002
3.935	 0.17322515625000004
3.945	 0.17614109375000003
3.955	 0.17420281250000005
3.9650000000000003	 0.17564515625000005
3.975	 0.17651312500000005
3.985	 0.17482984375000005
3.995	 0.17773859375000003
4.005	 0.17579546875000004
4.015	 0.17731171875000007
4.025	 0.17831796875000008
4.035	 0.1766704687500001
4.045	 0.1795506250000001
4.055	 0.17760281250000007
4.065	 0.17892593750000008
4.075	 0.17983906250000006
4.085	 0.17824875000000004
4.095000000000001	 0.181116875
4.105	 0.17907843750000002
4.115	 0.18041125000000002
4.124999999999999	 0.181324375
4.135	 0.17964828125
4.145	 0.18256656250000003
4.155	 0.18048046875
4.165000000000001	 0.18184187500000004
4.175000000000001	 0.18276453125000003
4.1850000000000005	 0.18115765625000005
4.194999999999999	 0.18404500000000007
4.205	 0.18210187500000008
4.214999999999999	 0.18342046875000007
4.225	 0.18435984375000006
4.234999999999999	 0.18271484375000008
4.245	 0.18565218750000007
4.255	 0.18369718750000008
4.265	 0.1850753125000001
4.2749999999999995	 0.18599078125000007
4.285	 0.18439578125000008
4.295	 0.18730921875000012
4.305	 0.18541375000000013
4.315	 0.18681562500000012
4.325	 0.18774546875000012
4.334999999999999	 0.1861646875000001
4.345	 0.18903531250000008
4.355	 0.18719468750000007
4.365	 0.18864437500000006
4.375	 0.18957187500000006
4.385	 0.18785531250000004
4.395	 0.19074734375000005
4.405	 0.18885203125000005
4.415	 0.19029921875000003
4.425000000000001	 0.19123140625
4.4350000000000005	 0.1895790625
4.445	 0.19252359375
4.455	 0.19058765625
4.465	 0.19211109374999996
4.475	 0.19314578124999998
4.484999999999999	 0.19146249999999995
4.495	 0.19439265624999993
4.505	 0.19243046874999994
4.515	 0.19376796874999996
4.5249999999999995	 0.19467390624999995
4.535	 0.19307187499999995
4.545	 0.19600437499999993
4.555	 0.19390874999999996
4.5649999999999995	 0.19534156249999998
4.575	 0.19621890624999996
4.584999999999999	 0.19458328124999996
4.595000000000001	 0.19750390624999997
4.605	 0.19552515624999997
4.615000000000001	 0.19707484374999998
4.625	 0.19807140624999997
4.635	 0.19651921874999995
4.645	 0.19940421874999995
4.655	 0.19725843749999997
4.665000000000001	 0.198665
4.675000000000001	 0.1996115625
4.6850000000000005	 0.19799031250000002
4.695	 0.20090375
4.705	 0.19891296875
4.715	 0.20035546875
4.7250000000000005	 0.20116375000000003
4.735	 0.19964265625000005
4.745	 0.20253703125000005
4.755	 0.20057484375000004
4.764999999999999	 0.20197921875000005
4.774999999999999	 0.20284937500000005
4.784999999999999	 0.20123515625000005
4.795	 0.20411515625
4.805	 0.20209812500000005
4.815	 0.20352625000000005
4.825	 0.20437015625000005
4.834999999999999	 0.20274890625000003
4.845	 0.20562437500000005
4.855	 0.20375031250000003
4.865	 0.20528093750000004
4.875000000000001	 0.20607
4.885	 0.20442250000000003
4.8950000000000005	 0.2073478125
4.905	 0.20538796875
4.915	 0.20689484375000003
4.925000000000001	 0.2077578125
4.9350000000000005	 0.20610796875
4.945	 0.20902140624999999
4.955	 0.20706875
4.965	 0.2086040625
4.975	 0.20933609374999998
4.985	 0.20768140624999998
4.995	 0.210478125
5.005	 0.20845624999999998
5.015	 0.21005125
5.0249999999999995	 0.21100734375
5.034999999999999	 0.20935984374999997
5.044999999999999	 0.212275625
5.055	 0.2102609375
5.0649999999999995	 0.21175109375
5.074999999999999	 0.21257609375
5.084999999999999	 0.21092390625000002
5.095	 0.21378015625000002
5.105	 0.2116725
5.114999999999999	 0.21321265625000005
5.125	 0.21417593750000002
5.135	 0.21256656250000003
5.145	 0.21546328125000003
5.155	 0.21349640625000005
5.165000000000001	 0.21517718750000006
5.175	 0.21606875000000003
5.1850000000000005	 0.21452859375000005
5.195	 0.21743484375000005
5.205	 0.21540109375000005
5.215	 0.21711531250000005
5.2250000000000005	 0.21802125000000006
5.235000000000001	 0.21640234375000003
5.245	 0.21934203125000004
5.255	 0.21725578125000003
5.265	 0.21871015625000007
5.2749999999999995	 0.21953031250000005
5.284999999999999	 0.21805687500000004
5.295	 0.22097750000000005
5.305000000000001	 0.21899390625000004
5.3149999999999995	 0.22039343750000004
5.324999999999999	 0.22122796875000003
5.334999999999999	 0.21965921875
5.345	 0.22261328125000002
5.3549999999999995	 0.22059140625
5.365	 0.22230312500000002
5.375	 0.22311625000000002
5.385	 0.22153781250000001
5.395	 0.22447984375000002
5.405	 0.22256281250000007
5.415	 0.22412687500000006
5.425000000000001	 0.22498765625000006
5.4350000000000005	 0.22353093750000003
5.445	 0.22648250000000006
5.455	 0.22447031250000005
5.464999999999999	 0.22598906250000003
5.4750000000000005	 0.22690218750000002
5.485000000000001	 0.225338125
5.495000000000001	 0.2282015625
5.505000000000001	 0.22612015625
5.515	 0.22778671875000003
5.524999999999999	 0.22857828125000001
5.534999999999999	 0.22699515625000002
5.545	 0.22988484375
5.555000000000001	 0.22779390625
5.565	 0.22942234375000004
5.575	 0.23030921875000002
5.584999999999999	 0.22872140625
5.594999999999999	 0.23161109375000002
5.6049999999999995	 0.2295440625
5.614999999999999	 0.23120109375
5.625	 0.23211671875
5.635	 0.23065765624999998
5.645	 0.23350687499999997
5.654999999999999	 0.23142781249999994
5.665	 0.23302031249999994
5.675	 0.23390734374999994
5.6850000000000005	 0.23232656249999992
5.695	 0.23527828124999992
5.705	 0.23318249999999993
5.715	 0.23493718749999992
5.725	 0.23587656249999991
5.735	 0.23442703124999992
5.745000000000001	 0.2373239062499999
5.755000000000001	 0.2351495312499999
5.765000000000001	 0.2368470312499999
5.7749999999999995	 0.2377078124999999
5.785	 0.2361462499999999
5.795	 0.23909546874999987
5.805	 0.2368829687499999
5.815	 0.23853765624999987
5.825	 0.2392099999999999
5.834999999999999	 0.23773187499999987
5.845	 0.24065734374999986
5.8549999999999995	 0.2384853124999999
5.864999999999999	 0.2400614062499999
5.875	 0.24091499999999988
5.885	 0.23941531249999984
5.895	 0.24236218749999983
5.905	 0.24030937499999985
5.915000000000001	 0.24190921874999985
5.925000000000001	 0.24268406249999988
5.935	 0.24112249999999988
5.945	 0.24397640624999986
5.955	 0.2420093749999999
5.965	 0.24368546874999988
5.9750000000000005	 0.2444006249999999
5.985	 0.2428414062499999
5.995	 0.2457524999999999
6.005	 0.24356624999999987
6.015000000000001	 0.2453065624999999
6.0249999999999995	 0.2461434374999999
6.035	 0.2445651562499999
6.045	 0.2474285937499999
6.055	 0.2453734374999999
6.065	 0.2470279687499999
6.074999999999999	 0.24783859374999992
6.084999999999999	 0.24637953124999992
6.095	 0.2492476562499999
6.105	 0.24720921874999988
6.115	 0.2489378124999999
6.125	 0.24978890624999991
6.134999999999999	 0.2483249999999999
6.145	 0.2512646874999999
6.155	 0.2492048437499999
6.165	 0.25094765624999993
6.175000000000001	 0.25165578124999993
6.1850000000000005	 0.2501560937499999
6.194999999999999	 0.25307671874999993
6.205	 0.25091906249999996
6.214999999999999	 0.25267390624999997
6.225	 0.25350843749999996
6.235	 0.252020625
6.245	 0.25493656249999996
6.255	 0.252845625
6.265	 0.2544596875
6.2749999999999995	 0.25515343749999997
6.285	 0.2537371874999999
6.295000000000001	 0.2566078125
6.305000000000001	 0.25458609374999996
6.315	 0.25621437499999994
6.325	 0.25691546875000004
6.334999999999999	 0.25547531249999994
6.345	 0.25836734375000003
6.355	 0.25616921875
6.365	 0.25779046875
6.375	 0.25851046875000006
6.385	 0.2570965625
6.395	 0.26000531250000003
6.404999999999999	 0.2577784375
6.414999999999999	 0.25937109375
6.425	 0.26007921875
6.4350000000000005	 0.25855578124999995
6.445	 0.26148593749999993
6.455	 0.25927109375
6.465	 0.261083125
6.475	 0.2617578125
6.485	 0.2602509375
6.495	 0.2631
6.505	 0.26104
6.515	 0.2626540625
6.5249999999999995	 0.2634075
6.535	 0.2618912500000001
6.545	 0.26477140625000006
6.555000000000001	 0.26265906250000004
6.565	 0.2643326562500001
6.575	 0.26505265625
6.585	 0.26358390625000006
6.595	 0.26647359375
6.6049999999999995	 0.2643443750000001
6.615	 0.26626140625000005
6.625	 0.26694078125000004
6.635	 0.26546015624999997
6.645	 0.26838562499999996
6.654999999999999	 0.26615171875
6.664999999999999	 0.2678421875
6.675	 0.26863609375
6.685	 0.2671889062500001
6.695	 0.2700642187500001
6.705	 0.26793281250000006
6.715	 0.26958031250000003
6.7250000000000005	 0.27021453125000006
6.734999999999999	 0.26875546875000006
6.744999999999999	 0.27170234375
6.755	 0.26948015624999994
6.765	 0.27120390624999996
6.7749999999999995	 0.27185718749999993
6.785	 0.27033609374999995
6.795	 0.27327343749999994
6.805	 0.271144375
6.815	 0.27302546875000006
6.825	 0.2736453125
6.835	 0.27225765625
6.845000000000001	 0.2751925
6.855	 0.27293937500000004
6.864999999999999	 0.27478234375
6.875	 0.27560484374999994
6.885	 0.27415281249999995
6.895	 0.2771187499999999
6.905	 0.2749943749999999
6.915000000000001	 0.2768159374999999
6.925	 0.27750015624999985
6.935	 0.2761078124999999
6.945	 0.27894968749999993
6.955	 0.27690890625
6.965	 0.2787089062499999
6.975	 0.27925734374999983
6.985	 0.2779149999999998
6.994999999999999	 0.2807831249999998
7.004999999999999	 0.2785943749999998
7.015	 0.2803037499999998
7.0249999999999995	 0.2809403124999998
7.035	 0.2794334374999998
7.045000000000001	 0.28230640624999986
7.055000000000001	 0.2802082812499999
7.065	 0.2820584374999999
7.075	 0.2826973437499999
7.085	 0.2812096874999999
7.095000000000001	 0.2841303124999999
7.105	 0.28195828124999994
7.115	 0.2838274999999999
7.125	 0.28456421875
7.135	 0.28321953125000005
7.145	 0.28609718749999996
7.155	 0.2840253125
7.165	 0.28584921874999997
7.175000000000001	 0.28646671874999996
7.1850000000000005	 0.28515781249999994
7.194999999999999	 0.28807359374999997
7.205	 0.28593984375
7.215	 0.2878996875
7.225	 0.28866265625000004
7.235	 0.28738703125000004
7.245	 0.2902790625000001
7.255	 0.2879996875000001
7.264999999999999	 0.28986656250000015
7.274999999999999	 0.2906153125000001
7.284999999999999	 0.28913234375000013
7.295	 0.2920601562500001
7.305000000000001	 0.2899023437500001
7.315	 0.29171187500000006
7.325	 0.29232703125000004
7.335	 0.29096328125000004
7.345000000000001	 0.29389578125000004
7.355	 0.29170703125
7.365	 0.29358578125
7.375000000000001	 0.29433671875000006
7.385	 0.29297046875000005
7.395	 0.29587203125000006
7.405	 0.2936643750000001
7.415	 0.2954787500000001
7.425000000000001	 0.2961010937500001
7.4350000000000005	 0.2947325000000001
7.445	 0.2975815625000001
7.454999999999999	 0.2953525000000001
7.464999999999999	 0.2972407812500001
7.475	 0.29775109375000014
7.484999999999999	 0.2962562500000001
7.495	 0.2992103125000001
7.505	 0.2968928125
7.515	 0.29859046875
7.524999999999999	 0.2992103125
7.534999999999999	 0.29771781249999996
7.545	 0.30057890624999994
7.555	 0.2982995312499999
7.565	 0.30007343749999993
7.575	 0.30063609374999994
7.584999999999999	 0.2993248437499999
7.595	 0.30220968749999993
7.605	 0.30014015624999996
7.615	 0.30200687499999995
7.625000000000001	 0.302469375
7.635000000000001	 0.30121765624999997
7.645	 0.30407875
7.654999999999999	 0.30190921875000004
7.665	 0.303733125
7.675000000000001	 0.30448421875000004
7.6850000000000005	 0.3032373437500001
7.695	 0.3061865625000001
7.705	 0.3040096875000001
7.715	 0.3058670312500002
7.725	 0.3064629687500002
7.734999999999999	 0.3051492187500001
7.745	 0.3080531250000001
7.754999999999999	 0.30576906250000013
7.765	 0.30760015625000015
7.7749999999999995	 0.3082296875000001
7.784999999999999	 0.30680406250000014
7.794999999999999	 0.30964609375000013
7.805	 0.3073692187500001
7.815	 0.3093193750000001
7.825	 0.30978421875000006
7.835	 0.30834421875000007
7.845	 0.3112457812500001
7.855	 0.3089592187500001
7.865	 0.31089046875000004
7.875000000000001	 0.31134828125
7.885000000000001	 0.3101371875
7.8950000000000005	 0.31307218750000004
7.905	 0.31088828125
7.915	 0.3127096875
7.925000000000001	 0.31343203124999997
7.9350000000000005	 0.3119728125
7.945	 0.3149196875
7.955	 0.31270718749999993
7.965	 0.3147909374999999
7.975	 0.3153345312499999
7.984999999999999	 0.31408765624999996
7.994999999999999	 0.31708234374999994
8.005	 0.31487218749999996
8.014999999999999	 0.31673437499999996
8.025	 0.3172017187499999
8.034999999999998	 0.3159596874999999
8.044999999999998	 0.3189017187499999
8.055	 0.3168012499999999
8.065000000000001	 0.31886828124999994
8.075000000000001	 0.31945953124999993
8.085	 0.31830093749999994
8.095	 0.3212692187499999
8.105	 0.31909484374999997
8.115	 0.32119046875
8.125	 0.32200109375
8.135000000000002	 0.32075421875
8.145000000000001	 0.323725
8.155000000000001	 0.3215959375000001
8.165	 0.3236726562500001
8.175	 0.32439265625
8.184999999999999	 0.3231003125000001
8.195	 0.3261187500000001
8.205	 0.32393953125000013
8.215	 0.32597562500000016
8.225	 0.32642156250000015
8.234999999999998	 0.32521984375000007
8.244999999999997	 0.3281334375000001
8.254999999999999	 0.32608546875000005
8.265	 0.32810015625000005
8.275	 0.328555625
8.285000000000002	 0.32746593750000014
8.295	 0.3304460937500001
8.305	 0.3282884375000001
8.315	 0.3302267187500001
8.325	 0.33079421875000015
8.334999999999999	 0.32937328125000015
8.345	 0.3323368750000002
8.354999999999999	 0.3302601562500001
8.364999999999998	 0.33235593750000003
8.375	 0.3329615625000001
8.385000000000002	 0.3316907812500001
8.395000000000001	 0.33464718750000017
8.405000000000001	 0.3324728125000001
8.415000000000001	 0.3344659375000001
8.425	 0.3351764062500001
8.435	 0.3340200000000001
8.444999999999999	 0.33700734375
8.455	 0.33486406250000006
8.465	 0.33696453125000003
8.475	 0.33763687500000006
8.485	 0.336504375
8.494999999999997	 0.33943453125
8.504999999999997	 0.3372004687499999
8.514999999999999	 0.3393987499999999
8.525	 0.3399709375
8.535000000000002	 0.33865484375000005
8.545000000000002	 0.3416421875
8.555000000000001	 0.33947734375
8.565	 0.34157312500000003
8.575	 0.34229328124999997
8.584999999999999	 0.34103921874999993
8.594999999999999	 0.3440265625
8.604999999999999	 0.34180453125
8.614999999999998	 0.34400515625
8.624999999999998	 0.344405625
8.635	 0.34309906250000005
8.645000000000001	 0.34603640625000004
8.655000000000003	 0.34389765625
8.665000000000003	 0.34604109375
8.675000000000002	 0.34675625
8.685	 0.34557375000000007
8.694999999999999	 0.3484943750000001
8.704999999999998	 0.34629375
8.715	 0.348418125
8.724999999999998	 0.3490140625
8.735	 0.34773125
8.744999999999997	 0.35083062500000006
8.754999999999997	 0.3485800000000001
8.764999999999999	 0.3506351562500001
8.774999999999999	 0.35121921875
8.785	 0.35017968750000006
8.795000000000002	 0.35321953125000005
8.805000000000003	 0.3510021875
8.815000000000001	 0.35295249999999995
8.825	 0.35360828125
8.834999999999999	 0.35235656249999997
8.844999999999999	 0.35536062499999993
8.854999999999999	 0.35311953124999995
8.864999999999997	 0.35530343749999993
8.875	 0.35583046874999996
8.885	 0.35459546875
8.895	 0.35749468749999996
8.905000000000001	 0.35548
8.915000000000001	 0.3576328125
8.925000000000002	 0.3580596875
8.935000000000002	 0.3568915625
8.945000000000002	 0.35985515625000003
8.955	 0.35770234375000004
8.965	 0.35968109375000007
8.974999999999998	 0.3604345312500001
8.984999999999998	 0.35919468750000005
8.994999999999997	 0.36211531250000006
9.004999999999999	 0.3599337500000001
9.014999999999999	 0.3619482812500001
9.024999999999999	 0.36244421875000016
9.035	 0.36129750000000016
9.045	 0.36429921875000015
9.055000000000001	 0.3621201562500001
9.065000000000003	 0.3642610937500001
9.075000000000003	 0.3648571875000001
9.085	 0.36363406250000013
9.094999999999999	 0.36658328125000006
9.104999999999999	 0.36445421875000006
9.114999999999997	 0.36660234375
9.124999999999998	 0.36703390625000004
9.135	 0.36593718750000004
9.145	 0.3690009375
9.155000000000001	 0.36679078125000003
9.165000000000001	 0.36902
9.175000000000002	 0.36967078124999997
9.185000000000002	 0.36877203125
9.195000000000002	 0.37186203125
9.205000000000002	 0.36966140625
9.215	 0.37196437499999996
9.225	 0.3727940624999999
9.234999999999998	 0.37178796875
9.244999999999997	 0.3748849999999999
9.254999999999997	 0.37273453125
9.264999999999997	 0.37518546875
9.274999999999999	 0.37594593749999994
9.285	 0.37495171874999994
9.295	 0.3780989062499999
9.305	 0.3760079687499999
9.315000000000001	 0.37809890625
9.325000000000003	 0.37877593749999994
9.335	 0.37795812499999987
9.345	 0.38106234374999987
9.354999999999999	 0.3789021875
9.364999999999998	 0.3811290625
9.374999999999998	 0.38177765625
9.385	 0.3806309375
9.395	 0.38373749999999995
9.405000000000001	 0.3815584374999999
9.415000000000001	 0.38382578124999994
9.425	 0.38439078125
9.435	 0.38333687499999997
9.445000000000002	 0.38638390625
9.455000000000002	 0.384405
9.465000000000002	 0.38666031249999994
9.475	 0.38726828124999996
9.485	 0.38625734375000004
9.494999999999997	 0.38937093750000007
9.504999999999997	 0.38730375
9.514999999999999	 0.38953046875
9.524999999999999	 0.3902384375
9.535	 0.38923703125
9.545	 0.39222453125000006
9.555	 0.39019562500000005
9.565	 0.39259406249999995
9.575000000000001	 0.3931232812499999
9.585	 0.39213859374999993
9.595	 0.39518078124999984
9.605	 0.3931948437499999
9.614999999999998	 0.39550984374999987
9.624999999999998	 0.3961631249999999
9.635	 0.3952523437499999
9.645	 0.3982659374999999
9.655	 0.3962537499999999
9.665000000000001	 0.3986807812499999
9.675	 0.3994245312499999
9.685	 0.39843984374999986
9.695	 0.4015678124999999
9.705000000000002	 0.39946734374999987
9.715000000000002	 0.40177281249999985
9.725000000000001	 0.40253093749999985
9.735	 0.4015962499999999
9.745	 0.4047599999999999
9.754999999999999	 0.40266437499999985
9.764999999999999	 0.4050509374999999
9.774999999999999	 0.4057590624999999
9.784999999999998	 0.4047076562499999
9.795	 0.40780234374999985
9.805	 0.4055849999999999
9.815	 0.40787624999999994
9.825	 0.4081718749999999
9.834999999999999	 0.4072968749999999
9.845	 0.4103748437499999
9.855	 0.4081504687499999
9.865	 0.41032249999999987
9.875	 0.4109067187499999
9.885	 0.40991484374999987
9.895	 0.41288546874999993
9.905	 0.4106659374999999
9.915	 0.41287375
9.925	 0.41339109375
9.935	 0.41234921874999997
9.945	 0.41533421875
9.955	 0.41318125
9.965	 0.41543671875
9.975000000000001	 0.415846875
9.985	 0.41470968750000003
9.995	 0.4177353125
10.004999999999999	 0.4155346875
10.014999999999999	 0.41789734375000004
10.024999999999999	 0.41841234375
10.034999999999998	 0.41743250000000004
10.044999999999998	 0.4205342187500001
10.055	 0.41834796875000013
10.065	 0.42064390625000014
10.075	 0.4212446875000001
10.084999999999999	 0.42032437500000014
10.094999999999999	 0.4232903125000002
10.104999999999999	 0.4211828125000002
10.114999999999998	 0.4235693750000002
10.125	 0.4241464062500001
10.135000000000002	 0.4231951562500001
10.145000000000001	 0.4261682812500001
10.155000000000001	 0.42405359375000007
10.165000000000001	 0.42638531250000006
10.175	 0.42693374999999995
10.185	 0.42617078124999996
10.195	 0.42911296874999993
10.205	 0.42697671875
10.215	 0.42942296874999997
10.225	 0.43010484374999997
10.235	 0.42922265625
10.245	 0.4323196875000001
10.255	 0.4301810937500001
10.265	 0.43269406250000003
10.275	 0.43329734375
10.284999999999998	 0.43264890624999996
10.294999999999998	 0.43562203125000004
10.305	 0.4335096875
10.315	 0.43579140624999996
10.325	 0.43648999999999993
10.334999999999999	 0.43564593749999997
10.344999999999999	 0.43863578124999997
10.354999999999999	 0.4364876562499999
10.364999999999998	 0.4388576562499999
10.375	 0.43946093749999987
10.385000000000002	 0.4385024999999999
10.395000000000001	 0.4416710937499999
10.405000000000001	 0.4395490625
10.415000000000001	 0.44184515625
10.425	 0.4424364062499999
10.435	 0.4416734374999999
10.445	 0.44476578124999994
10.455	 0.4426964062499999
10.465	 0.44513546874999993
10.475	 0.44549546874999996
10.485	 0.444746875
10.495	 0.44782484375
10.504999999999999	 0.44566953125
10.515	 0.4480082812499999
10.525000000000002	 0.4485137499999999
10.535	 0.44757437499999997
10.545	 0.45061890625
10.555	 0.448525625
10.565	 0.45095984375
10.575	 0.45137234375
10.584999999999999	 0.45059031250000003
10.594999999999999	 0.45367796875
10.604999999999999	 0.45156078125000004
10.614999999999998	 0.4539878125000001
10.624999999999998	 0.45465765625000004
10.635	 0.45383031250000005
10.645000000000001	 0.4568225000000001
10.655000000000003	 0.4547078125000001
10.665000000000003	 0.4571945312500001
10.675	 0.4578334375000001
10.685	 0.4570228125000001
10.695	 0.46009593750000005
10.705	 0.45792390625000007
10.715	 0.46036296875000005
10.725	 0.46096140625000004
10.735	 0.460231875
10.744999999999997	 0.46334796875
10.754999999999997	 0.4612284375
10.765	 0.46370796875
10.775000000000002	 0.4642253125
10.785000000000002	 0.46365312499999994
10.795000000000002	 0.4667287499999999
10.805	 0.46459734374999995
10.815	 0.46700531249999994
10.825	 0.46731046874999993
10.834999999999999	 0.46656421875
10.844999999999999	 0.46961359374999995
10.854999999999999	 0.46752734374999994
10.864999999999998	 0.46986140624999995
10.874999999999998	 0.4703357812499999
10.885	 0.46938203125
10.895000000000001	 0.47239078124999995
10.905000000000003	 0.47018546874999995
10.915000000000003	 0.47258156249999994
10.925000000000002	 0.4728365625
10.935000000000002	 0.4721784375
10.945	 0.47524218749999997
10.955	 0.473125
10.965	 0.47550203125
10.975	 0.47592171875
10.985	 0.4752159375
10.994999999999997	 0.4782056250000001
11.004999999999999	 0.4760001562500001
11.014999999999999	 0.47847015625000006
11.025	 0.4788612500000001
11.035000000000002	 0.47803859375000013
11.045000000000002	 0.48111671875000006
11.055000000000001	 0.47901859375000005
11.065	 0.48148140625000013
11.075	 0.4818581250000002
11.084999999999999	 0.4811070312500001
11.094999999999999	 0.4840728125000001
11.104999999999999	 0.48200796875000007
11.114999999999998	 0.48451609375000004
11.124999999999998	 0.4847448437500001
11.135	 0.4839867187500001
11.145	 0.4869575000000001
11.155000000000001	 0.48481187500000017
11.165000000000003	 0.4872939062500001
11.175000000000002	 0.48787562500000015
11.185000000000002	 0.48713656250000015
11.195	 0.49008812500000015
11.205	 0.48793515625000017
11.215	 0.4905171875000002
11.224999999999998	 0.49102031250000017
11.234999999999998	 0.49041234375000015
11.244999999999997	 0.49338312500000014
11.254999999999999	 0.49121109375000016
11.264999999999999	 0.49367875000000017
11.275	 0.49401484375000015
11.285000000000002	 0.49352375000000015
11.295000000000002	 0.4964467187500002
11.305000000000003	 0.49428906250000015
11.315000000000001	 0.49669000000000013
11.325	 0.49706671875000014
11.334999999999999	 0.4963778125000002
11.344999999999999	 0.49933187500000015
11.354999999999997	 0.49712406250000024
11.364999999999997	 0.4995582812500002
11.374999999999998	 0.4998562500000001
11.385	 0.49919343750000017
11.395	 0.5023071875000001
11.405	 0.5001137500000001
11.415000000000001	 0.50258140625
11.425000000000002	 0.5027173437500002
11.435000000000004	 0.5021331250000002
11.445000000000002	 0.5051657812500001
11.455	 0.5030771875000001
11.465	 0.5056234375
11.474999999999998	 0.50597390625
11.484999999999998	 0.5053087500000001
11.494999999999997	 0.5083151562500001
11.504999999999999	 0.5061814062500001
11.514999999999999	 0.5087373437500002
11.524999999999999	 0.5092332812500002
11.535	 0.5083225
11.545000000000002	 0.5112431250000001
11.555000000000003	 0.5090878125
11.565000000000003	 0.51169859375
11.575000000000001	 0.5119871875
11.584999999999999	 0.5113339062500001
11.594999999999999	 0.51437375
11.604999999999997	 0.512185
11.614999999999997	 0.51467890625
11.624999999999998	 0.51504125
11.635	 0.5144071875
11.645	 0.5173373437500001
11.655	 0.5151534375000001
11.665000000000001	 0.5177403125
11.675000000000002	 0.5180121875
11.685000000000004	 0.5172920312499999
11.695000000000004	 0.520305625
11.705000000000002	 0.5181456249999999
11.715	 0.52062984375
11.724999999999998	 0.520873125
11.734999999999998	 0.52045828125
11.744999999999997	 0.5234695312500001
11.754999999999997	 0.5212975000000001
11.764999999999999	 0.52393203125
11.774999999999999	 0.5243468750000001
11.785	 0.5239032812500001
11.795	 0.5269478125
11.805000000000001	 0.52476140625
11.815000000000003	 0.5273459375
11.825000000000001	 0.527608125
11.835	 0.5270812500000001
11.844999999999999	 0.5302140625
11.854999999999997	 0.528046875
11.864999999999997	 0.53056921875
11.874999999999998	 0.5307526562499999
11.884999999999998	 0.5303234374999998
11.895	 0.53321078125
11.905	 0.5310482812499999
11.915000000000001	 0.53363046875
11.925	 0.5337425
11.935000000000002	 0.5332370312500001
11.945000000000004	 0.5362815625
11.955000000000004	 0.534088125
11.965000000000002	 0.5366201562499999
11.975	 0.5368823437499999
11.984999999999998	 0.5362982812499999
11.994999999999997	 0.5392023437500001
12.004999999999997	 0.5369970312500002
12.014999999999999	 0.5396696875000002
12.025	 0.5398151562500001
12.035	 0.5391379687500002
12.045	 0.5421564062500002
12.055	 0.5400010937499999
12.065000000000001	 0.5426760937500001
12.075000000000003	 0.54285015625
12.085	 0.54225421875
12.095	 0.5451439062500001
12.104999999999999	 0.5429815625
12.114999999999997	 0.545625625
12.124999999999998	 0.5459474999999999
12.134999999999998	 0.5454421875000001
12.145	 0.5484056250000001
12.155	 0.5462479687500001
12.165000000000001	 0.5488515625000001
12.175	 0.54939515625
12.185	 0.5489564062500001
12.195000000000002	 0.55186265625
12.205000000000004	 0.5496739062499999
12.215000000000002	 0.55228921875
12.225	 0.5525323437499999
12.235	 0.5520459374999999
12.244999999999997	 0.5549284374999999
12.254999999999997	 0.5527778124999999
12.264999999999999	 0.5553670312499999
12.275	 0.5556292187499999
12.285	 0.5553073437499999
12.295	 0.5583685937499999
12.305	 0.5562274999999998
12.315000000000001	 0.5588857812499999
12.325000000000001	 0.5591981249999999
12.335	 0.5587714062499999
12.345	 0.5617778125
12.354999999999999	 0.55959390625
12.364999999999997	 0.5622451562499999
12.374999999999998	 0.5623239062500001
12.384999999999998	 0.5618137500000001
12.395	 0.5648275000000001
12.405	 0.5626507812500002
12.415000000000001	 0.5651898437500001
12.425	 0.56531859375
12.435	 0.5645818750000001
12.445	 0.5675812500000001
12.455000000000002	 0.5653806250000001
12.465000000000002	 0.568084375
12.475000000000001	 0.5682489062499999
12.485	 0.5676529687499998
12.494999999999997	 0.5706284374999998
12.504999999999997	 0.5684182812499998
12.514999999999999	 0.5710218749999998
12.524999999999999	 0.5711387499999997
12.535	 0.5707429687499997
12.545	 0.5737304687499998
12.555	 0.5716323437499998
12.565000000000001	 0.5743193749999999
12.575000000000001	 0.5746556249999998
12.585000000000003	 0.5742289062499998
12.595	 0.5772043749999998
12.605	 0.5750753124999998
12.614999999999998	 0.5777360937499999
12.624999999999998	 0.5780698437499998
12.634999999999998	 0.5778242187499998
12.645	 0.5806995312499997
12.655	 0.5785465624999998
12.665	 0.5812454687499998
12.675	 0.5814171874999998
12.685	 0.5809189062499999
12.695	 0.583818125
12.705000000000002	 0.5816509375
12.715000000000002	 0.5843093749999999
12.725000000000001	 0.5844667187499999
12.735000000000001	 0.5842164062499999
12.745	 0.5870821875000001
12.754999999999999	 0.58492921875
12.764999999999999	 0.5874850000000001
12.774999999999999	 0.5876614062500001
12.785	 0.5872753125000001
12.795	 0.5901385937500001
12.805	 0.58800234375
12.815000000000001	 0.5906989062500002
12.825000000000001	 0.5908300000000003
12.835	 0.5906226562500002
12.845	 0.5934956250000002
12.855	 0.5913714062500002
12.864999999999998	 0.5940607812500002
12.874999999999998	 0.5942229687500001
12.884999999999998	 0.5939868750000001
12.895	 0.59685265625
12.905	 0.5947212499999999
12.915	 0.59745828125
12.925	 0.5974726562499998
12.935	 0.5971079687499997
12.945	 0.5999451562499997
12.955000000000002	 0.5978232812499997
12.965	 0.6005079687499998
12.975	 0.6006056249999996
12.985000000000001	 0.6002956249999996
12.995	 0.6031829687499997
13.004999999999999	 0.6010895312499996
13.014999999999999	 0.6038170312499997
13.024999999999999	 0.6039839062499996
13.035	 0.6036690624999996
13.045	 0.6066849999999997
13.055	 0.6045393749999999
13.065000000000001	 0.6072217187499999
13.075000000000001	 0.6075745312499998
13.085	 0.6072121874999998
13.095	 0.6101232812499999
13.105	 0.6080037499999998
13.114999999999998	 0.6107503125
13.124999999999998	 0.6109076562499999
13.135	 0.610588125
13.145	 0.6136184375000001
13.155	 0.6115084375
13.165	 0.6142025
13.175	 0.6143217187500001
13.185	 0.6140809375
13.195	 0.617046875
13.205	 0.6149296875000001
13.215000000000002	 0.6175426562500002
13.225000000000001	 0.6175831250000001
13.235000000000001	 0.6173542187500002
13.245	 0.6201795312500002
13.255	 0.6180409375000001
13.265	 0.6207254687500001
13.275	 0.6207826562500001
13.284999999999998	 0.62052515625
13.295	 0.6233790625000001
13.305	 0.6212665625000001
13.315	 0.6240512500000001
13.325000000000001	 0.6241728125000002
13.335	 0.6239557812500002
13.344999999999999	 0.6269478125000001
13.354999999999999	 0.62482828125
13.364999999999998	 0.6276654687500001
13.375	 0.6277918750000001
13.385	 0.6277442187500002
13.395	 0.6306504687500003
13.405	 0.6286120312500002
13.415	 0.6313704687500002
13.424999999999999	 0.6316064062500002
13.435	 0.63161359375
13.445	 0.6345389062500001
13.455	 0.6324956250000001
13.465000000000002	 0.6353853125
13.475	 0.6355259375
13.485	 0.6354949999999999
13.495	 0.6386159375
13.505	 0.6366514062499999
13.515	 0.6395267187499999
13.525	 0.6397937499999999
13.534999999999998	 0.6398892187499998
13.545	 0.6430745312499998
13.555	 0.6411910937499999
13.565	 0.6442881249999999
13.575000000000001	 0.6446003124999999
13.585	 0.644876875
13.594999999999999	 0.6481837500000001
13.604999999999999	 0.6464407812500002
13.614999999999998	 0.6495617187500002
13.625	 0.6500028125000002
13.635000000000002	 0.6503675000000002
13.645000000000001	 0.65377453125
13.655000000000001	 0.6521651562499999
13.665	 0.6554696874999999
13.674999999999999	 0.65603484375
13.685	 0.6562995312500001
13.695	 0.6598662499999999
13.705	 0.65839515625
13.715	 0.6618332812499998
13.725	 0.6625342187499998
13.735	 0.6629539062499998
13.745	 0.6666182812499999
13.755	 0.6652949999999999
13.765	 0.6688568749999997
13.775	 0.6696651562499998
13.785	 0.6702421874999999
13.795	 0.6739495312499999
13.805	 0.6727717187499999
13.814999999999998	 0.6766054687499998
13.825000000000001	 0.6776092187500001
13.835	 0.6784389062500001
13.844999999999999	 0.6824132812500002
13.854999999999999	 0.6815835937500002
13.864999999999998	 0.6857273437500002
13.875	 0.6870171875000002
13.885	 0.6884118750000001
13.895000000000001	 0.6929251562500002
13.905	 0.6925128125000002
13.915	 0.6971048437500003
13.925	 0.6991432812500002
13.935	 0.7011626562500002
13.945	 0.7062625000000001
13.955	 0.7066296875000001
13.965	 0.7121490625000001
13.975	 0.7150935937500001
13.985	 0.7180785937500002
13.994999999999997	 0.7243156250000001
14.004999999999999	 0.7257914062500002
14.015	 0.7324528125000002
14.025000000000002	 0.7366846875000002
14.035	 0.7412934375000001
14.045	 0.7492446875000002
14.055	 0.7525564062500001
14.064999999999998	 0.7611728125000001
14.075	 0.7675100000000001
14.085	 0.7744075000000001
14.094999999999999	 0.7847357812500001
14.104999999999999	 0.7906843750000002
14.114999999999997	 0.8021284375000001
14.124999999999998	 0.8114053125000001
14.135	 0.8211326562500001
14.145000000000001	 0.8345960937500001
14.155000000000001	 0.8437514062500002
14.165000000000001	 0.8584785937500002
14.175	 0.8711100000000002
14.185	 0.8841657812500002
14.195	 0.9008931250000002
14.205	 0.9132981250000002
14.215	 0.9311843750000002
14.225	 0.9467150000000001
14.235	 0.9627057812500002
14.244999999999997	 0.982086875
14.254999999999999	 0.9969403125
14.265	 1.0170223437500001
14.275000000000002	 1.0344914062500001
14.285	 1.05222734375
14.295	 1.0730628125
14.305	 1.0890248437499999
14.314999999999998	 1.1100174999999999
14.325	 1.1282970312499998
14.335	 1.1463118749999996
14.344999999999999	 1.1671806249999996
14.354999999999999	 1.1830353124999997
14.364999999999997	 1.2037228124999997
14.374999999999998	 1.2214873437499998
14.385	 1.2387679687499997
14.395000000000001	 1.2588095312499998
14.405000000000001	 1.2736798437499997
14.415000000000001	 1.29329453125
14.425	 1.3096237499999999
14.435	 1.3256789062499998
14.445	 1.3443304687499997
14.455	 1.3576389062499998
14.465	 1.3755440625
14.475	 1.3902998437499998
14.485	 1.4046693749999997
14.495	 1.4213920312499997
14.504999999999999	 1.4329099999999997
14.515	 1.4490485937499997
14.525000000000002	 1.4618826562499996
14.535000000000002	 1.4741706249999995
14.545000000000002	 1.4891742187499994
14.555000000000001	 1.4987704687499996
14.565	 1.5129062499999995
14.574999999999998	 1.5237185937499997
14.584999999999999	 1.5341756249999994
14.594999999999999	 1.5470407812499996
14.604999999999999	 1.5544842187499996
14.614999999999998	 1.5663812499999996
14.624999999999998	 1.57476171875
14.635	 1.5828703125
14.645000000000001	 1.59345609375
14.655000000000001	 1.5985390625
14.665000000000001	 1.6079971874999999
14.675	 1.6139385937500001
14.685	 1.6193698437499997
14.695	 1.6271707812499998
14.705	 1.6294739062499999
14.715	 1.6360351562499995
14.725	 1.6391393749999998
14.735	 1.6416476562499998
14.745	 1.6463134374999997
14.754999999999999	 1.6453312499999997
14.765	 1.6486785937499997
14.775	 1.6484926562499997
14.785000000000002	 1.6476034375
14.795000000000002	 1.649076875
14.805000000000001	 1.6448615625000003
14.815000000000001	 1.6449592187500002
14.824999999999998	 1.6417453125
14.834999999999999	 1.638138125
14.844999999999999	 1.6367814062500001
14.854999999999999	 1.6300556250000002
14.864999999999998	 1.6279742187500001
14.874999999999998	 1.6225334375
14.884999999999998	 1.6170856249999999
14.895000000000001	 1.6143462499999999
14.905000000000001	 1.6065571875
14.915000000000003	 1.6037246875000002
14.925000000000002	 1.5979120312500001
14.935	 1.59219234375
14.945	 1.5895029687500002
14.955	 1.5820929687500003
14.965	 1.5797707812500004
14.974999999999998	 1.5747615625
14.985	 1.57022453125
14.995	 1.5686868749999998
15.004999999999999	 1.5625904687499999
15.014999999999999	 1.5617345312499997
15.025	 1.5581582812499997
15.035000000000002	 1.5550278124999997
15.045000000000002	 1.5549848437499998
15.055000000000001	 1.5503214062499997
15.065000000000001	 1.55099375
15.074999999999998	 1.54893859375
15.084999999999999	 1.5472171874999998
15.094999999999999	 1.54855953125
15.104999999999999	 1.54522890625
15.114999999999998	 1.5470837499999999
15.124999999999998	 1.5461420312499998
15.134999999999998	 1.5456699999999999
15.145000000000001	 1.54806140625
15.155000000000001	 1.5458249999999998
15.165000000000003	 1.5487384375
15.175000000000002	 1.5490628124999999
15.185	 1.5494299999999999
15.195	 1.5528560937499998
15.205	 1.5515424999999998
15.215	 1.555414375
15.224999999999998	 1.55644671875
15.235	 1.5577842187500004
15.245	 1.5622354687500004
15.254999999999999	 1.5618875000000003
15.264999999999999	 1.5667798437500002
15.275	 1.5687253125
15.285000000000002	 1.57104515625
15.295000000000002	 1.5762403125000002
15.305000000000003	 1.5766479687500004
15.315000000000001	 1.5822221875000004
15.325	 1.5847828125000005
15.334999999999999	 1.5876915625000005
15.344999999999999	 1.5934279687500004
15.354999999999999	 1.5943626562500002
15.364999999999998	 1.6001634375
15.374999999999998	 1.6029934375000001
15.384999999999998	 1.60621921875
15.395	 1.6119721875
15.405000000000001	 1.61278046875
15.415000000000003	 1.6184692187499998
15.425000000000002	 1.62094390625
15.435000000000002	 1.6235259374999997
15.445	 1.6287210937499996
15.455	 1.6288832812499996
15.465	 1.63371125
15.474999999999998	 1.6351965624999998
15.485	 1.6367176562499999
15.495	 1.6406134374999997
15.504999999999999	 1.6393903125000002
15.514999999999999	 1.64287359375
15.525	 1.6427067187500002
15.535000000000002	 1.6425350000000003
15.545000000000002	 1.6447284375000002
15.555000000000003	 1.6416360937499999
15.565000000000001	 1.6431167187500002
15.575	 1.6413095312500001
15.584999999999999	 1.6393521875000001
15.594999999999999	 1.6395262500000003
15.604999999999999	 1.63456
15.614999999999998	 1.6342739062500002
15.624999999999998	 1.6305496874999998
15.634999999999998	 1.6268875000000003
15.645	 1.6254832812500002
15.655000000000001	 1.6189743750000003
15.665000000000003	 1.6172934375
15.675000000000002	 1.6121864062500002
15.685000000000002	 1.6073250000000003
15.695000000000002	 1.6048978125000002
15.705	 1.5974901562500006
15.715	 1.5948962500000003
15.724999999999998	 1.5889381250000003
15.734999999999998	 1.5834854687500006
15.744999999999997	 1.5805504687500007
15.754999999999999	 1.5727184375000005
15.764999999999999	 1.5698954687500006
15.775	 1.5638515625000005
15.785	 1.5581460937500005
15.795000000000002	 1.5550728125000004
15.805000000000003	 1.5471668750000003
15.815000000000003	 1.5441103125000002
15.825000000000001	 1.53813078125
15.834999999999999	 1.5324612499999999
15.844999999999999	 1.5293807812500002
15.854999999999999	 1.5214796875000003
15.864999999999997	 1.5184828125
15.874999999999998	 1.5124103125
15.884999999999998	 1.5065499999999998
15.895	 1.5033789062499998
15.905	 1.4953990624999998
15.915000000000001	 1.4923067187499999
15.925000000000002	 1.4859671874999998
15.935000000000002	 1.4802451562499996
15.945000000000002	 1.4769954687499998
15.955	 1.4688557812499996
15.965	 1.4657801562499995
15.974999999999998	 1.4593857812499993
15.984999999999998	 1.4534085937499994
15.994999999999997	 1.4500540624999991
16.005	 1.4419596874999991
16.014999999999997	 1.438810156249999
16.025	 1.432401562499999
16.035	 1.4265770312499992
16.045	 1.4233749999999994
16.055000000000003	 1.4153593749999993
16.065000000000005	 1.4125532812499992
16.075000000000003	 1.4063329687499992
16.085	 1.4007778124999994
16.095	 1.3977904687499996
16.105	 1.3901706249999994
16.115	 1.3875646874999996
16.124999999999996	 1.3817210937499997
16.134999999999998	 1.3765259374999996
16.145	 1.3738914062499998
16.154999999999998	 1.36663390625
16.165	 1.3645762500000003
16.175	 1.359083125
16.185000000000002	 1.3542170312500004
16.195000000000004	 1.35201890625
16.205000000000002	 1.34516921875
16.215	 1.3433262499999996
16.224999999999998	 1.3382264062499996
16.235	 1.3339039062499995
16.244999999999997	 1.3321229687499994
16.254999999999995	 1.3257262499999996
16.264999999999997	 1.3243578124999995
16.274999999999995	 1.3196871874999994
16.284999999999997	 1.3157937499999994
16.294999999999998	 1.3145540624999994
16.305	 1.3086032812499995
16.315	 1.3078309374999995
16.325000000000003	 1.3037873437499994
16.335000000000004	 1.3003923437499993
16.345000000000002	 1.2995579687499994
16.355	 1.2941529687499997
16.365	 1.2939860937499996
16.375	 1.29042171875
16.384999999999998	 1.2875487499999998
16.395	 1.2873007812499997
16.404999999999998	 1.2824156249999996
16.415	 1.2826326562499997
16.425	 1.2797073437499995
16.435000000000002	 1.2773279687499997
16.445000000000004	 1.2775115624999998
16.455000000000002	 1.2730745312499996
16.465	 1.2736467187499998
16.474999999999998	 1.2709525
16.485	 1.2691262499999998
16.494999999999997	 1.2698295312499999
16.504999999999995	 1.26592421875
16.514999999999997	 1.2670375
16.524999999999995	 1.2648798437500002
16.534999999999997	 1.2635781250000004
16.544999999999995	 1.2645556250000005
16.554999999999996	 1.2610007812500004
16.565	 1.2624884375000003
16.575000000000003	 1.2606359375
16.585000000000004	 1.2596775000000002
16.595000000000002	 1.2612057812500002
16.605000000000004	 1.2579895312500002
16.615000000000002	 1.25996125
16.625	 1.25867140625
16.635	 1.2580253125
16.645	 1.2599231249999996
16.654999999999998	 1.2571884374999998
16.665	 1.2594557812499996
16.675	 1.2585593749999997
16.685000000000002	 1.2584687499999998
16.695	 1.2608504687499995
16.705000000000002	 1.2584232812499998
16.715	 1.2612962499999998
16.725	 1.2607003124999998
16.735	 1.2609720312499997
16.744999999999997	 1.2636899999999998
16.754999999999995	 1.2618614062499998
16.764999999999997	 1.2651896874999997
16.774999999999995	 1.2650918749999998
16.784999999999997	 1.26580234375
16.794999999999995	 1.2690831249999999
16.804999999999993	 1.2678434375
16.814999999999998	 1.2718656249999998
16.825000000000003	 1.2724424999999997
16.835000000000004	 1.27406375
16.845000000000006	 1.27812640625
16.855000000000004	 1.2776853125
16.865000000000002	 1.28258484375
16.875000000000004	 1.28425375
16.885	 1.2868310937500003
16.895	 1.2920023437500003
16.904999999999998	 1.2927795312500003
16.915	 1.2989450000000005
16.925	 1.3017345312500004
16.935000000000002	 1.3056660937500004
16.945	 1.3122940625000001
16.955000000000002	 1.3145423437500003
16.965	 1.3220382812500004
16.975	 1.3264442187500003
16.985	 1.3318753125000005
16.994999999999997	 1.3399600000000003
17.004999999999995	 1.3436317187500004
17.014999999999997	 1.3526345312500003
17.024999999999995	 1.3583328125
17.034999999999993	 1.3651110937500002
17.044999999999995	 1.3744284375000002
17.054999999999993	 1.3793445312500001
17.064999999999998	 1.3894748437500002
17.075000000000003	 1.3964795312500002
17.085000000000004	 1.4043807812500002
17.095000000000006	 1.4147353125000002
17.105000000000008	 1.4206123437500002
17.115000000000006	 1.4317084375000002
17.125000000000004	 1.4391876562500003
17.135000000000005	 1.4477754687500002
17.145000000000003	 1.45864734375
17.155	 1.4650942187500002
17.165	 1.4767528125000002
17.175	 1.4849615625000006
17.185000000000002	 1.4942075000000004
17.195	 1.5058137500000004
17.205000000000002	 1.5127946875000005
17.215	 1.5248420312500004
17.225	 1.5333082812500005
17.235	 1.5428378125000004
17.244999999999997	 1.5547109375000003
17.254999999999995	 1.5619731250000002
17.264999999999997	 1.5742254687500004
17.274999999999995	 1.5829825000000002
17.284999999999993	 1.5927434375
17.29499999999999	 1.604705
17.304999999999993	 1.61204828125
17.314999999999994	 1.6242790625000003
17.325	 1.63293140625
17.335000000000004	 1.64245859375
17.345000000000006	 1.65420078125
17.355000000000008	 1.6610075
17.365000000000006	 1.6728831250000002
17.375000000000004	 1.6810228125
17.385000000000005	 1.6898562499999998
17.395000000000003	 1.7008020312499998
17.405000000000005	 1.7069556249999998
17.415	 1.7180635937499997
17.425	 1.7253735937499994
17.435	 1.7333057812499995
17.445	 1.7431285937499994
17.455000000000002	 1.7480328124999995
17.465	 1.7578246874999994
17.474999999999998	 1.7634990624999993
17.485	 1.7698599999999993
17.494999999999997	 1.7781712499999995
17.504999999999995	 1.7815139062499996
17.514999999999997	 1.7894270312499998
17.524999999999995	 1.793441875
17.534999999999993	 1.7977740625
17.54499999999999	 1.8040182812499999
17.55499999999999	 1.8052628125
17.564999999999994	 1.8112471875000002
17.575	 1.8129779687500003
17.585	 1.8152620312500003
17.595000000000006	 1.8193914062500003
17.605000000000008	 1.8184401562500003
17.615000000000006	 1.8221142187500003
17.625000000000007	 1.8218448437500003
17.635000000000005	 1.8220714062500003
17.645000000000003	 1.8240431250000004
17.655000000000005	 1.8211820312500004
17.665	 1.8230940625000005
17.675	 1.8211293750000004
17.685	 1.8197489062500005
17.695	 1.8202854687500003
17.705000000000002	 1.8159225
17.715	 1.8162920312500002
17.724999999999998	 1.8129540625000002
17.735	 1.8105484375000003
17.744999999999997	 1.8100334375000002
17.754999999999995	 1.8048668750000003
17.764999999999997	 1.80477625
17.774999999999995	 1.8009115625000003
17.784999999999993	 1.7980529687500002
17.79499999999999	 1.7971517187500003
17.80499999999999	 1.79165140625
17.81499999999999	 1.7910578124999998
17.824999999999996	 1.7869068750000001
17.835	 1.7839790624999998
17.845000000000002	 1.7831826562499997
17.855000000000008	 1.7778373437499997
17.86500000000001	 1.7776442187499994
17.875000000000007	 1.7737460937499996
17.885000000000005	 1.7711354687499994
17.895000000000007	 1.7706539062499995
17.905000000000005	 1.7656876562499995
17.915000000000003	 1.7659307812499994
17.925	 1.7623092187499994
17.935	 1.7600035937499996
17.945	 1.7599629687499998
17.955000000000002	 1.7556190624999999
17.965	 1.756279375
17.975	 1.7532348437499998
17.985	 1.7514323437500003
17.994999999999997	 1.7519831250000002
18.004999999999995	 1.7480873437500002
18.014999999999997	 1.7494582812500004
18.024999999999995	 1.7472146875000003
18.034999999999993	 1.7461728125000002
18.04499999999999	 1.7474198437500001
18.05499999999999	 1.7443107812500003
18.06499999999999	 1.7463254687500003
18.074999999999992	 1.744673125
18.084999999999997	 1.744286875
18.095000000000002	 1.7461084375
18.105000000000004	 1.7436265625
18.115000000000006	 1.7464112500000002
18.125000000000007	 1.74546234375
18.13500000000001	 1.745834375
18.145000000000007	 1.74843796875
18.15500000000001	 1.7466378125
18.165000000000003	 1.7500734374999998
18.175000000000004	 1.7501210937499998
18.185000000000002	 1.7513035937499999
18.195	 1.7546081249999999
18.205000000000002	 1.753654375
18.215	 1.758005625
18.225	 1.75880671875
18.235	 1.7607975000000002
18.244999999999997	 1.7650507812500003
18.254999999999995	 1.76485765625
18.264999999999997	 1.7698262500000002
18.274999999999995	 1.77123046875
18.284999999999993	 1.7739865625
18.29499999999999	 1.7788217187499997
18.30499999999999	 1.7793009374999997
18.31499999999999	 1.7847321874999997
18.324999999999992	 1.7865728124999996
18.334999999999997	 1.7896673437499997
18.345	 1.7949006249999997
18.355000000000004	 1.7956589062499997
18.365000000000006	 1.8014859374999999
18.375000000000007	 1.8033551562499996
18.38500000000001	 1.8065667187499996
18.39500000000001	 1.8118071874999995
18.40500000000001	 1.8125557812499995
18.415000000000006	 1.8181560937499999
18.425000000000004	 1.8199251562499998
18.435000000000002	 1.8229603124999998
18.445	 1.82779546875
18.455000000000002	 1.82814828125
18.465	 1.8335126562499997
18.475	 1.8347025
18.485	 1.8372059374999998
18.494999999999997	 1.8415189062499997
18.504999999999995	 1.8412542187499998
18.514999999999993	 1.8459415625
18.524999999999995	 1.8465018749999997
18.534999999999993	 1.8481946874999995
18.54499999999999	 1.8517114062499995
18.55499999999999	 1.8507364062499996
18.56499999999999	 1.8547774999999997
18.574999999999992	 1.8547298437499995
18.584999999999994	 1.8559982812499993
18.595	 1.8589331249999996
18.605000000000004	 1.8574334374999995
18.615000000000006	 1.8609882812499998
18.625000000000007	 1.8606496874999996
18.63500000000001	 1.8615699999999995
18.64500000000001	 1.8641401562499997
18.65500000000001	 1.8622089062499998
18.66500000000001	 1.8654609374999995
18.675000000000008	 1.8647074999999993
18.685000000000006	 1.8654656249999995
18.695000000000004	 1.8680024999999998
18.705000000000002	 1.8661832812499997
18.715	 1.8693637499999995
18.725	 1.8688296875
18.735	 1.8695996874999998
18.744999999999997	 1.8722437499999998
18.754999999999995	 1.8706273437499996
18.764999999999993	 1.8741773437499998
18.774999999999995	 1.8738148437499995
18.784999999999993	 1.8749139062499998
18.79499999999999	 1.8780253124999997
18.80499999999999	 1.8766710937499997
18.81499999999999	 1.8803951562499996
18.824999999999992	 1.8802401562499995
18.834999999999994	 1.8817279687499997
18.845	 1.8848560937499994
18.855	 1.8837045312499996
18.865000000000002	 1.8875359374999998
18.875000000000007	 1.8875478124999996
18.88500000000001	 1.8889331249999997
18.89500000000001	 1.8922209374999996
18.905000000000012	 1.8913268749999996
18.91500000000001	 1.8954539062499993
18.925000000000008	 1.8957042187499995
18.935000000000006	 1.8972992187499995
18.945000000000004	 1.9008707812499994
18.955000000000002	 1.9001984374999992
18.965	 1.9045471874999995
18.975	 1.9049978124999996
18.985	 1.9067931249999996
18.994999999999997	 1.9104432812499998
19.004999999999995	 1.90985671875
19.014999999999993	 1.91444390625
19.02499999999999	 1.91508515625
19.034999999999993	 1.9171975
19.04499999999999	 1.9210814062500001
19.05499999999999	 1.9207476562499999
19.06499999999999	 1.9255470312499998
19.074999999999992	 1.9263553124999997
19.084999999999994	 1.9288659374999997
19.095	 1.9328881249999996
19.105	 1.9327904687499997
19.115000000000002	 1.9378496874999995
19.125000000000004	 1.9389917187499996
19.135000000000005	 1.9416906249999994
19.145000000000007	 1.9460035937499998
19.155000000000012	 1.9461395312499996
19.16500000000001	 1.9514014062499994
19.175000000000008	 1.9528723437499995
19.185000000000006	 1.9558406249999996
19.195000000000004	 1.9606565624999996
19.205000000000002	 1.9610857812499998
19.215	 1.9666623437500002
19.225	 1.9681381249999998
19.235	 1.971354375
19.244999999999997	 1.97624671875
19.254999999999995	 1.97682359375
19.264999999999993	 1.98253859375
19.27499999999999	 1.984221875
19.284999999999993	 1.9876503124999998
19.29499999999999	 1.9928621874999997
19.30499999999999	 1.9935226562499997
19.31499999999999	 1.99947359375
19.324999999999992	 2.00120921875
19.334999999999994	 2.00461375
19.344999999999995	 2.0097731249999997
19.355	 2.0107840624999995
19.365000000000002	 2.01675640625
19.375000000000004	 2.01878296875
19.385000000000005	 2.0225021874999998
19.395000000000007	 2.0277329687499996
19.40500000000001	 2.028810625
19.41500000000001	 2.0348784374999997
19.42500000000001	 2.03682625
19.43500000000001	 2.0403310937500003
19.445000000000007	 2.045564375
19.455000000000005	 2.04665390625
19.465000000000003	 2.0528028125
19.475	 2.05473625
19.485	 2.0584626562500006
19.494999999999997	 2.0636292187500005
19.504999999999995	 2.06462578125
19.514999999999993	 2.0707245312500002
19.52499999999999	 2.0728273437499998
19.534999999999993	 2.07657046875
19.54499999999999	 2.0818634375
19.55499999999999	 2.0828815625
19.56499999999999	 2.08897546875
19.574999999999992	 2.09109734375
19.584999999999994	 2.0947904687499994
19.594999999999995	 2.0998782812499996
19.605	 2.1007771874999994
19.615	 2.1067018749999993
19.625000000000004	 2.1086854687499996
19.635000000000005	 2.1123499999999997
19.645000000000007	 2.1173329687499995
19.65500000000001	 2.1182174999999996
19.66500000000001	 2.124139843749999
19.67500000000001	 2.1260615624999994
19.68500000000001	 2.129625937499999
19.695000000000007	 2.134499218749999
19.705000000000005	 2.135319374999999
19.715000000000003	 2.141201093749999
19.725	 2.142862812499999
19.735	 2.1464009374999993
19.744999999999997	 2.151514999999999
19.754999999999995	 2.152254062499999
19.764999999999993	 2.1579070312499993
19.77499999999999	 2.1594853124999993
19.784999999999993	 2.1629424999999993
19.79499999999999	 2.167722812499999
19.80499999999999	 2.1685
19.81499999999999	 2.1740957812499992
19.824999999999992	 2.1757265624999995
19.834999999999994	 2.178778437499999
19.844999999999995	 2.1833226562499997
19.855	 2.1838471874999996
19.865	 2.1894190624999994
19.875	 2.1908234374999997
19.885000000000005	 2.1939110937499997
19.895000000000007	 2.19853171875
19.90500000000001	 2.1990395312500004
19.91500000000001	 2.2045779687500002
19.92500000000001	 2.2059703125
19.93500000000001	 2.2089242187499996
19.945000000000007	 2.2136378125
19.955000000000005	 2.2139715625
19.965000000000003	 2.21945765625
19.975	 2.22075234375
19.985	 2.2239400000000002
19.994999999999997	 2.22838171875
20.005	 2.2288609375
20.014999999999997	 2.2343756249999998
20.024999999999995	 2.2355773437499997
20.034999999999993	 2.23851234375
20.04499999999999	 2.2430542187499998
20.05499999999999	 2.2434571875000002
20.06499999999999	 2.2488454687500004
20.074999999999992	 2.25010421875
20.084999999999994	 2.2532823437500005
20.094999999999995	 2.2577360937500006
20.104999999999997	 2.258208125000001
20.115	 2.2636751562500006
20.125	 2.264907812500001
20.135000000000005	 2.2681310937500005
20.145000000000003	 2.2726825000000006
20.155000000000005	 2.2731307812500012
20.165000000000006	 2.2785071875000007
20.175000000000008	 2.279720781250001
20.18500000000001	 2.282736718750001
20.19500000000001	 2.2871593750000008
20.20500000000001	 2.2874217187500006
20.215000000000007	 2.2926193750000006
20.225000000000005	 2.2935634375000005
20.235000000000003	 2.2965628125
20.245	 2.300983125
20.255	 2.301395625
20.264999999999997	 2.30670515625
20.274999999999995	 2.30779703125
20.284999999999993	 2.3107271875000004
20.29499999999999	 2.3149925000000007
20.30499999999999	 2.3152785937500004
20.31499999999999	 2.320385468750001
20.324999999999992	 2.3214559375000006
20.334999999999994	 2.3246150000000005
20.344999999999995	 2.328899375000001
20.354999999999997	 2.329116406250001
20.365	 2.3343545312500007
20.375	 2.3354654687500007
20.385	 2.3381739062500007
20.395000000000003	 2.3422746875000007
20.405000000000005	 2.34247015625
20.415000000000006	 2.3476676562500005
20.425000000000008	 2.3487118750000002
20.43500000000001	 2.3516729687500004
20.44500000000001	 2.3558453125
20.45500000000001	 2.3561576562499997
20.465000000000007	 2.3613098437499995
20.475000000000005	 2.3623779687499993
20.485000000000003	 2.3655537499999992
20.495	 2.369969375
20.505	 2.3702745312499998
20.514999999999997	 2.3754315624999998
20.524999999999995	 2.3764662499999996
20.534999999999993	 2.379489375
20.54499999999999	 2.3837665624999995
20.55499999999999	 2.3839643749999997
20.56499999999999	 2.3891595312499994
20.574999999999992	 2.3902324999999998
20.584999999999994	 2.3931220312499994
20.594999999999995	 2.397296718749999
20.604999999999997	 2.3973467187499993
20.615	 2.402558593749999
20.625	 2.403331093749999
20.635	 2.406347187499999
20.645000000000003	 2.410407499999999
20.655	 2.4106053124999995
20.665000000000006	 2.415795624999999
20.675000000000008	 2.4167682812499987
20.68500000000001	 2.419574531249999
20.69500000000001	 2.4236823437499995
20.70500000000001	 2.4239684374999997
20.715000000000007	 2.4291874999999994
20.725000000000005	 2.4300171875
20.735000000000003	 2.432954374999999
20.745	 2.4368596874999997
20.755	 2.436947812499999
20.764999999999997	 2.4421167187499995
20.774999999999995	 2.44288203125
20.784999999999993	 2.44572390625
20.79499999999999	 2.4497674999999997
20.80499999999999	 2.4500940625000003
20.81499999999999	 2.45522234375
20.824999999999992	 2.456004375
20.834999999999994	 2.4589250000000002
20.844999999999995	 2.4630353125000006
20.854999999999997	 2.4632807812500004
20.865	 2.4684759375000005
20.875	 2.4692889062500005
20.885	 2.47209984375
20.895000000000003	 2.47609578125
20.905000000000005	 2.47612203125
20.915000000000006	 2.4812337500000003
20.925000000000008	 2.482216093750001
20.93500000000001	 2.485148593750001
20.94500000000001	 2.48918265625
20.95500000000001	 2.489328125
20.965000000000007	 2.4944017187500007
20.97500000000001	 2.4952576562500006
20.985000000000007	 2.4982807812500005
20.995000000000005	 2.502255156250001
21.005000000000003	 2.5025340625000005
21.014999999999997	 2.5076385937500008
21.024999999999995	 2.5085040625000006
21.034999999999993	 2.511567812500001
21.04499999999999	 2.515780625000001
21.05499999999999	 2.5160118750000002
21.06499999999999	 2.5210806250000006
21.074999999999992	 2.521974687500001
21.084999999999994	 2.5249192187500005
21.094999999999995	 2.5288626562500007
21.104999999999997	 2.5289867187500006
21.115	 2.5340864062500006
21.125	 2.5348254687500007
21.135	 2.537550468750001
21.145000000000003	 2.5416226562500004
21.155	 2.5418609375000005
21.165000000000003	 2.5470012500000005
21.175000000000004	 2.5477784375000003
21.185000000000006	 2.5506918750000005
21.195000000000007	 2.5547545312500004
21.20500000000001	 2.55491671875
21.21500000000001	 2.56003796875
21.22500000000001	 2.5608271875
21.235000000000007	 2.56396484375
21.245000000000005	 2.5680990625
21.255000000000003	 2.568118125
21.264999999999997	 2.5732965624999995
21.274999999999995	 2.5739974999999995
21.284999999999993	 2.5769992187499993
21.29499999999999	 2.580878281249999
21.30499999999999	 2.581021406249999
21.31499999999999	 2.5861760937499993
21.324999999999992	 2.586898437499999
21.334999999999994	 2.5898095312499994
21.344999999999995	 2.593581406249999
21.354999999999997	 2.5937864062499982
21.365	 2.598891093749999
21.375	 2.5995348437499985
21.385	 2.6025698437499987
21.395000000000003	 2.606429843749999
21.405	 2.606734999999999
21.415000000000003	 2.611904062499999
21.425000000000004	 2.6126384375
21.435000000000006	 2.6154946874999996
21.445000000000007	 2.6192949999999993
21.45500000000001	 2.619602656249999
21.46500000000001	 2.6247024999999993
21.47500000000001	 2.625365312499999
21.485000000000007	 2.6282954687499993
21.495000000000005	 2.632191249999999
21.505000000000003	 2.632362968749999
21.515	 2.6374889062499998
21.524999999999995	 2.63829234375
21.534999999999993	 2.641313125
21.54499999999999	 2.6453615624999998
21.55499999999999	 2.6454521875
21.56499999999999	 2.6505853125
21.574999999999992	 2.65135296875
21.584999999999994	 2.65429984375
21.594999999999995	 2.6581478125
21.604999999999997	 2.6582907812500003
21.615	 2.6633165625000004
21.625	 2.6639459375000007
21.635	 2.6671026562500013
21.645000000000003	 2.6709889062500007
21.655	 2.6711534375000006
21.665000000000003	 2.6762603125000006
21.675000000000004	 2.67695171875
21.685000000000006	 2.67984140625
21.695000000000007	 2.6837871874999997
21.70500000000001	 2.6840518749999998
21.71500000000001	 2.6891229687499996
21.72500000000001	 2.6897690625
21.735000000000007	 2.6928017187499997
21.745000000000005	 2.69669984375
21.755000000000003	 2.6969096874999994
21.765	 2.7019784374999993
21.775	 2.7027009374999995
21.784999999999993	 2.705540468749999
21.79499999999999	 2.709274218749999
21.80499999999999	 2.7094982812499993
21.81499999999999	 2.7145409374999994
21.824999999999992	 2.7151609374999994
21.834999999999994	 2.7180171874999997
21.844999999999995	 2.7217912499999994
21.854999999999997	 2.7219939062499994
21.865	 2.7271198437499993
21.875	 2.7277445312499995
21.885	 2.730784374999999
21.895000000000003	 2.7348040624999994
21.905	 2.7348374999999994
21.915000000000003	 2.7399610937499994
21.925	 2.7406239062499997
21.935000000000002	 2.7436374999999993
21.945000000000004	 2.74739015625
21.955000000000005	 2.7475951562499996
21.965000000000007	 2.7527784375
21.97500000000001	 2.7535199999999995
21.98500000000001	 2.7566932812499996
21.995000000000005	 2.760529374999999
22.005000000000003	 2.7606484374999996
22.015	 2.76579125
22.025	 2.7665304687499996
22.034999999999997	 2.7697849999999997
22.04499999999999	 2.773380468749999
22.05499999999999	 2.77357828125
22.06499999999999	 2.7787281249999998
22.074999999999992	 2.779440937499999
22.084999999999994	 2.782409375
22.094999999999995	 2.78614296875
22.104999999999997	 2.78632890625
22.115	 2.7914692187500005
22.125	 2.7922178125
22.135	 2.7952195312500003
22.145000000000003	 2.7989554687500005
22.155	 2.7992440625000006
22.165000000000003	 2.8043725000000004
22.175	 2.8049542187500007
22.185000000000002	 2.8081107812500004
22.195000000000004	 2.8120971875000005
22.205000000000005	 2.8123189062500007
22.215000000000007	 2.817473593750001
22.22500000000001	 2.8182007812500007
22.23500000000001	 2.8213765625000002
22.245000000000005	 2.8251960937500007
22.255000000000003	 2.8254275000000004
22.265	 2.8305845312500004
22.275	 2.8312306250000003
22.284999999999997	 2.8343181250000002
22.29499999999999	 2.8382234375000004
22.30499999999999	 2.8386192187500003
22.31499999999999	 2.8437976562500005
22.324999999999992	 2.8444007812500005
22.334999999999994	 2.8473381250000007
22.344999999999995	 2.851114687500001
22.354999999999993	 2.851355625000001
22.365	 2.8565412500000016
22.375	 2.8571731250000005
22.385	 2.860203437500001
22.395000000000003	 2.8639442187500004
22.405	 2.864227968750001
22.415000000000003	 2.869430156250001
22.425	 2.8700668750000005
22.435000000000002	 2.8732282812500003
22.445000000000004	 2.8769332812500004
22.455000000000005	 2.8772384375
22.465000000000007	 2.88241921875
22.47500000000001	 2.8832465625
22.48500000000001	 2.8865129687499995
22.495000000000008	 2.8902489062499996
22.505000000000006	 2.8906567187499994
22.515000000000004	 2.8958160937499993
22.525000000000002	 2.8965360937499995
22.534999999999997	 2.8997618749999994
22.544999999999995	 2.9037864062499987
22.55499999999999	 2.903855468749999
22.56499999999999	 2.909029062499999
22.574999999999992	 2.909837343749999
22.584999999999994	 2.913115624999999
22.594999999999995	 2.917187812499999
22.604999999999993	 2.917521562499999
22.615	 2.9226832812499994
22.625	 2.923391406249999
22.634999999999998	 2.926598124999999
22.645000000000003	 2.930567812499999
22.655	 2.930913437499999
22.665000000000003	 2.936082343749999
22.675000000000004	 2.9366782812499994
22.685000000000002	 2.9400732812499997
22.695000000000004	 2.9438284374999997
22.705000000000005	 2.94425046875
22.715000000000007	 2.9494885937499995
22.72500000000001	 2.95027296875
22.73500000000001	 2.9535249999999995
22.745000000000008	 2.95746359375
22.755000000000006	 2.957885625
22.765000000000004	 2.9631118749999996
22.775000000000002	 2.9638437499999997
22.784999999999997	 2.9672221875
22.794999999999995	 2.97148265625
22.80499999999999	 2.971990468749999
22.81499999999999	 2.9772546875
22.824999999999992	 2.9779365624999996
22.834999999999994	 2.9812362500000003
22.844999999999995	 2.9851439062500003
22.854999999999993	 2.98551828125
22.864999999999995	 2.9907968749999996
22.874999999999996	 2.99156703125
22.884999999999998	 2.9949096875
22.895000000000003	 2.9988053125
22.905	 2.99930125
22.915000000000003	 3.0045845312499995
22.925000000000004	 3.005254375
22.935000000000002	 3.008573125
22.945	 3.0122448437500005
22.955000000000002	 3.0127478125000002
22.965000000000003	 3.018090781250001
22.975000000000005	 3.018858593750001
22.985000000000007	 3.0221487500000004
22.995000000000008	 3.02606109375
23.005000000000006	 3.026561718750001
23.015000000000004	 3.0318807812500004
23.025000000000002	 3.0327725
23.035	 3.0361460937500007
23.044999999999995	 3.04003234375
23.054999999999993	 3.040428125000001
23.06499999999999	 3.0457734375000003
23.074999999999992	 3.046541093750001
23.084999999999994	 3.049933906250001
23.094999999999995	 3.0538534375000013
23.104999999999993	 3.0543470312500016
23.114999999999995	 3.059604218750002
23.124999999999996	 3.0604004687500015
23.134999999999998	 3.063809843750001
23.145000000000003	 3.0675481250000014
23.155	 3.0681607812500014
23.165000000000003	 3.073410781250001
23.175000000000004	 3.074180937500001
23.185000000000002	 3.077525937500001
23.195	 3.0816339062500004
23.205000000000002	 3.0818581250000006
23.215000000000003	 3.087148593750001
23.225000000000005	 3.0879664062500005
23.235000000000007	 3.0910039062500005
23.245000000000008	 3.094837656250001
23.255000000000006	 3.09538609375
23.265000000000004	 3.1007337500000007
23.275000000000002	 3.1014848437500007
23.285	 3.1049420312500002
23.294999999999995	 3.1089284375000004
23.304999999999993	 3.1094934375000003
23.31499999999999	 3.1149128125
23.324999999999992	 3.1156423437500003
23.334999999999994	 3.11923765625
23.344999999999995	 3.1230832812500005
23.354999999999993	 3.1237340625000005
23.364999999999995	 3.1291460937500006
23.374999999999996	 3.1299495312500007
23.384999999999998	 3.1335115625000007
23.395000000000003	 3.1373785937500007
23.405	 3.138000781250001
23.415000000000003	 3.143396250000001
23.425000000000004	 3.144199687500001
23.435000000000002	 3.1472562500000003
23.445	 3.15112578125
23.455000000000002	 3.1518864062500005
23.465000000000003	 3.15730578125
23.475000000000005	 3.1581115625000002
23.485000000000007	 3.1616854687500004
23.495000000000005	 3.16567890625
23.505000000000006	 3.16640359375
23.515000000000004	 3.1718681250000005
23.525000000000002	 3.1727596875000006
23.535	 3.1763075000000005
23.544999999999998	 3.1801721874999997
23.554999999999993	 3.1808207812500005
23.564999999999994	 3.1863140624999997
23.574999999999992	 3.18715328125
23.584999999999994	 3.190936875
23.594999999999995	 3.1948159374999996
23.604999999999993	 3.1956028124999993
23.614999999999995	 3.2011554687499992
23.624999999999996	 3.2020924999999996
23.634999999999998	 3.2056568749999994
23.645	 3.20953359375
23.655	 3.2103656249999997
23.665000000000003	 3.2159159374999997
23.675000000000004	 3.2168625
23.685000000000002	 3.2206009375
23.695	 3.2246731250000003
23.705000000000002	 3.2254789062499998
23.715000000000003	 3.2310746874999996
23.725000000000005	 3.2320259375
23.735000000000007	 3.23581921875
23.745000000000005	 3.23971015625
23.755000000000006	 3.240318125
23.765000000000004	 3.24590671875
23.775000000000002	 3.2468890625
23.785	 3.2505679687500004
23.794999999999998	 3.254444687500001
23.804999999999993	 3.255181406250001
23.814999999999994	 3.26072703125
23.824999999999992	 3.2616806250000008
23.834999999999994	 3.265514375000001
23.844999999999995	 3.269812968750001
23.854999999999993	 3.2702993750000013
23.864999999999995	 3.2758664062500014
23.874999999999996	 3.277032187500001
23.884999999999998	 3.2807778125000007
23.895	 3.284792812500001
23.905	 3.285570156250001
23.915000000000003	 3.291180156250001
23.925000000000004	 3.2921551562500015
23.935000000000002	 3.2958434375000016
23.945	 3.2999681250000017
23.955000000000002	 3.300802500000002
23.965	 3.306398281250002
23.975	 3.307340000000002
23.985000000000003	 3.311118906250002
23.995000000000005	 3.3151745312500025
24.005000000000006	 3.3160876562500023
24.015000000000004	 3.3217262500000024
24.025000000000006	 3.3226393750000023
24.035000000000004	 3.326511406250002
24.044999999999998	 3.330566875000002
24.054999999999996	 3.3314681250000016
24.064999999999994	 3.3370995312500016
24.074999999999992	 3.3381532812500017
24.084999999999994	 3.3418678125000008
24.094999999999995	 3.345842187500001
24.104999999999993	 3.3467814062500008
24.114999999999995	 3.3523746875000007
24.124999999999996	 3.3533164062500007
24.134999999999998	 3.3571668750000003
24.145	 3.3611056250000004
24.155	 3.361997343750001
24.165000000000003	 3.367626406250001
24.175000000000004	 3.3685967187500006
24.185000000000002	 3.3724471875000006
24.195	 3.3765621875000007
24.205000000000002	 3.3774323437500007
24.215	 3.3830471875000003
24.225	 3.3839151562500005
24.235000000000003	 3.3878729687500004
24.245000000000005	 3.3916828125000005
24.255000000000006	 3.39267953125
24.265000000000004	 3.3983181250000003
24.275000000000006	 3.3993529687500006
24.285000000000004	 3.4031939062500007
24.294999999999998	 3.4071087500000012
24.304999999999996	 3.4079765625000005
24.314999999999994	 3.4136079687500005
24.324999999999992	 3.4145090625000005
24.334999999999994	 3.4183000000000003
24.344999999999995	 3.4222148437500004
24.354999999999993	 3.4231875000000005
24.364999999999995	 3.4288714062500003
24.374999999999996	 3.4297535937500006
24.384999999999998	 3.4337923437500004
24.395	 3.4380409375
24.405	 3.4389445312500007
24.415000000000003	 3.44461171875
24.425000000000004	 3.44567734375
24.435000000000002	 3.4497137500000004
24.445	 3.4537810937500004
24.455000000000002	 3.4547823437500003
24.465	 3.46048765625
24.475	 3.46138890625
24.485000000000003	 3.4653228124999997
24.495	 3.4697598437499995
24.505000000000003	 3.4704368749999994
24.515000000000004	 3.4760898437499996
24.525000000000006	 3.4770935937499994
24.535000000000004	 3.4809343749999995
24.545	 3.4850017187499995
24.554999999999996	 3.486012656249999
24.564999999999998	 3.4916417187499986
24.574999999999996	 3.4926145312499988
24.584999999999994	 3.4964459374999985
24.594999999999995	 3.500542031249999
24.604999999999993	 3.501457499999999
24.614999999999995	 3.5071653124999984
24.624999999999996	 3.508169062499998
24.634999999999998	 3.5120671874999987
24.645	 3.5159320312499993
24.654999999999998	 3.516847656249999
24.665000000000003	 3.522472031249999
24.675000000000004	 3.5233707812499993
