0.32499999999999996	 0.1978253125
0.33499999999999996	 0.1983475
0.3449999999999999	 0.19829734375000002
0.355	 0.20037875000000002
0.36499999999999994	 0.19797546875000002
0.375	 0.20069828125
0.38499999999999995	 0.19975656249999998
0.39499999999999996	 0.19976125000000003
0.40499999999999997	 0.20187843750000004
0.415	 0.19943937500000003
0.425	 0.20202625000000002
0.435	 0.2010440625
0.44500000000000006	 0.20086046875
0.455	 0.20307546875
0.4650000000000001	 0.20065078124999997
0.47500000000000003	 0.20326375
0.48500000000000004	 0.20226468749999998
0.49500000000000005	 0.20217171875
0.505	 0.20427937499999999
0.515	 0.201888125
0.5250000000000001	 0.20452265625
0.5350000000000001	 0.20367625
0.5450000000000002	 0.20330187499999997
0.555	 0.2057528125
0.5650000000000001	 0.2032946875
0.5750000000000001	 0.2059171875
0.585	 0.20493484374999998
0.5949999999999999	 0.20492765624999998
0.6049999999999999	 0.20719984374999997
0.6149999999999999	 0.20477031249999997
0.6249999999999999	 0.20752890624999995
0.635	 0.20668718749999995
0.645	 0.20662531249999994
0.655	 0.20885218749999995
0.6649999999999999	 0.20644187499999997
0.6749999999999999	 0.20908124999999997
0.6849999999999999	 0.208335
0.695	 0.20825390624999998
0.705	 0.21046640625000002
0.715	 0.20805359375000002
0.725	 0.21068093750000003
0.7349999999999999	 0.20992750000000002
0.7449999999999999	 0.20991546875000003
0.7549999999999999	 0.2121971875
0.7649999999999999	 0.2097771875
0.7749999999999999	 0.21239265625
0.785	 0.21167499999999997
0.7950000000000002	 0.21147953125
0.805	 0.213673125
0.8150000000000001	 0.21126984375
0.8250000000000001	 0.21387343749999999
0.8350000000000001	 0.2130103125
0.845	 0.21293890624999998
0.855	 0.21518718749999996
0.865	 0.2127434375
0.875	 0.21532078124999998
0.885	 0.21460078124999996
0.895	 0.21436468749999996
0.905	 0.21670843749999996
0.9149999999999999	 0.21431718749999998
0.925	 0.21687781249999996
0.935	 0.21605999999999997
0.9450000000000001	 0.21585499999999994
0.9550000000000001	 0.21822249999999996
0.965	 0.21580734374999996
0.975	 0.21852531249999999
0.985	 0.21783390624999996
0.995	 0.21768359374999996
1.005	 0.21988656249999997
1.0150000000000001	 0.21746890624999995
1.0250000000000001	 0.22006062499999995
1.035	 0.21932156249999996
1.045	 0.21917140624999998
1.0550000000000002	 0.22151984374999997
1.065	 0.21909984375
1.075	 0.22167953124999998
1.0850000000000002	 0.22104546875
1.095	 0.22076890624999998
1.105	 0.22317453125
1.1150000000000002	 0.22074515625000002
1.125	 0.22330343750000003
1.135	 0.22254531250000004
1.145	 0.22239750000000003
1.155	 0.22469812500000005
1.1650000000000003	 0.22225906250000002
1.1749999999999998	 0.22481734375
1.1849999999999998	 0.2242140625
1.195	 0.22370625000000002
1.205	 0.22637421875000002
1.2149999999999999	 0.22399484375000003
1.2249999999999999	 0.226529375
1.235	 0.22587843750000003
1.245	 0.22549937499999997
1.2550000000000001	 0.22783359374999998
1.2650000000000001	 0.225399375
1.275	 0.22797671875
1.285	 0.22717078124999998
1.295	 0.2267940625
1.305	 0.22922359375
1.3149999999999997	 0.22680593750000003
1.325	 0.22932125
1.335	 0.22882531250000002
1.345	 0.22859406249999997
1.355	 0.23093296875
1.365	 0.22849624999999998
1.375	 0.23098765624999998
1.385	 0.23044171874999997
1.3949999999999998	 0.23024140624999997
1.4049999999999998	 0.23258515624999995
1.415	 0.23017468749999992
1.425	 0.23270187499999992
1.435	 0.2321415624999999
1.445	 0.23184578124999994
1.455	 0.2342251562499999
1.4650000000000003	 0.23178843749999992
1.475	 0.23434421874999992
1.485	 0.23374328124999988
1.495	 0.2335382812499999
1.5050000000000001	 0.23594624999999989
1.5150000000000001	 0.23353109374999992
1.5250000000000001	 0.2360749999999999
1.535	 0.23563156249999992
1.545	 0.23522390624999995
1.555	 0.23759843749999993
1.5649999999999997	 0.23519749999999995
1.575	 0.23770812499999994
1.5849999999999997	 0.23723124999999995
1.5949999999999998	 0.236909375
1.605	 0.239276875
1.6150000000000002	 0.236845
1.625	 0.23937234375
1.635	 0.238843125
1.645	 0.238535625
1.655	 0.24101515625
1.665	 0.23858562500000002
1.6749999999999998	 0.24102468750000003
1.6849999999999998	 0.24044531250000006
1.695	 0.24004718750000004
1.7049999999999998	 0.2425100000000001
1.715	 0.24012093750000005
1.725	 0.24264578125000005
1.7349999999999999	 0.24219750000000007
1.745	 0.24191859375000008
1.755	 0.24443625000000008
1.765	 0.24202828125000006
1.775	 0.24458640625000005
1.785	 0.24415968750000008
1.7950000000000002	 0.2438164062500001
1.8050000000000002	 0.24636265625000006
1.815	 0.24394984375000006
1.825	 0.24647468750000007
1.835	 0.24606687500000007
1.845	 0.24546843750000005
1.855	 0.24827703125000006
1.8650000000000002	 0.24590234375000003
1.875	 0.24839390625000002
1.885	 0.24814593750000002
1.895	 0.24785984375000003
1.9049999999999998	 0.25037750000000003
1.915	 0.2479909375
1.925	 0.25064453125
1.935	 0.2503440625
1.945	 0.24998874999999998
1.9549999999999998	 0.25248031249999997
1.965	 0.25010812499999996
1.9750000000000003	 0.25256390624999997
1.9849999999999999	 0.25220859374999993
1.995	 0.25185343749999994
2.005	 0.2543378124999999
2.015	 0.2519274999999999
2.025	 0.25441656249999994
2.0349999999999997	 0.2539612499999999
2.045	 0.2536989062499999
2.055	 0.2562809374999999
2.065	 0.25390640624999994
2.0749999999999997	 0.2564432812499999
2.085	 0.2561239062499999
2.0949999999999998	 0.2557924999999999
2.105	 0.258431875
2.1149999999999998	 0.25602624999999996
2.125	 0.25851062499999994
2.135	 0.2581768749999999
2.145	 0.2578120312499999
2.155	 0.26036781249999985
2.165	 0.2579884374999999
2.1750000000000003	 0.2604918749999999
2.185	 0.26021999999999984
2.195	 0.2598648437499999
2.2049999999999996	 0.2623849999999999
2.215	 0.2600174999999999
2.225	 0.26249468749999993
2.235	 0.2621751562499999
2.245	 0.2618270312499999
2.255	 0.26450203124999994
2.265	 0.262125
2.2750000000000004	 0.2646975
2.285	 0.2645139062499999
2.2950000000000004	 0.26414437499999993
2.3050000000000006	 0.2667668749999999
2.3150000000000004	 0.264423125
2.325	 0.26702421875
2.3350000000000004	 0.2668071875
2.345	 0.26646875000000003
2.3549999999999995	 0.26908421875000005
2.3649999999999998	 0.26673343750000006
2.375	 0.26931078125
2.3849999999999993	 0.269003125
2.3949999999999996	 0.26866453125
2.405	 0.27137765625
2.4149999999999996	 0.26903640624999997
2.425	 0.27155171874999995
2.4349999999999996	 0.27136093749999995
2.445	 0.2709509375
2.4549999999999996	 0.27362828125
2.465	 0.2712990625
2.4749999999999996	 0.2738621875
2.4850000000000003	 0.2736690625
2.495	 0.27304921875
2.505	 0.2759412499999999
2.515	 0.2736356249999999
2.5250000000000004	 0.27613187499999986
2.535	 0.2758909374999998
2.5450000000000004	 0.2755165624999999
2.5550000000000006	 0.2782774999999999
2.5650000000000004	 0.2759339062499999
2.575	 0.2784826562499999
2.5850000000000004	 0.27829437499999987
2.595	 0.27786765624999993
2.605	 0.2806284375
2.615	 0.27832765625
2.625	 0.2808859374999999
2.635	 0.28078343749999995
2.645	 0.28043062499999993
2.655	 0.2832153124999999
2.6649999999999996	 0.2809003124999999
2.6750000000000003	 0.2834537499999999
2.6849999999999996	 0.2833345312499999
2.6949999999999994	 0.28287921874999983
2.7049999999999996	 0.2855398437499999
2.7149999999999994	 0.28325343749999987
2.724999999999999	 0.28586640624999987
2.735	 0.28582343749999994
2.745	 0.28537515624999993
2.755	 0.2880812499999999
2.765	 0.28579953125
2.775	 0.28833390625
2.785	 0.28826718749999997
2.7950000000000004	 0.28783093750000005
2.8050000000000006	 0.29069203125000004
2.8150000000000004	 0.2884221875
2.825	 0.29103765625
2.8350000000000004	 0.2910853125
2.845	 0.29084203124999997
2.855	 0.2937721875
2.865	 0.29154531250000004
2.875	 0.29415125000000003
2.885	 0.29416796875
2.8949999999999996	 0.29378656250000007
2.905	 0.2967071875000001
2.915	 0.2944970312500001
2.925	 0.29706000000000005
2.935	 0.29706234375000007
2.9450000000000003	 0.29677390625000005
2.955	 0.29958484375000005
2.965	 0.29742484375
2.9749999999999996	 0.3000928125
2.9849999999999994	 0.300083125
2.9949999999999997	 0.29977328124999997
3.005	 0.30274625
3.0149999999999997	 0.30055984375
3.025	 0.30318015625
3.0349999999999997	 0.30318015624999994
3.045	 0.3026675
3.055	 0.30550234374999996
3.0650000000000004	 0.30328734374999994
3.075	 0.3059123437499999
3.0850000000000004	 0.30597187499999995
3.095	 0.30560468749999997
3.105	 0.3084584375
3.115	 0.3061815625
3.125	 0.3087349999999999
3.135	 0.308668125
3.145	 0.3080959375
3.155	 0.31119546875
3.1649999999999996	 0.30894234374999996
3.1750000000000003	 0.31151015625
3.185	 0.31149593749999993
3.195	 0.3109379687499999
3.205	 0.31388484375
3.2150000000000003	 0.3116746875
3.225	 0.31423515625
3.235	 0.3144257812499999
3.2449999999999997	 0.313968125
3.255	 0.31696515624999994
3.265	 0.3148384375
3.275	 0.31755390625
3.2849999999999997	 0.3176635937499999
3.295	 0.3170484375
3.305	 0.319988125
3.315	 0.31784953125000004
3.3249999999999997	 0.32043875000000005
3.3350000000000004	 0.32056750000000006
3.345	 0.3201621875000001
3.355	 0.32305656250000003
3.365	 0.32090843750000003
3.375	 0.3234571875
3.385	 0.32360031250000004
3.395	 0.32311875
3.405	 0.32601078125
3.415	 0.32384359375000005
3.4250000000000003	 0.3264709375
3.4349999999999996	 0.32678562499999997
3.445	 0.32618234375
3.455	 0.32913875000000004
3.465	 0.32694765625000005
3.475	 0.329458125
3.4850000000000003	 0.3295034375
3.495	 0.32880015625000003
3.505	 0.33178515625000005
3.515	 0.329613125
3.525	 0.33218562499999993
3.5349999999999997	 0.3323215624999999
3.5450000000000004	 0.3316492187499999
3.555	 0.33461281249999997
3.565	 0.33244562499999986
3.5749999999999997	 0.3350110937499999
3.585	 0.3351874999999999
3.5949999999999998	 0.3346535937499999
3.6049999999999995	 0.3376957812499999
3.615	 0.3355070312499999
3.625	 0.33812249999999994
3.635	 0.33811046874999995
3.645	 0.33733796874999994
3.655	 0.340320625
3.665	 0.33811765624999995
3.675	 0.34062343749999996
3.685	 0.34093828125000003
3.695	 0.34032078125000004
3.705	 0.3433415625000001
3.715	 0.34118390625000006
3.725	 0.3436729687500001
3.7350000000000003	 0.34389234375000005
3.745	 0.34329875000000004
3.755	 0.34643390625000003
3.765	 0.34429765625
3.775	 0.34691796875
3.785	 0.34709437500000007
3.7950000000000004	 0.3463314062500001
3.805	 0.34957390625000007
3.815	 0.34748781250000005
3.825	 0.3500554687500001
3.835	 0.35043453125000007
3.8449999999999993	 0.3498860937500001
3.8549999999999995	 0.3528496875000001
3.8649999999999998	 0.3507159375000001
3.8749999999999996	 0.3531573437500001
3.885	 0.3533551562500001
3.895	 0.35274000000000005
3.905	 0.3557607812500001
3.9149999999999996	 0.3535531250000001
3.925	 0.35609453125
3.935	 0.3565284375000001
3.945	 0.3559300000000001
3.955	 0.35894125
3.9650000000000003	 0.356795625
3.975	 0.35936343750000005
3.985	 0.35995484375
3.995	 0.3594184374999999
4.005	 0.36235343749999993
4.015	 0.3601957812499999
4.025	 0.36270874999999986
4.035	 0.36314734374999985
4.045	 0.36246796874999987
4.055	 0.36545046874999987
4.065	 0.3632785937499999
4.075	 0.36561031249999987
4.085	 0.36610390624999983
4.095000000000001	 0.3654673437499998
4.105	 0.3685381249999998
4.115	 0.3663709374999998
4.124999999999999	 0.3689220312499999
4.135	 0.36940359374999987
4.145	 0.3686239062499999
4.155	 0.37173531249999986
4.165000000000001	 0.3695990624999999
4.175000000000001	 0.37203796874999995
4.1850000000000005	 0.37252906249999995
4.194999999999999	 0.3719187499999999
4.205	 0.37499437499999994
4.214999999999999	 0.3727985937499999
4.225	 0.37511843749999996
4.234999999999999	 0.3754473437499999
4.245	 0.37454140624999993
4.255	 0.377619375
4.265	 0.37542124999999993
4.2749999999999995	 0.37791031249999996
4.285	 0.37839906250000005
4.295	 0.3774906250000001
4.305	 0.38048515625
4.315	 0.3783512500000001
4.325	 0.38066390625000013
4.334999999999999	 0.38122656250000014
4.345	 0.3803564062500001
4.355	 0.38343671875000007
4.365	 0.38131484375000013
4.375	 0.3836895312500001
4.385	 0.38422359375000015
4.395	 0.38334625000000017
4.405	 0.38595937500000016
4.415	 0.3837945312500001
4.425000000000001	 0.38630984375000016
4.4350000000000005	 0.3863600000000001
4.445	 0.38597375000000006
4.455	 0.3888776562500001
4.465	 0.38680343750000007
4.475	 0.38922578125000007
4.484999999999999	 0.3892496875
4.495	 0.38900890625
4.505	 0.39161953125
4.515	 0.38956437499999996
4.5249999999999995	 0.3920964062499999
4.535	 0.39204156249999994
4.545	 0.39164109374999995
4.555	 0.3943137499999999
4.5649999999999995	 0.39220140624999994
4.575	 0.39467390624999993
4.584999999999999	 0.3947764062499999
4.595000000000001	 0.3943853124999999
4.605	 0.3970435937499999
4.615000000000001	 0.3949668749999999
4.625	 0.3972007812499999
4.635	 0.39727937499999993
4.645	 0.39711484374999995
4.655	 0.39983281249999997
4.665000000000001	 0.3977228124999999
4.675000000000001	 0.40014765625
4.6850000000000005	 0.40039796875000006
4.695	 0.4000809375
4.705	 0.40284406250000004
4.715	 0.40085562500000005
4.7250000000000005	 0.40321359375000004
4.735	 0.40332328125000005
4.745	 0.40287515625000003
4.755	 0.40562421875000004
4.764999999999999	 0.4035000000000001
4.774999999999999	 0.4058960937500001
4.784999999999999	 0.4061012500000001
4.795	 0.40566250000000004
4.805	 0.40839484375000007
4.815	 0.4063396875000001
4.825	 0.4087548437500001
4.834999999999999	 0.4088740625000001
4.845	 0.40845687500000005
4.855	 0.41112468750000003
4.865	 0.40913625
4.875000000000001	 0.41169453125
4.885	 0.41208546875
4.8950000000000005	 0.4117731250000001
4.905	 0.41453390625000003
4.915	 0.41256218750000007
4.925000000000001	 0.41504890625
4.9350000000000005	 0.41542328125
4.945	 0.41510375
4.955	 0.4178146875
4.965	 0.41585249999999996
4.975	 0.41827484374999996
4.985	 0.4186253125
4.995	 0.41830109374999996
5.005	 0.421116875
5.015	 0.419109375
5.0249999999999995	 0.42151734375000005
5.034999999999999	 0.42186296875000007
5.044999999999999	 0.42192484375000006
5.055	 0.4247095312500001
5.0649999999999995	 0.42264718750000013
5.074999999999999	 0.4254985937500001
5.084999999999999	 0.42524109375000013
5.095	 0.4249143750000001
5.105	 0.4279160937500001
5.114999999999999	 0.4258228125000001
5.125	 0.42862421875000006
5.135	 0.4282998437500001
5.145	 0.42830937500000016
5.155	 0.43105843750000017
5.165000000000001	 0.4289198437500002
5.175	 0.4317807812500002
5.1850000000000005	 0.4316448437500002
5.195	 0.4315709375000002
5.205	 0.4342603125000002
5.215	 0.4321215625000002
5.2250000000000005	 0.43492062500000017
5.235000000000001	 0.4348134375000002
5.245	 0.4348850000000002
5.255	 0.43761734375000017
5.265	 0.4354692187500002
5.2749999999999995	 0.4382634375000002
5.284999999999999	 0.4380393750000001
5.295	 0.43801546875000014
5.305000000000001	 0.4407404687500001
5.3149999999999995	 0.4386114062500001
5.324999999999999	 0.44138656250000013
5.334999999999999	 0.4411790625000001
5.345	 0.4411648437500001
5.3549999999999995	 0.4439639062500001
5.365	 0.4418467187500001
5.375	 0.4446625000000002
5.385	 0.44459578125000015
5.395	 0.4444645312500001
5.405	 0.44725390625000017
5.415	 0.44515578125000016
5.425000000000001	 0.4479714062500002
5.4350000000000005	 0.4478737500000001
5.445	 0.4477426562500002
5.455	 0.4505084375000001
5.464999999999999	 0.4484079687500001
5.4750000000000005	 0.4511687500000001
5.485000000000001	 0.4509635937500001
5.495000000000001	 0.45090156250000013
5.505000000000001	 0.4535837500000002
5.515	 0.4514451562500001
5.524999999999999	 0.4541368750000001
5.534999999999999	 0.4539295312500001
5.545	 0.45390343750000006
5.555000000000001	 0.45669531250000006
5.565	 0.4545495312500001
5.575	 0.4573032812500001
5.584999999999999	 0.45715546875
5.594999999999999	 0.457048125
5.6049999999999995	 0.45986140625
5.614999999999999	 0.4577228125
5.625	 0.460455
5.635	 0.460261875
5.645	 0.46018796875
5.654999999999999	 0.46298703124999996
5.665	 0.4608221874999999
5.675	 0.4635187499999999
5.6850000000000005	 0.4634090625
5.695	 0.46312781249999996
5.705	 0.46591968749999996
5.715	 0.46375015625
5.725	 0.46645140625
5.735	 0.46642765625
5.745000000000001	 0.4661915625
5.755000000000001	 0.46922187499999995
5.765000000000001	 0.46709281249999995
5.7749999999999995	 0.4699706249999999
5.785	 0.4699134374999999
5.795	 0.4697249999999999
5.805	 0.4725621874999999
5.815	 0.47046656249999996
5.825	 0.47319874999999995
5.834999999999999	 0.47318437499999993
5.845	 0.47317249999999994
5.8549999999999995	 0.4760192187499999
5.864999999999999	 0.4738615624999999
5.875	 0.4765865624999999
5.885	 0.47637203124999994
5.895	 0.47614078125
5.905	 0.47891124999999996
5.915000000000001	 0.4767893749999999
5.925000000000001	 0.47948578124999996
5.935	 0.47941671874999997
5.945	 0.4793667187499999
5.955	 0.48213468749999994
5.965	 0.47999374999999994
5.9750000000000005	 0.4828023437499999
5.985	 0.48259484374999984
5.995	 0.4824421874999998
6.005	 0.4852673437499998
6.015000000000001	 0.48314062499999977
6.0249999999999995	 0.4858823437499998
6.035	 0.4858990624999998
6.045	 0.48563921874999977
6.055	 0.4884310937499998
6.065	 0.4862924999999998
6.074999999999999	 0.4889793749999998
6.084999999999999	 0.48900562499999983
6.095	 0.48884109374999984
6.105	 0.49169968749999987
6.115	 0.4895468749999998
6.125	 0.49235312499999984
6.134999999999999	 0.4923746874999998
6.145	 0.49220781249999984
6.155	 0.4949781249999998
6.165	 0.49281812499999983
6.175000000000001	 0.4955170312499999
6.1850000000000005	 0.49546687499999986
6.194999999999999	 0.49519281249999986
6.205	 0.49811828124999985
6.214999999999999	 0.49597734374999997
6.225	 0.49871671874999995
6.235	 0.4987596875
6.245	 0.498585625
6.255	 0.50151578125
6.265	 0.49939875
6.2749999999999995	 0.5020953125
6.285	 0.502011875
6.295000000000001	 0.50186875
6.305000000000001	 0.5046940625
6.315	 0.5025434375
6.325	 0.505251875
6.334999999999999	 0.5053423437500001
6.345	 0.5049846875
6.355	 0.50781703125
6.365	 0.505685625
6.375	 0.5084321875000001
6.385	 0.50833453125
6.395	 0.50771703125
6.404999999999999	 0.51084265625
6.414999999999999	 0.5086801562500001
6.425	 0.5113981250000001
6.4350000000000005	 0.5114171875000001
6.445	 0.51112390625
6.455	 0.51401828125
6.465	 0.5118629687500001
6.475	 0.5145309375000001
6.485	 0.5144545312500001
6.495	 0.5140540625000001
6.505	 0.5169914062500001
6.515	 0.5148218750000002
6.5249999999999995	 0.5175635937500002
6.535	 0.5176350000000001
6.545	 0.5173535937500001
6.555000000000001	 0.5202575
6.565	 0.5181093750000001
6.575	 0.520760625
6.585	 0.52075578125
6.595	 0.5204864062500001
6.6049999999999995	 0.5232996875000001
6.615	 0.52115875
6.625	 0.5239054687500001
6.635	 0.52394125
6.645	 0.52372203125
6.654999999999999	 0.52666171875
6.664999999999999	 0.52449921875
6.675	 0.5271623437499999
6.685	 0.52734125
6.695	 0.52700984375
6.705	 0.5298518750000001
6.715	 0.5277014062500001
6.7250000000000005	 0.5303740625
6.734999999999999	 0.5304765625
6.744999999999999	 0.5301356250000001
6.755	 0.5329798437500001
6.765	 0.530865
6.7749999999999995	 0.53354
6.785	 0.5336926562499998
6.795	 0.5334281249999999
6.805	 0.53644890625
6.815	 0.53431265625
6.825	 0.53693296875
6.835	 0.53717375
6.845000000000001	 0.5367231249999999
6.855	 0.5395984375
6.864999999999999	 0.53748375
6.875	 0.54010875
6.885	 0.540185
6.895	 0.5397034375
6.905	 0.5426859375
6.915000000000001	 0.5405878125000001
6.925	 0.5432604687500001
6.935	 0.5432104687499999
6.945	 0.5427670312499998
6.955	 0.5457234374999999
6.965	 0.5435848437499999
6.975	 0.5462623437499999
6.985	 0.5464006249999999
6.994999999999999	 0.54602390625
7.004999999999999	 0.5490375
7.015	 0.5469084375000001
7.0249999999999995	 0.54957625
7.035	 0.5498909375
7.045000000000001	 0.5491851562499999
7.055000000000001	 0.5523823437500001
7.065	 0.55027234375
7.075	 0.55299515625
7.085	 0.5531381250000001
7.095000000000001	 0.5528115625000002
7.105	 0.5558753125000001
7.115	 0.5537676562500001
7.125	 0.5564665625
7.135	 0.5568075000000001
7.145	 0.55637828125
7.155	 0.5593298437499999
7.165	 0.5572412499999999
7.175000000000001	 0.55994265625
7.1850000000000005	 0.5603075
7.194999999999999	 0.56001421875
7.205	 0.5631446875
7.215	 0.56105375
7.225	 0.5637289062499999
7.235	 0.5640101562500001
7.245	 0.5636645312499999
7.255	 0.56676390625
7.264999999999999	 0.56468
7.274999999999999	 0.5673240625
7.284999999999999	 0.56751
7.295	 0.56699734375
7.305000000000001	 0.5699490625
7.315	 0.5678771874999999
7.325	 0.57045203125
7.335	 0.57079296875
7.345000000000001	 0.5704425
7.355	 0.57351328125
7.365	 0.5714365625000001
7.375000000000001	 0.57409015625
7.385	 0.5743834375000001
7.395	 0.5740115624999999
7.405	 0.5769704687499999
7.415	 0.57489390625
7.425000000000001	 0.5775356249999999
7.4350000000000005	 0.5779193749999999
7.445	 0.57739
7.454999999999999	 0.5805179687500001
7.464999999999999	 0.57846515625
7.475	 0.5810806249999999
7.484999999999999	 0.5814835937499999
7.495	 0.5811784375
7.505	 0.58432078125
7.515	 0.58230609375
7.524999999999999	 0.5849501562499999
7.534999999999999	 0.5855128124999999
7.545	 0.5849382812499998
7.555	 0.5880640624999999
7.565	 0.5860184374999999
7.575	 0.58878640625
7.584999999999999	 0.5893418749999999
7.595	 0.5888459375
7.605	 0.5920240625
7.615	 0.5900260937499999
7.625000000000001	 0.5927775
7.635000000000001	 0.5932590624999999
7.645	 0.5927274999999999
7.654999999999999	 0.5958674999999999
7.665	 0.5938195312499998
7.675000000000001	 0.5965040624999998
7.6850000000000005	 0.5969881249999999
7.695	 0.5964301562499998
7.705	 0.5997774999999999
7.715	 0.5977581249999999
7.725	 0.60054046875
7.734999999999999	 0.60090515625
7.745	 0.6004545312499999
7.754999999999999	 0.603635
7.765	 0.6016442187500001
7.7749999999999995	 0.6042596875
7.784999999999999	 0.604679375
7.794999999999999	 0.60430265625
7.805	 0.6075214062500001
7.815	 0.6055090625
7.825	 0.6080671875
7.835	 0.6083795312500001
7.845	 0.6079528125000001
7.855	 0.6111523437500002
7.865	 0.6091209375000001
7.875000000000001	 0.6117078125000001
7.885000000000001	 0.6121154687500001
7.8950000000000005	 0.6116267187500001
7.905	 0.61482390625
7.915	 0.61281890625
7.925000000000001	 0.6154534375
7.9350000000000005	 0.6160209375000001
7.945	 0.6155250000000001
7.955	 0.61864828125
7.965	 0.61674578125
7.975	 0.6193898437500001
7.984999999999999	 0.61996671875
7.994999999999999	 0.61953765625
8.005	 0.6227324999999999
8.014999999999999	 0.620775
8.025	 0.6235073437499998
8.034999999999998	 0.62411296875
8.044999999999998	 0.62370046875
8.055	 0.6268856249999999
8.065000000000001	 0.62497828125
8.075000000000001	 0.6275867187499999
8.085	 0.6282232812499999
8.095	 0.6276892187499998
8.105	 0.6309793749999998
8.115	 0.6290625000000001
8.125	 0.6317685937499999
8.135000000000002	 0.6323359375
8.145000000000001	 0.63181375
8.155000000000001	 0.6350848437499999
8.165	 0.6332228125
8.175	 0.63587390625
8.184999999999999	 0.6365724999999999
8.195	 0.63621953125
8.205	 0.63960984375
8.215	 0.6377359375
8.225	 0.6404110937499999
8.234999999999998	 0.6411240625
8.244999999999997	 0.640656875
8.254999999999999	 0.6440615625
8.265	 0.64220421875
8.275	 0.64484125
8.285000000000002	 0.6455850000000001
8.295	 0.64519875
8.305	 0.6485414062500001
8.315	 0.64664359375
8.325	 0.64929
8.334999999999999	 0.649948125
8.345	 0.6491662500000001
8.354999999999999	 0.65267328125
8.364999999999998	 0.650785
8.375	 0.6534910937499999
8.385000000000002	 0.65420640625
8.395000000000001	 0.65361515625
8.405000000000001	 0.6568982812499999
8.415000000000001	 0.65512203125
8.425	 0.65786375
8.435	 0.6584979687499999
8.444999999999999	 0.6579209374999999
8.455	 0.6613328124999999
8.465	 0.6595637499999998
8.475	 0.6623485937499999
8.485	 0.6629707812499999
8.494999999999997	 0.6624796874999999
8.504999999999997	 0.6659296874999999
8.514999999999999	 0.6642512499999998
8.525	 0.6671670312499999
8.535000000000002	 0.6680253124999999
8.545000000000002	 0.6675676562499997
8.555000000000001	 0.6710198437499999
8.565	 0.6692840624999998
8.575	 0.6720926562499999
8.584999999999999	 0.672958125
8.594999999999999	 0.6725028124999999
8.604999999999999	 0.6759835937500001
8.614999999999998	 0.6742575000000001
8.624999999999998	 0.6769445312500001
8.635	 0.6778100000000001
8.645000000000001	 0.6775453125
8.655000000000003	 0.6809476562500001
8.665000000000003	 0.6791667187500002
8.675000000000002	 0.6818560937500002
8.685	 0.6827739062500002
8.694999999999999	 0.6823853125000001
8.704999999999998	 0.6858900000000001
8.715	 0.6842018750000002
8.724999999999998	 0.6868960937500002
8.735	 0.6878784375000001
8.744999999999997	 0.6872228125000002
8.754999999999997	 0.6906870312500003
8.764999999999999	 0.6889607812500002
8.774999999999999	 0.6916429687500003
8.785	 0.6924656250000002
8.795000000000002	 0.6919529687500001
8.805000000000003	 0.6954339062500002
8.815000000000001	 0.6936148437500002
8.825	 0.6963948437500002
8.834999999999999	 0.69711734375
8.844999999999999	 0.6964378124999999
8.854999999999999	 0.6998495312499999
8.864999999999997	 0.6981495312499999
8.875	 0.7009128124999999
8.885	 0.7017662499999999
8.895	 0.7013203124999998
8.905000000000001	 0.7048679687499999
8.915000000000001	 0.7032395312499998
8.925000000000002	 0.7060409374999999
8.935000000000002	 0.7069731249999996
8.945000000000002	 0.7064390624999997
8.955	 0.7099987499999998
8.965	 0.7083870312499997
8.974999999999998	 0.7111384374999996
8.984999999999998	 0.7123256249999995
8.994999999999997	 0.7117701562499994
9.004999999999999	 0.7154370312499997
9.014999999999999	 0.7137562499999995
9.024999999999999	 0.7164979687499996
9.035	 0.7175135937499996
9.045	 0.7172298437499995
9.055000000000001	 0.7207823437499996
9.065000000000003	 0.7191443749999996
9.075000000000003	 0.7219864062499998
9.085	 0.7231165624999998
9.094999999999999	 0.7227017187499998
9.104999999999999	 0.7262470312499998
9.114999999999997	 0.7245614062499998
9.124999999999998	 0.7271745312499999
9.135	 0.7281448437499998
9.145	 0.7275082812499999
9.155000000000001	 0.7310773437499999
9.165000000000001	 0.7294084375
9.175000000000002	 0.7321240625000001
9.185000000000002	 0.73323265625
9.195000000000002	 0.7325746875000001
9.205000000000002	 0.73607953125
9.215	 0.73440578125
9.225	 0.7372859374999999
9.234999999999998	 0.7383970312499999
9.244999999999997	 0.7378273437499999
9.254999999999997	 0.7414131249999999
9.264999999999997	 0.7398514062499999
9.274999999999999	 0.7425931249999999
9.285	 0.7435849999999998
9.295	 0.7430556249999999
9.305	 0.7465603124999999
9.315000000000001	 0.7450201562499998
9.325000000000003	 0.7477406249999998
9.335	 0.7490662499999997
9.345	 0.7485035937499998
9.354999999999999	 0.7520942187499997
9.364999999999998	 0.7505348437499997
9.374999999999998	 0.7532599999999997
9.385	 0.7546117187499997
9.395	 0.7540323437499997
9.405000000000001	 0.7575060937499997
9.415000000000001	 0.7559540624999996
9.425	 0.7586981249999998
9.435	 0.7600046874999998
9.445000000000002	 0.759523125
9.455000000000002	 0.7630946875
9.465000000000002	 0.76146390625
9.475	 0.76427
9.485	 0.7655503124999999
9.494999999999997	 0.7649590625
9.504999999999997	 0.7684948437499999
9.514999999999999	 0.7668735937500001
9.524999999999999	 0.7696178125
9.535	 0.7707075000000001
9.545	 0.7700685937500001
9.555	 0.7736400000000001
9.565	 0.7719592187500001
9.575000000000001	 0.7746390625000003
9.585	 0.7758717187500002
9.595	 0.7751898437500001
9.605	 0.7787900000000001
9.614999999999998	 0.7771448437500001
9.624999999999998	 0.7797007812500002
9.635	 0.7808523437500001
9.645	 0.78025875
9.655	 0.7839326562500001
9.665000000000001	 0.7823090625
9.675	 0.78502234375
9.685	 0.7860189062499999
9.695	 0.7854132812499999
9.705000000000002	 0.7890325
9.715000000000002	 0.7874470312499998
9.725000000000001	 0.7900195312499999
9.735	 0.7910040624999999
9.745	 0.7903126562499999
9.754999999999999	 0.7939293749999999
9.764999999999999	 0.7924892187499999
9.774999999999999	 0.79525015625
9.784999999999998	 0.7966329687499999
9.795	 0.7959153124999998
9.805	 0.7994892187499998
9.815	 0.7978465624999999
9.825	 0.8003667187499999
9.834999999999999	 0.8017399999999999
9.845	 0.8010867187499999
9.855	 0.8046106249999999
9.865	 0.80297984375
9.875	 0.8056095312499999
9.885	 0.8069303125
9.895	 0.80626984375
9.905	 0.8097698437499999
9.915	 0.80812484375
9.925	 0.8107521875
9.935	 0.8120945312499999
9.945	 0.811415
9.955	 0.8150435937499999
9.965	 0.8134651562499999
9.975000000000001	 0.8158374999999999
9.985	 0.8170987499999999
9.995	 0.8163501562499998
10.004999999999999	 0.8198978124999998
10.014999999999999	 0.81824796875
10.024999999999999	 0.8208253125000001
10.034999999999998	 0.822026875
10.044999999999998	 0.8213856250000001
10.055	 0.82500953125
10.065	 0.823495625
10.075	 0.8259275
10.084999999999999	 0.82712671875
10.094999999999999	 0.8264209374999999
10.104999999999999	 0.8300520312499999
10.114999999999998	 0.8284665625000001
10.125	 0.8310153124999999
10.135000000000002	 0.832243125
10.145000000000001	 0.831535
10.155000000000001	 0.8351660937499998
10.165000000000001	 0.8336426562499999
10.175	 0.83625328125
10.185	 0.8376814062500001
10.195	 0.83699
10.205	 0.8406115625000001
10.215	 0.8390307812500001
10.225	 0.8414864062500002
10.235	 0.84297640625
10.245	 0.8422564062500001
10.255	 0.8459114062499999
10.265	 0.8444117187499999
10.275	 0.8468889062499999
10.284999999999998	 0.8481668749999999
10.294999999999998	 0.8474159374999999
10.305	 0.8510971874999997
10.315	 0.8496260937499999
10.325	 0.8522153124999998
10.334999999999999	 0.8535289062499998
10.344999999999999	 0.8527589062499997
10.354999999999999	 0.8564232812499997
10.364999999999998	 0.8549928124999997
10.375	 0.8576870312499998
10.385000000000002	 0.8592271874999997
10.395000000000001	 0.8584953124999997
10.405000000000001	 0.8620645312499997
10.415000000000001	 0.8605529687499996
10.425	 0.8630657812499997
10.435	 0.8646203124999997
10.445	 0.8639742187499997
10.455	 0.8675551562499997
10.465	 0.8661603124999997
10.475	 0.8687090624999998
10.485	 0.8700990624999997
10.495	 0.8693574999999997
10.504999999999999	 0.8729384374999997
10.515	 0.8714817187499998
10.525000000000002	 0.8738301562499998
10.535	 0.8752131249999998
10.545	 0.8744931249999999
10.555	 0.8781265624999999
10.565	 0.8765792187499998
10.575	 0.8791064062499998
10.584999999999999	 0.8806370312499998
10.594999999999999	 0.8797882812499999
10.604999999999999	 0.8833693749999999
10.614999999999998	 0.8819054687499999
10.624999999999998	 0.8843134375
10.635	 0.8858559374999999
10.645000000000001	 0.88512890625
10.655000000000003	 0.8887551562499999
10.665000000000003	 0.88724125
10.675	 0.8899115625
10.685	 0.89134203125
10.695	 0.8905146875
10.705	 0.894215
10.715	 0.8928275
10.725	 0.8953595312499999
10.735	 0.8969568749999999
10.744999999999997	 0.8963679687499998
10.754999999999997	 0.9001015624999997
10.765	 0.8987543749999998
10.775000000000002	 0.9011767187499998
10.785000000000002	 0.9027503124999998
10.795000000000002	 0.9021160937499998
10.805	 0.9058401562499998
10.815	 0.9043548437499999
10.825	 0.9067390624999999
10.834999999999999	 0.9083221874999998
10.844999999999999	 0.9077142187499999
10.854999999999999	 0.9114264062499999
10.864999999999998	 0.9101723437499999
10.874999999999998	 0.9124564062499998
10.885	 0.9138868749999998
10.895000000000001	 0.9131787499999998
10.905000000000003	 0.9168742187499999
10.915000000000003	 0.9155653124999998
10.925000000000002	 0.9180734374999999
10.935000000000002	 0.91955875
10.945	 0.9186003124999998
10.955	 0.9223387499999999
10.965	 0.9209845312499999
10.975	 0.923254375
10.985	 0.9248278125
10.994999999999997	 0.9241196875000001
11.004999999999999	 0.9278079687500002
11.014999999999999	 0.9264418750000002
11.025	 0.9288070312500001
11.035000000000002	 0.9303209375000001
11.045000000000002	 0.9296509375
11.055000000000001	 0.9332939062500001
11.065	 0.93194921875
11.075	 0.9343357812500002
11.084999999999999	 0.9359642187500001
11.094999999999999	 0.9354278125000001
11.104999999999999	 0.9391353125
11.114999999999998	 0.9377953125
11.124999999999998	 0.9403582812500001
11.135	 0.9420606250000001
11.145	 0.9414335937500001
11.155000000000001	 0.9451481250000001
11.165000000000003	 0.9439440625000001
11.175000000000002	 0.9464378125000004
11.185000000000002	 0.9482331250000002
11.195	 0.9476107812500003
11.205	 0.9513921875000002
11.215	 0.9500284375000002
11.224999999999998	 0.9525367187500003
11.234999999999998	 0.9542604687500003
11.244999999999997	 0.9536357812500004
11.254999999999999	 0.9573289062500003
11.264999999999999	 0.9560771875000001
11.275	 0.9584232812500003
11.285000000000002	 0.9600635937500002
11.295000000000002	 0.9594103125000001
11.305000000000003	 0.9630818750000001
11.315000000000001	 0.9616490625
11.325	 0.96408328125
11.334999999999999	 0.9657307812499999
11.344999999999999	 0.964805625
11.354999999999997	 0.9684390624999999
11.364999999999997	 0.9669679687499999
11.374999999999998	 0.9691853125
11.385	 0.97069453125
11.395	 0.96990546875
11.405	 0.9735390625
11.415000000000001	 0.9724328125000001
11.425000000000002	 0.9746906250000001
11.435000000000004	 0.97629765625
11.445000000000002	 0.9754775000000001
11.455	 0.9792564062500001
11.465	 0.97802609375
11.474999999999998	 0.9803150000000002
11.484999999999998	 0.98211265625
11.494999999999997	 0.9814665625
11.504999999999999	 0.9852479687500001
11.514999999999999	 0.9841607812500001
11.524999999999999	 0.9865879687500002
11.535	 0.9882831250000002
11.545000000000002	 0.9876465625000002
11.555000000000003	 0.9914421875
11.565000000000003	 0.99015703125
11.575000000000001	 0.9926128124999999
11.584999999999999	 0.9946059374999998
11.594999999999999	 0.9939645312499998
11.604999999999997	 0.9978603124999998
11.614999999999997	 0.9969018749999999
11.624999999999998	 0.9992932812499998
11.635	 1.00103375
11.645	 1.0003853125
11.655	 1.0041904687499998
11.665000000000001	 1.0030793750000002
11.675000000000002	 1.0056757812500001
11.685000000000004	 1.0074996875
11.695000000000004	 1.00699421875
11.705000000000002	 1.0107470312500002
11.715	 1.0095835937500002
11.724999999999998	 1.0119557812500002
11.734999999999998	 1.0136890625000001
11.744999999999997	 1.0129714062500002
11.754999999999997	 1.0167646875000003
11.764999999999999	 1.0155987499999999
11.774999999999999	 1.0179948437500002
11.785	 1.0196567187500003
11.795	 1.01881515625
11.805000000000001	 1.02259890625
11.815000000000003	 1.0214473437500002
11.825000000000001	 1.0237242187500002
11.835	 1.0254718750000005
11.844999999999999	 1.0246993750000004
11.854999999999997	 1.0284926562500003
11.864999999999997	 1.0272504687500004
11.874999999999998	 1.0295726562500003
11.884999999999998	 1.0314156250000004
11.895	 1.0307479687500005
11.905	 1.0345842187500005
11.915000000000001	 1.0334921875000005
11.925	 1.0360479687500004
11.935000000000002	 1.0379982812500004
11.945000000000004	 1.0373642187500003
11.955000000000004	 1.0412242187500005
11.965000000000002	 1.0401967187500003
11.975	 1.0426190625000002
11.984999999999998	 1.0446456250000002
11.994999999999997	 1.0440353125000001
12.004999999999997	 1.0479620312500002
12.014999999999999	 1.0470131250000003
12.025	 1.0493876562500004
12.035	 1.0512996875000005
12.045	 1.0506868750000002
12.055	 1.0545540625000003
12.065000000000001	 1.0535835937500004
12.075000000000003	 1.0560178125000002
12.085	 1.0579490624999999
12.095	 1.0571574999999998
12.104999999999999	 1.06097703125
12.114999999999997	 1.0599375
12.124999999999998	 1.0620260937500001
12.134999999999998	 1.063811875
12.145	 1.0630798437499998
12.155	 1.0668612499999999
12.165000000000001	 1.0658860937499999
12.175	 1.0680128125
12.185	 1.0698390624999998
12.195000000000002	 1.06901171875
12.205000000000004	 1.0728026562499997
12.215000000000002	 1.0716867187499997
12.225	 1.0739135937499995
12.235	 1.0755824999999999
12.244999999999997	 1.07476
12.254999999999997	 1.0786390625
12.264999999999999	 1.07761859375
12.275	 1.0799098437499999
12.285	 1.0816001562499997
12.295	 1.0809396875
12.305	 1.084654375
12.315000000000001	 1.0834431249999998
12.325000000000001	 1.0857701562499997
12.335	 1.0875154687499997
12.345	 1.0867620312499997
12.354999999999999	 1.0905004687499995
12.364999999999997	 1.0893537499999995
12.374999999999998	 1.0916951562499997
12.384999999999998	 1.09359296875
12.395	 1.09288484375
12.405	 1.0966734375
12.415000000000001	 1.0956029687500002
12.425	 1.0980729687500002
12.435	 1.1002115625000002
12.445	 1.0994009375000002
12.455000000000002	 1.10316078125
12.465000000000002	 1.1020975
12.475000000000001	 1.1043171875
12.485	 1.1063174999999998
12.494999999999997	 1.10563328125
12.504999999999997	 1.1094503125000001
12.514999999999999	 1.1084585937500002
12.524999999999999	 1.11076171875
12.535	 1.11266671875
12.545	 1.11187515625
12.555	 1.1157232812500002
12.565000000000001	 1.11453125
12.575000000000001	 1.1165554687500001
12.585000000000003	 1.1185485937500002
12.595	 1.11783328125
12.605	 1.1216503125000001
12.614999999999998	 1.1206751562500004
12.624999999999998	 1.1228471875000001
12.634999999999998	 1.1247735937500003
12.645	 1.1240846875000001
12.655	 1.12785640625
12.665	 1.126816875
12.675	 1.12915109375
12.685	 1.1310799999999999
12.695	 1.1302884375
12.705000000000002	 1.13410078125
12.715000000000002	 1.1330373437499996
12.725000000000001	 1.13515921875
12.735000000000001	 1.1371667187499999
12.745	 1.1364132812499999
12.754999999999999	 1.1402351562499997
12.764999999999999	 1.1392790625000002
12.774999999999999	 1.1414653125000003
12.785	 1.1434442187500002
12.795	 1.1426550000000002
12.805	 1.1464792187500001
12.815000000000001	 1.1456853125
12.825000000000001	 1.1478717187499998
12.835	 1.1498290624999998
12.845	 1.14906375
12.855	 1.15297859375
12.864999999999998	 1.1520678124999997
12.874999999999998	 1.1545379687499995
12.884999999999998	 1.1565810937499996
12.895	 1.1557490624999998
12.905	 1.1597306249999997
12.915	 1.1588484374999999
12.925	 1.1612231249999998
12.935	 1.1632543749999995
12.945	 1.1626534374999995
12.955000000000002	 1.1666470312499997
12.965	 1.1657290624999999
12.975	 1.16815609375
12.985000000000001	 1.17036390625
12.995	 1.1697225
13.004999999999999	 1.1737231249999998
13.014999999999999	 1.1727789062499998
13.024999999999999	 1.17509390625
13.035	 1.177285
13.045	 1.1767962500000002
13.055	 1.180875625
13.065000000000001	 1.18011984375
13.075000000000001	 1.1825254687500002
13.085	 1.1849550000000002
13.095	 1.18449734375
13.105	 1.1887148437499997
13.114999999999998	 1.1881640624999996
13.124999999999998	 1.1906721874999997
13.135	 1.1930181249999998
13.145	 1.192658125
13.155	 1.1970187499999998
13.165	 1.1965801562499998
13.175	 1.1994006249999998
13.185	 1.2022020312499997
13.195	 1.2021399999999998
13.205	 1.20679390625
13.215000000000002	 1.2068629687499999
13.225000000000001	 1.2098384374999998
13.235000000000001	 1.212880625
13.245	 1.2130809374999998
13.255	 1.2179590624999996
13.265	 1.2182212499999996
13.275	 1.2215328124999996
13.284999999999998	 1.2248324999999995
13.295	 1.2252568749999997
13.305	 1.2304496874999995
13.315	 1.2307739062499994
13.325000000000001	 1.2343906249999996
13.335	 1.2379145312499997
13.344999999999999	 1.2386154687499995
13.354999999999999	 1.2440156249999998
13.364999999999998	 1.2448404687499999
13.375	 1.24866234375
13.385	 1.25257484375
13.395	 1.25380265625
13.405	 1.25963671875
13.415	 1.2608907812499999
13.424999999999999	 1.26515609375
13.435	 1.2695859375
13.445	 1.27135015625
13.455	 1.2778493750000002
13.465000000000002	 1.27974
13.475	 1.284928125
13.485	 1.2901828124999999
13.495	 1.29278875
13.505	 1.3002345312499999
13.515	 1.303145625
13.525	 1.309373125
13.534999999999998	 1.31599390625
13.545	 1.319949375
13.555	 1.32899984375
13.565	 1.33368484375
13.575000000000001	 1.3417076562499999
13.585	 1.3502407812500001
13.594999999999999	 1.35626328125
13.604999999999999	 1.3676215624999999
13.614999999999998	 1.3747526562499999
13.625	 1.385600625
13.635000000000002	 1.3972378125
13.645000000000001	 1.4068103125000002
13.655000000000001	 1.4219498437500002
13.665	 1.4333796875000002
13.674999999999999	 1.4487481250000003
13.685	 1.4651440625
13.695	 1.4795159375
13.705	 1.49993640625
13.715	 1.5169046875
13.725	 1.53810234375
13.735	 1.5608856250000003
13.745	 1.5818998437500003
13.755	 1.60902234375
13.765	 1.63279265625
13.775	 1.6608665624999999
13.785	 1.6902159374999997
13.795	 1.71761265625
13.805	 1.75100796875
13.814999999999998	 1.7807626562499999
13.825000000000001	 1.8144845312499998
13.835	 1.8491268749999996
13.844999999999999	 1.8816709374999998
13.854999999999999	 1.9194531249999998
13.864999999999998	 1.9532584374999997
13.875	 1.9903801562499999
13.885	 2.02787140625
13.895000000000001	 2.0627878125
13.905	 2.10235109375
13.915	 2.1373653124999996
13.925	 2.1751570312499995
13.935	 2.21292015625
13.945	 2.2474932812499997
13.955	 2.2864651562500002
13.965	 2.3203492187499997
13.975	 2.3568200000000004
13.985	 2.3929834375
13.994999999999997	 2.4255371875000002
14.004999999999999	 2.4622632812500003
14.015	 2.4937703124999997
14.025000000000002	 2.5275065624999997
14.035	 2.5606204687500003
14.045	 2.5901009375
14.055	 2.62357015625
14.064999999999998	 2.6517296874999996
14.075	 2.6821495312499994
14.085	 2.711749218749999
14.094999999999999	 2.7376104687499994
14.104999999999999	 2.767484218749999
14.114999999999997	 2.791869531249999
14.124999999999998	 2.818417499999999
14.135	 2.844240624999999
14.145000000000001	 2.8662562499999993
14.155000000000001	 2.892138906249999
14.165000000000001	 2.912633437499999
14.175	 2.935249843749999
14.185	 2.9570293749999985
14.195	 2.9748153124999988
14.205	 2.996625781249999
14.215	 3.0128478124999987
14.225	 3.0310414062499986
14.235	 3.048577031249999
14.244999999999997	 3.0620142187499986
14.254999999999999	 3.079187499999999
14.265	 3.090691249999999
14.275000000000002	 3.103961718749999
14.285	 3.1161949999999994
14.295	 3.124301249999999
14.305	 3.135919375
14.314999999999998	 3.1416176562499993
14.325	 3.1490278124999995
14.335	 3.1555842187499996
14.344999999999999	 3.15748921875
14.354999999999999	 3.1628512499999997
14.364999999999997	 3.1622648437500005
14.374999999999998	 3.1630610937500006
14.385	 3.1628751562500006
14.395000000000001	 3.158364375000001
14.405000000000001	 3.15739875
14.415000000000001	 3.1507468750000003
14.425	 3.1459832812500004
14.435	 3.1406521875000006
14.445	 3.131213125000001
14.455	 3.125843906250001
14.465	 3.1152820312500005
14.475	 3.1071471875000003
14.485	 3.0988478125
14.495	 3.0873512500000007
14.504999999999999	 3.0804109375
14.515	 3.0689050000000004
14.525000000000002	 3.060465
14.535000000000002	 3.0523396875000004
14.545000000000002	 3.0416156250000004
14.555000000000001	 3.0360103125
14.565	 3.0262089062500004
14.574999999999998	 3.0198384375000002
14.584999999999999	 3.01418078125
14.594999999999999	 3.0058360937499997
14.604999999999999	 3.0029321874999995
14.614999999999998	 2.9960395312499988
14.624999999999998	 2.9924774999999992
14.635	 2.989835781249999
14.645000000000001	 2.9844474999999995
14.655000000000001	 2.9844235937499994
14.665000000000001	 2.9802417187499994
14.675	 2.9793309375
14.685	 2.9792928124999998
14.695	 2.9765104687500004
14.705	 2.9789471874999993
14.715	 2.9771137499999996
14.725	 2.978582499999999
14.735	 2.9807664062499994
14.745	 2.9801895312499997
14.754999999999999	 2.9848029687499995
14.765	 2.9851176562499995
14.775	 2.9885485937499996
14.785000000000002	 2.99270890625
14.795000000000002	 2.9939320312499995
14.805000000000001	 3.00041703125
14.815000000000001	 3.0025056250000004
14.824999999999998	 3.0077031250000004
14.834999999999999	 3.0137542187500004
14.844999999999999	 3.01689171875
14.854999999999999	 3.0252053125
14.864999999999998	 3.02910828125
14.874999999999998	 3.0360653125
14.884999999999998	 3.0435921874999994
14.895000000000001	 3.0480696875
14.905000000000001	 3.0577160937499994
14.915000000000003	 3.0630685937499993
14.925000000000002	 3.0712439062499994
14.935	 3.0797984374999996
14.945	 3.08523671875
14.955	 3.0955649999999997
14.965	 3.1012440625
14.974999999999998	 3.1096649999999997
14.985	 3.1183195312499996
14.995	 3.1236171875
15.004999999999999	 3.1334757812499996
15.014999999999999	 3.1385375
15.025	 3.14598328125
15.035000000000002	 3.1536221874999995
15.045000000000002	 3.1574774999999997
15.055000000000001	 3.16554796875
15.065000000000001	 3.16848765625
15.074999999999998	 3.17358984375
15.084999999999999	 3.1783939062499997
15.094999999999999	 3.1793118750000002
15.104999999999999	 3.18421609375
15.114999999999998	 3.1837820312500003
15.124999999999998	 3.1853079687500006
15.134999999999998	 3.1864167187500003
15.145000000000001	 3.1836034375000004
15.155000000000001	 3.1846976562500005
15.165000000000003	 3.1804514062500004
15.175000000000002	 3.178002812500001
15.185	 3.1752228125000004
15.195	 3.1684756250000006
15.205	 3.1658410937500006
15.215	 3.1579184375000007
15.224999999999998	 3.151926875000001
15.235	 3.145964062500001
15.245	 3.1361221875000007
15.254999999999999	 3.130600468750001
15.264999999999999	 3.120081406250001
15.275	 3.111650937500001
15.285000000000002	 3.1035160937500006
15.295000000000002	 3.0919242187500005
15.305000000000003	 3.0848264062500004
15.315000000000001	 3.07297953125
15.325	 3.0636001562499993
15.334999999999999	 3.054528281249999
15.344999999999999	 3.0420232812499988
15.354999999999999	 3.034265156249999
15.364999999999998	 3.021893593749999
15.374999999999998	 3.012197187499999
15.384999999999998	 3.002686718749999
15.395	 2.989936093749999
15.405000000000001	 2.9820062499999995
15.415000000000003	 2.96956078125
15.425000000000002	 2.9596020312499993
15.435000000000002	 2.950239218749999
15.445	 2.9373645312499987
15.455	 2.929351249999999
15.465	 2.916829531249999
15.474999999999998	 2.9066776562499994
15.485	 2.896933593749999
15.495	 2.88401140625
15.504999999999999	 2.8758789062500005
15.514999999999999	 2.8630829687500006
15.525	 2.8528692187500004
15.535000000000002	 2.843206093750001
15.545000000000002	 2.829833125000001
15.555000000000003	 2.8214001562500006
15.565000000000001	 2.808494531250001
15.575	 2.7981160937500005
15.584999999999999	 2.7882456250000005
15.594999999999999	 2.7749728125000006
15.604999999999999	 2.7666067187500003
15.614999999999998	 2.7538203125000007
15.624999999999998	 2.743697187500001
15.634999999999998	 2.734041250000001
15.645	 2.721133281250001
15.655000000000001	 2.713210625000001
15.665000000000003	 2.7009010937500006
15.675000000000002	 2.6910234375
15.685000000000002	 2.681901562500001
15.695000000000002	 2.669618125000001
15.705	 2.66234875
15.715	 2.6507043749999997
15.724999999999998	 2.6418234374999994
15.734999999999998	 2.633659999999999
15.744999999999997	 2.622206406249999
15.754999999999999	 2.6157501562499994
15.764999999999999	 2.6048710937499986
15.775	 2.596788593749999
15.785	 2.5893474999999984
15.795000000000002	 2.5788118749999986
15.805000000000003	 2.5731781249999988
15.815000000000003	 2.563336249999998
15.825000000000001	 2.556126406249998
15.834999999999999	 2.5495865624999983
15.844999999999999	 2.539964062499999
15.854999999999999	 2.5353410937499987
15.864999999999997	 2.526474374999999
15.874999999999998	 2.520165781249999
15.884999999999998	 2.5147321874999995
15.895	 2.5060895312499993
15.905	 2.5024251562499993
15.915000000000001	 2.4946407812499998
15.925000000000002	 2.4894981249999995
15.935000000000002	 2.4850039062500002
15.945000000000002	 2.4773340624999998
15.955	 2.47474
15.965	 2.4677971875000004
15.974999999999998	 2.4636917187500003
15.984999999999998	 2.4604134375000006
15.994999999999997	 2.4538926562500007
16.005	 2.452342968750001
16.014999999999997	 2.446427812500001
16.025	 2.4432567187500007
16.035	 2.440946406250001
16.045	 2.435458125000001
16.055000000000003	 2.4348285937500007
16.065000000000005	 2.4300101562500007
16.075000000000003	 2.427637968750001
16.085	 2.4263910937500004
16.095	 2.4214557812500006
16.105	 2.4217156250000005
16.115	 2.4178079687500005
16.124999999999996	 2.4165443750000004
16.134999999999998	 2.4158457812500007
16.145	 2.4118212500000005
16.154999999999998	 2.412927500000001
16.165	 2.4096253125000007
16.175	 2.4090937500000007
16.185000000000002	 2.409453750000001
16.195000000000004	 2.406099218750001
16.205000000000002	 2.4079279687500006
16.215	 2.4055081250000003
16.224999999999998	 2.4056821875
16.235	 2.4066120312499995
16.244999999999997	 2.4042182812499995
16.254999999999995	 2.406762343749999
16.264999999999997	 2.405148124999999
16.274999999999995	 2.406256718749999
16.284999999999997	 2.408180781249999
16.294999999999998	 2.4066143749999993
16.305	 2.4101096874999994
16.315	 2.4093943749999998
16.325000000000003	 2.4112873437499993
16.335000000000004	 2.4140935937499997
16.345000000000002	 2.4135379687499996
16.355	 2.4180656249999997
16.365	 2.4183803125
16.375	 2.4213460937500004
16.384999999999998	 2.42539921875
16.395	 2.426193125
16.404999999999998	 2.432189375
16.415	 2.4339800000000005
16.425	 2.4384717187500002
16.435000000000002	 2.444000625
16.445000000000004	 2.4464896874999997
16.455000000000002	 2.4543454687499997
16.465	 2.4583199999999996
16.474999999999998	 2.4651578124999998
16.485	 2.47321859375
16.494999999999997	 2.478285
16.504999999999995	 2.4888875
16.514999999999997	 2.4957945312499996
16.524999999999995	 2.5055004687499998
16.534999999999997	 2.5167560937499993
16.544999999999995	 2.524905156249999
16.554999999999996	 2.5385904687499994
16.565	 2.5484657812499996
16.575000000000003	 2.5612498437499993
16.585000000000004	 2.575514374999999
16.595000000000002	 2.5866389062499993
16.605000000000004	 2.603290156249999
16.615000000000002	 2.6158667187499987
16.625	 2.631201718749999
16.635	 2.647964999999999
16.645	 2.6615715624999985
16.654999999999998	 2.680520937499998
16.665	 2.6956248437499983
16.675	 2.7130795312499987
16.685000000000002	 2.7318453124999986
16.695	 2.747280624999999
16.705000000000002	 2.7679801562499984
16.715	 2.7847076562499993
16.725	 2.803712031249999
16.735	 2.824118281249999
16.744999999999997	 2.8408957812499995
16.754999999999995	 2.8628635937499993
16.764999999999997	 2.880558906249999
16.774999999999995	 2.9008292187499998
16.784999999999997	 2.92212484375
16.794999999999995	 2.93982265625
16.804999999999993	 2.96279671875
16.814999999999998	 2.9813598437499995
16.825000000000003	 3.0022334375
16.835000000000004	 3.02434671875
16.845000000000006	 3.0425023437500003
16.855000000000004	 3.0657553125000003
16.865000000000002	 3.084659375
16.875000000000004	 3.1058190625000006
16.885	 3.1277154687500004
16.895	 3.1459520312500007
16.904999999999998	 3.168918906250001
16.915	 3.187415468750001
16.925	 3.207964687500001
16.935000000000002	 3.2293865625000002
16.945	 3.246650468750001
16.955000000000002	 3.2685968750000005
16.965	 3.2859562500000004
16.975	 3.3050821875
16.985	 3.32478515625
16.994999999999997	 3.3403467187500007
17.004999999999995	 3.3604859375000005
17.014999999999997	 3.3758425000000005
17.024999999999995	 3.3927629687499996
17.034999999999993	 3.4100196875
17.044999999999995	 3.4231351562499994
17.054999999999993	 3.4405015625
17.064999999999998	 3.4529137499999996
17.075000000000003	 3.4668110937499996
17.085000000000004	 3.48085875
17.095000000000006	 3.4903526562499994
17.105000000000008	 3.50395921875
17.115000000000006	 3.512494687499999
17.125000000000004	 3.5222221874999993
17.135000000000005	 3.5320521874999997
17.145000000000003	 3.5372092187499993
17.155	 3.5463287499999994
17.165	 3.550284218749999
17.175	 3.555298281249999
17.185000000000002	 3.5608153124999986
17.195	 3.5613731249999985
17.205000000000002	 3.566038906249999
17.215	 3.5656215624999987
17.225	 3.566384531249999
17.235	 3.567629218749999
17.244999999999997	 3.5641745312499995
17.254999999999995	 3.565154375
17.264999999999997	 3.561296875
17.274999999999995	 3.5587123437499995
17.284999999999993	 3.5569121874999996
17.29499999999999	 3.55063703125
17.304999999999993	 3.54887984375
17.314999999999994	 3.54263796875
17.325	 3.537965
17.335000000000004	 3.53431234375
17.345000000000006	 3.5263610937500003
17.355000000000008	 3.523314062500001
17.365000000000006	 3.51584921875
17.375000000000004	 3.51040140625
17.385000000000005	 3.5062506250000003
17.395000000000003	 3.4978631250000003
17.405000000000005	 3.49454671875
17.415	 3.486915
17.425	 3.4815267187499996
17.435	 3.4774998437499995
17.445	 3.46935546875
17.455000000000002	 3.4664849999999996
17.465	 3.4595660937499995
17.474999999999998	 3.4547310937499995
17.485	 3.451505156249999
17.494999999999997	 3.4444621874999997
17.504999999999995	 3.44255484375
17.514999999999997	 3.436622968749999
17.524999999999995	 3.4329560937499997
17.534999999999993	 3.4306864062499995
17.54499999999999	 3.4247856249999993
17.55499999999999	 3.424039374999999
17.564999999999994	 3.4192423437499992
17.575	 3.4165982812499993
17.585	 3.415713749999999
17.595000000000006	 3.4109835937499997
17.605000000000008	 3.4115723437499996
17.615000000000006	 3.4082582812499993
17.625000000000007	 3.4072831249999993
17.635000000000005	 3.407724218749999
17.645000000000003	 3.4043815624999993
17.655000000000005	 3.406234062499999
17.665	 3.404188437499999
17.675	 3.404450624999999
17.685	 3.4061051562499993
17.695	 3.4041643749999997
17.705000000000002	 3.4075784375
17.715	 3.40703734375
17.724999999999998	 3.4086990624999998
17.735	 3.4120321874999995
17.744999999999997	 3.4116578124999997
17.754999999999995	 3.4166073437499995
17.764999999999997	 3.41764921875
17.774999999999995	 3.4211896874999996
17.784999999999993	 3.4261415625
17.79499999999999	 3.42741703125
17.80499999999999	 3.4340354687500003
17.81499999999999	 3.4367725000000005
17.824999999999996	 3.4414979687500007
17.835	 3.4479353125000007
17.845000000000002	 3.4507701562500004
17.855000000000008	 3.45885015625
17.86500000000001	 3.4631154687499994
17.875000000000007	 3.4693762499999994
17.885000000000005	 3.4771534374999997
17.895000000000007	 3.48130671875
17.905000000000005	 3.49048578125
17.915000000000003	 3.4957690625
17.925	 3.5026665624999995
17.935	 3.51113765625
17.945	 3.51571765625
17.955000000000002	 3.525359375
17.965	 3.5308692187500004
17.975	 3.5380909374999994
17.985	 3.54665015625
17.994999999999997	 3.5509965625
18.004999999999995	 3.5603306249999997
18.014999999999997	 3.56530640625
18.024999999999995	 3.5717078124999997
18.034999999999993	 3.57953265625
18.04499999999999	 3.5831446875000004
18.05499999999999	 3.59152984375
18.06499999999999	 3.5954423437500003
18.074999999999992	 3.6009284375000004
18.084999999999997	 3.6076900000000003
18.095000000000002	 3.6098071875000004
18.105000000000004	 3.6168525000000002
18.115000000000006	 3.61944171875
18.125000000000007	 3.623449531250001
18.13500000000001	 3.6287114062500008
18.145000000000007	 3.629572187500001
18.15500000000001	 3.635244218750001
18.165000000000003	 3.6365554687500006
18.175000000000004	 3.6393615625000004
18.185000000000002	 3.643402656250001
18.195	 3.643054531250001
18.205000000000002	 3.6476918750000005
18.215	 3.6480923437500006
18.225	 3.6501521875000007
18.235	 3.6536450000000005
18.244999999999997	 3.6527796875000003
18.254999999999995	 3.6569496875
18.264999999999997	 3.65700453125
18.274999999999995	 3.6588284375000004
18.284999999999993	 3.66197546875
18.29499999999999	 3.66113625
18.30499999999999	 3.6653920312500006
18.31499999999999	 3.6656781250000003
18.324999999999992	 3.6676642187500006
18.334999999999997	 3.6712190625000005
18.345	 3.6707423437500006
18.355000000000004	 3.675489218750001
18.365000000000006	 3.6763331250000006
18.375000000000007	 3.678891250000001
18.38500000000001	 3.6831542187500004
18.39500000000001	 3.68323765625
18.40500000000001	 3.6885545312500003
18.415000000000006	 3.6897060937500004
18.425000000000004	 3.6928960937500004
18.435000000000002	 3.6976549999999997
18.445	 3.6982724999999994
18.455000000000002	 3.7040303125
18.465	 3.70588515625
18.475	 3.7095782812499998
18.485	 3.7149092187500004
18.494999999999997	 3.71602265625
18.504999999999995	 3.72216421875
18.514999999999993	 3.72434578125
18.524999999999995	 3.72842984375
18.534999999999993	 3.733868125
18.54499999999999	 3.73535109375
18.55499999999999	 3.7418814062499997
18.56499999999999	 3.7445396875
18.574999999999992	 3.74906
18.584999999999994	 3.755173125
18.595	 3.7570948437499996
18.605000000000004	 3.76410921875
18.615000000000006	 3.7671490625
18.625000000000007	 3.7719532812499996
18.63500000000001	 3.77871234375
18.64500000000001	 3.7811084374999995
18.65500000000001	 3.7886757812499994
18.66500000000001	 3.7923451562499992
18.675000000000008	 3.7976381249999993
18.685000000000006	 3.804752656249999
18.695000000000004	 3.8076470312499997
18.705000000000002	 3.815714999999999
18.715	 3.819660781249999
18.725	 3.825394687499999
18.735	 3.8330503125
18.744999999999997	 3.836416718749999
18.754999999999995	 3.8450712499999993
18.764999999999993	 3.849701406249999
18.774999999999995	 3.8556904687499993
18.784999999999993	 3.863818124999999
18.79499999999999	 3.867694687499999
18.80499999999999	 3.8766782812499994
18.81499999999999	 3.881647031249999
18.824999999999992	 3.888458749999999
18.834999999999994	 3.896955937499999
18.845	 3.9013142187499987
18.855	 3.9107437499999986
18.865000000000002	 3.916122499999999
18.875000000000007	 3.9231034374999987
18.88500000000001	 3.9318604687499987
18.89500000000001	 3.9364499999999993
18.905000000000012	 3.9460773437499994
18.91500000000001	 3.9517682812499992
18.925000000000008	 3.9591759374999995
18.935000000000006	 3.9684218749999998
18.945000000000004	 3.973268906249999
18.955000000000002	 3.9832134374999986
18.965	 3.989278749999999
18.975	 3.9967960937499996
18.985	 4.006029999999999
18.994999999999997	 4.0110104687499994
19.004999999999995	 4.02120296875
19.014999999999993	 4.0275282812499995
19.02499999999999	 4.035112343750001
19.034999999999993	 4.04460375
19.04499999999999	 4.04964859375
19.05499999999999	 4.059817187499999
19.06499999999999	 4.065875468749999
19.074999999999992	 4.073662187499999
19.084999999999994	 4.08312984375
19.095	 4.088189062500001
19.105	 4.098295625
19.115000000000002	 4.104504062500001
19.125000000000004	 4.112054843750001
19.135000000000005	 4.121486718750001
19.145000000000007	 4.1265365625
19.155000000000012	 4.136583437500001
19.16500000000001	 4.1426989062500015
19.175000000000008	 4.150113750000001
19.185000000000006	 4.15935953125
19.195000000000004	 4.164304375
19.205000000000002	 4.174284687500001
19.215	 4.18012359375
19.225	 4.18744296875
19.235	 4.196619687500001
19.244999999999997	 4.20134515625
19.254999999999995	 4.211182343750001
19.264999999999993	 4.217025937500001
19.27499999999999	 4.223959218749999
19.284999999999993	 4.2329690625
19.29499999999999	 4.237475312499999
19.30499999999999	 4.246988124999999
19.31499999999999	 4.252574218749999
19.324999999999992	 4.2593595312499986
19.334999999999994	 4.268102343749999
19.344999999999995	 4.272343906249998
19.355	 4.281694687499998
19.365000000000002	 4.287035312499999
19.375000000000004	 4.293799218749999
19.385000000000005	 4.302224999999998
19.395000000000007	 4.3062471874999995
19.40500000000001	 4.315419218749998
19.41500000000001	 4.320805156249998
19.42500000000001	 4.327075624999997
19.43500000000001	 4.335484687499997
19.445000000000007	 4.3393828124999985
19.455000000000005	 4.348416406249998
19.465000000000003	 4.353394531249999
19.475	 4.3597079687499996
19.485	 4.3680096875
19.494999999999997	 4.3718171875
19.504999999999995	 4.380645781249999
19.514999999999993	 4.385583437499999
19.52499999999999	 4.39201359375
19.534999999999993	 4.40021515625
19.54499999999999	 4.403901093749999
19.55499999999999	 4.412684531249999
19.56499999999999	 4.4176746875
19.574999999999992	 4.4237520312499985
19.584999999999994	 4.431915624999998
19.594999999999995	 4.435684999999999
19.605	 4.444430156249999
19.615	 4.44940359375
19.625000000000004	 4.4555190625
19.635000000000005	 4.4635609375000005
19.645000000000007	 4.46713484375
19.65500000000001	 4.4756296875000015
19.66500000000001	 4.480507812500001
19.67500000000001	 4.48647546875
19.68500000000001	 4.4944578125
19.695000000000007	 4.49793390625
19.705000000000005	 4.5065575
19.715000000000003	 4.51105640625
19.725	 4.51711703125
19.735	 4.52510640625
19.744999999999997	 4.528544375000001
19.754999999999995	 4.536984375
19.764999999999993	 4.54158828125
19.77499999999999	 4.5472459375
19.784999999999993	 4.55506359375
19.79499999999999	 4.558384843750001
19.80499999999999	 4.5667557812499995
19.81499999999999	 4.5715337499999995
19.824999999999992	 4.577267812499999
19.834999999999994	 4.584959218749999
19.844999999999995	 4.588220781249999
19.855	 4.596601249999998
19.865	 4.601064531249998
19.875	 4.606624374999998
19.885000000000005	 4.614356249999998
19.895000000000007	 4.617422343749999
19.90500000000001	 4.625709687499998
19.91500000000001	 4.630170468749998
19.92500000000001	 4.635646874999998
19.93500000000001	 4.643221406249998
19.945000000000007	 4.646389999999999
19.955000000000005	 4.654753749999999
19.965000000000003	 4.6592384375
19.975	 4.66482703125
19.985	 4.6726328125
19.994999999999997	 4.675794218750001
20.005	 4.684103125000001
20.014999999999997	 4.688616406250001
20.024999999999995	 4.694281250000001
20.034999999999993	 4.7020226562500005
20.04499999999999	 4.705160156250001
20.05499999999999	 4.71344046875
20.06499999999999	 4.718249374999999
20.074999999999992	 4.7237640625
20.084999999999994	 4.7313840625
20.094999999999995	 4.73458125
20.104999999999997	 4.74254921875
20.115	 4.747141093749999
20.125	 4.752505468749999
20.135000000000005	 4.7602540625
20.145000000000003	 4.763415468749999
20.155000000000005	 4.771066249999999
20.165000000000006	 4.775431718749999
20.175000000000008	 4.780998749999998
20.18500000000001	 4.788532812499999
20.19500000000001	 4.7916631249999995
20.20500000000001	 4.798746562499999
20.215000000000007	 4.803176249999999
20.225000000000005	 4.808523906249999
20.235000000000003	 4.8155071875
20.245	 4.818561406249999
20.255	 4.825177499999999
20.264999999999997	 4.829700312499998
20.274999999999995	 4.834616562499998
20.284999999999993	 4.841196874999999
20.29499999999999	 4.844293906249999
20.30499999999999	 4.850387812499998
20.31499999999999	 4.854748437499999
20.324999999999992	 4.859211562499999
20.334999999999994	 4.865389062499999
20.344999999999995	 4.868443124999999
20.354999999999997	 4.874243906249999
20.365	 4.8783660937499995
20.375	 4.882271406249999
20.385	 4.887943437499999
20.395000000000003	 4.8909021875
20.405000000000005	 4.896128281249999
20.415000000000006	 4.900043125
20.425000000000008	 4.903543125
20.43500000000001	 4.90884078125
20.44500000000001	 4.911358437500001
20.45500000000001	 4.9160671875
20.465000000000007	 4.919495625000001
20.475000000000005	 4.922583125000001
20.485000000000003	 4.92742296875
20.495	 4.929497187500001
20.505	 4.93386734375
20.514999999999997	 4.9368690625000005
20.524999999999995	 4.9394225
20.534999999999993	 4.9439023437500005
20.54499999999999	 4.9455475
20.55499999999999	 4.94953625
20.56499999999999	 4.95211359375
20.574999999999992	 4.95436421875
20.584999999999994	 4.958324375
20.594999999999995	 4.959456875000001
20.604999999999997	 4.9629115625
20.615	 4.96495
20.625	 4.966542656250001
20.635	 4.97004265625
20.645000000000003	 4.9707340625
20.655	 4.973583125000001
20.665000000000006	 4.97522578125
20.675000000000008	 4.9764059375
20.68500000000001	 4.97942671875
20.69500000000001	 4.97964125
20.70500000000001	 4.9819753125
20.715000000000007	 4.9831578125
20.725000000000005	 4.9840374999999995
20.735000000000003	 4.98656953125
20.745	 4.98656953125
20.755	 4.98861515625
20.764999999999997	 4.98943296875
20.774999999999995	 4.98967140625
20.784999999999993	 4.99179578125
20.79499999999999	 4.99179578125
20.80499999999999	 4.9934646875
20.81499999999999	 4.9936912499999995
20.824999999999992	 4.99369125
20.834999999999994	 4.9953459375
20.844999999999995	 4.9953459375
20.854999999999997	 4.99654046875
20.865	 4.99654046875
20.875	 4.99654046875
20.885	 4.997794531249999
20.895000000000003	 4.99779453125
20.905000000000005	 4.9985359375
20.915000000000006	 4.9985359375
20.925000000000008	 4.9985359375
20.93500000000001	 4.999289375
20.94500000000001	 4.999289375
20.95500000000001	 4.9996446875
20.965000000000007	 4.9996446875
20.97500000000001	 4.9996446875
20.985000000000007	 5.0
20.995000000000005	 5.0
21.005000000000003	 5.0
21.014999999999997	 5.0
21.024999999999995	 5.0
21.034999999999993	 5.0
21.04499999999999	 5.0
21.05499999999999	 5.0
21.06499999999999	 5.0
21.074999999999992	 5.0
21.084999999999994	 5.0
21.094999999999995	 5.0
21.104999999999997	 5.0
21.115	 5.0
21.125	 5.0
21.135	 5.0
21.145000000000003	 5.0
21.155	 5.0
21.165000000000003	 5.0
21.175000000000004	 5.0
21.185000000000006	 5.0
21.195000000000007	 5.0
21.20500000000001	 5.0
21.21500000000001	 5.0
21.22500000000001	 5.0
21.235000000000007	 5.0
21.245000000000005	 5.0
21.255000000000003	 5.0
21.264999999999997	 5.0
21.274999999999995	 5.0
21.284999999999993	 5.0
21.29499999999999	 5.0
21.30499999999999	 5.0
21.31499999999999	 5.0
21.324999999999992	 5.0
21.334999999999994	 5.0
21.344999999999995	 5.0
21.354999999999997	 5.0
21.365	 5.0
21.375	 5.0
21.385	 5.0
21.395000000000003	 5.0
21.405	 5.0
21.415000000000003	 5.0
21.425000000000004	 5.0
21.435000000000006	 5.0
21.445000000000007	 5.0
21.45500000000001	 5.0
21.46500000000001	 5.0
21.47500000000001	 5.0
21.485000000000007	 5.0
21.495000000000005	 5.0
21.505000000000003	 5.0
21.515	 5.0
21.524999999999995	 5.0
21.534999999999993	 5.0
21.54499999999999	 5.0
21.55499999999999	 5.0
21.56499999999999	 5.0
21.574999999999992	 5.0
21.584999999999994	 5.0
21.594999999999995	 5.0
21.604999999999997	 5.0
21.615	 5.0
21.625	 5.0
21.635	 5.0
21.645000000000003	 5.0
21.655	 5.0
21.665000000000003	 5.0
21.675000000000004	 5.0
21.685000000000006	 5.0
21.695000000000007	 5.0
21.70500000000001	 5.0
21.71500000000001	 5.0
21.72500000000001	 5.0
21.735000000000007	 5.0
21.745000000000005	 5.0
21.755000000000003	 5.0
21.765	 5.0
21.775	 5.0
21.784999999999993	 5.0
21.79499999999999	 5.0
21.80499999999999	 5.0
21.81499999999999	 5.0
21.824999999999992	 5.0
21.834999999999994	 5.0
21.844999999999995	 5.0
21.854999999999997	 5.0
21.865	 5.0
21.875	 5.0
21.885	 5.0
21.895000000000003	 5.0
21.905	 5.0
21.915000000000003	 5.0
21.925	 5.0
21.935000000000002	 5.0
21.945000000000004	 5.0
21.955000000000005	 5.0
21.965000000000007	 5.0
21.97500000000001	 5.0
21.98500000000001	 5.0
21.995000000000005	 5.0
22.005000000000003	 5.0
22.015	 5.0
22.025	 5.0
22.034999999999997	 5.0
22.04499999999999	 5.0
22.05499999999999	 5.0
22.06499999999999	 5.0
22.074999999999992	 5.0
22.084999999999994	 5.0
22.094999999999995	 5.0
22.104999999999997	 5.0
22.115	 5.0
22.125	 5.0
22.135	 5.0
22.145000000000003	 5.0
22.155	 5.0
22.165000000000003	 5.0
22.175	 5.0
22.185000000000002	 5.0
22.195000000000004	 5.0
22.205000000000005	 5.0
22.215000000000007	 5.0
22.22500000000001	 5.0
22.23500000000001	 5.0
22.245000000000005	 5.0
22.255000000000003	 5.0
22.265	 5.0
22.275	 5.0
22.284999999999997	 5.0
22.29499999999999	 5.0
22.30499999999999	 5.0
22.31499999999999	 5.0
22.324999999999992	 5.0
22.334999999999994	 5.0
22.344999999999995	 5.0
22.354999999999993	 5.0
22.365	 5.0
22.375	 5.0
22.385	 5.0
22.395000000000003	 5.0
22.405	 5.0
22.415000000000003	 5.0
22.425	 5.0
22.435000000000002	 5.0
22.445000000000004	 5.0
22.455000000000005	 5.0
22.465000000000007	 5.0
22.47500000000001	 5.0
22.48500000000001	 5.0
22.495000000000008	 5.0
22.505000000000006	 5.0
22.515000000000004	 5.0
22.525000000000002	 5.0
22.534999999999997	 5.0
22.544999999999995	 5.0
22.55499999999999	 5.0
22.56499999999999	 5.0
22.574999999999992	 5.0
22.584999999999994	 5.0
22.594999999999995	 5.0
22.604999999999993	 5.0
22.615	 5.0
22.625	 5.0
22.634999999999998	 5.0
22.645000000000003	 5.0
22.655	 5.0
22.665000000000003	 5.0
22.675000000000004	 5.0
22.685000000000002	 5.0
22.695000000000004	 5.0
22.705000000000005	 5.0
22.715000000000007	 5.0
22.72500000000001	 5.0
22.73500000000001	 5.0
22.745000000000008	 5.0
22.755000000000006	 5.0
22.765000000000004	 5.0
22.775000000000002	 5.0
22.784999999999997	 5.0
22.794999999999995	 5.0
22.80499999999999	 5.0
22.81499999999999	 5.0
22.824999999999992	 5.0
22.834999999999994	 5.0
22.844999999999995	 5.0
22.854999999999993	 5.0
22.864999999999995	 5.0
22.874999999999996	 5.0
22.884999999999998	 5.0
22.895000000000003	 5.0
22.905	 5.0
22.915000000000003	 5.0
22.925000000000004	 5.0
22.935000000000002	 5.0
22.945	 5.0
22.955000000000002	 5.0
22.965000000000003	 5.0
22.975000000000005	 5.0
22.985000000000007	 5.0
22.995000000000008	 5.0
23.005000000000006	 5.0
23.015000000000004	 5.0
23.025000000000002	 5.0
23.035	 5.0
23.044999999999995	 5.0
23.054999999999993	 5.0
23.06499999999999	 5.0
23.074999999999992	 5.0
23.084999999999994	 5.0
23.094999999999995	 5.0
23.104999999999993	 5.0
23.114999999999995	 5.0
23.124999999999996	 5.0
23.134999999999998	 5.0
23.145000000000003	 5.0
23.155	 5.0
23.165000000000003	 5.0
23.175000000000004	 5.0
23.185000000000002	 5.0
23.195	 5.0
23.205000000000002	 5.0
23.215000000000003	 5.0
23.225000000000005	 5.0
23.235000000000007	 5.0
23.245000000000008	 5.0
23.255000000000006	 5.0
23.265000000000004	 5.0
23.275000000000002	 5.0
23.285	 5.0
23.294999999999995	 5.0
23.304999999999993	 5.0
23.31499999999999	 5.0
23.324999999999992	 5.0
23.334999999999994	 5.0
23.344999999999995	 5.0
23.354999999999993	 5.0
23.364999999999995	 5.0
23.374999999999996	 5.0
23.384999999999998	 5.0
23.395000000000003	 5.0
23.405	 5.0
23.415000000000003	 5.0
23.425000000000004	 5.0
23.435000000000002	 5.0
23.445	 5.0
23.455000000000002	 5.0
23.465000000000003	 5.0
23.475000000000005	 5.0
23.485000000000007	 5.0
23.495000000000005	 5.0
23.505000000000006	 5.0
23.515000000000004	 5.0
23.525000000000002	 5.0
23.535	 5.0
23.544999999999998	 5.0
23.554999999999993	 5.0
23.564999999999994	 5.0
23.574999999999992	 5.0
23.584999999999994	 5.0
23.594999999999995	 5.0
23.604999999999993	 5.0
23.614999999999995	 5.0
23.624999999999996	 5.0
23.634999999999998	 5.0
23.645	 5.0
23.655	 5.0
23.665000000000003	 5.0
23.675000000000004	 5.0
23.685000000000002	 5.0
23.695	 5.0
23.705000000000002	 5.0
23.715000000000003	 5.0
23.725000000000005	 5.0
23.735000000000007	 5.0
23.745000000000005	 5.0
23.755000000000006	 5.0
23.765000000000004	 5.0
23.775000000000002	 5.0
23.785	 5.0
23.794999999999998	 5.0
23.804999999999993	 5.0
23.814999999999994	 5.0
23.824999999999992	 5.0
23.834999999999994	 5.0
23.844999999999995	 5.0
23.854999999999993	 5.0
23.864999999999995	 5.0
23.874999999999996	 5.0
23.884999999999998	 5.0
23.895	 5.0
23.905	 5.0
23.915000000000003	 5.0
23.925000000000004	 5.0
23.935000000000002	 5.0
23.945	 5.0
23.955000000000002	 5.0
23.965	 5.0
23.975	 5.0
23.985000000000003	 5.0
23.995000000000005	 5.0
24.005000000000006	 5.0
24.015000000000004	 5.0
24.025000000000006	 5.0
24.035000000000004	 5.0
24.044999999999998	 5.0
24.054999999999996	 5.0
24.064999999999994	 5.0
24.074999999999992	 5.0
24.084999999999994	 5.0
24.094999999999995	 5.0
24.104999999999993	 5.0
24.114999999999995	 5.0
24.124999999999996	 5.0
24.134999999999998	 5.0
24.145	 5.0
24.155	 5.0
24.165000000000003	 5.0
24.175000000000004	 5.0
24.185000000000002	 5.0
24.195	 5.0
24.205000000000002	 5.0
24.215	 5.0
24.225	 5.0
24.235000000000003	 5.0
24.245000000000005	 5.0
24.255000000000006	 5.0
24.265000000000004	 5.0
24.275000000000006	 5.0
24.285000000000004	 5.0
24.294999999999998	 5.0
24.304999999999996	 5.0
24.314999999999994	 5.0
24.324999999999992	 5.0
24.334999999999994	 5.0
24.344999999999995	 5.0
24.354999999999993	 5.0
24.364999999999995	 5.0
24.374999999999996	 5.0
24.384999999999998	 5.0
24.395	 5.0
24.405	 5.0
24.415000000000003	 5.0
24.425000000000004	 5.0
24.435000000000002	 5.0
24.445	 5.0
24.455000000000002	 5.0
24.465	 5.0
24.475	 5.0
24.485000000000003	 5.0
24.495	 5.0
24.505000000000003	 5.0
24.515000000000004	 5.0
24.525000000000006	 5.0
24.535000000000004	 5.0
24.545	 5.0
24.554999999999996	 5.0
24.564999999999998	 5.0
24.574999999999996	 5.0
24.584999999999994	 5.0
24.594999999999995	 5.0
24.604999999999993	 5.0
24.614999999999995	 5.0
24.624999999999996	 5.0
24.634999999999998	 5.0
24.645	 5.0
24.654999999999998	 5.0
24.665000000000003	 5.0
24.675000000000004	 5.0
