0.16499999999999998	 0.010056875
0.175	 0.010047500000000001
0.18499999999999997	 0.007272187500000001
0.19499999999999995	 0.010347812500000003
0.20499999999999996	 0.007648750000000001
0.21499999999999997	 0.009007499999999998
0.22499999999999998	 0.010409375000000002
0.23499999999999996	 0.007481562499999999
0.24499999999999997	 0.010409375000000004
0.25499999999999995	 0.0076390625
0.26499999999999996	 0.0088409375
0.27499999999999997	 0.010447812500000006
0.285	 0.0076059375
0.29499999999999993	 0.010734062499999999
0.305	 0.0080015625
0.315	 0.00918875
0.325	 0.010542812499999998
0.335	 0.0077103125
0.34500000000000003	 0.0105953125
0.35500000000000004	 0.0079009375
0.36500000000000005	 0.009260000000000001
0.375	 0.010642812500000003
0.385	 0.0081728125
0.395	 0.01139625
0.4050000000000001	 0.009388750000000001
0.4150000000000001	 0.0106953125
0.42500000000000004	 0.012063750000000002
0.43500000000000005	 0.009303125000000002
0.445	 0.012421562499999997
0.455	 0.0098753125
0.46499999999999997	 0.011348750000000001
0.47500000000000003	 0.01273625
0.48500000000000004	 0.010190000000000001
0.495	 0.013155937500000003
0.505	 0.010352187500000002
0.515	 0.011596562500000001
0.525	 0.012912812499999999
0.5350000000000001	 0.010319062500000002
0.545	 0.0133184375
0.555	 0.01068625
0.565	 0.012064375
0.575	 0.013485312499999999
0.5849999999999999	 0.010428749999999999
0.5949999999999999	 0.013065624999999999
0.6049999999999999	 0.010380937500000001
0.6149999999999999	 0.011611250000000002
0.625	 0.0127178125
0.6350000000000001	 0.009909375000000003
0.6450000000000001	 0.01275625
0.655	 0.010152812500000004
0.665	 0.011564062500000003
0.6749999999999999	 0.012842187500000003
0.6849999999999999	 0.010300625000000002
0.695	 0.013056875000000004
0.705	 0.010033750000000004
0.715	 0.01127375
0.7249999999999999	 0.012341875000000002
0.7349999999999999	 0.009056250000000002
0.7449999999999999	 0.011965000000000002
0.7549999999999999	 0.009232500000000001
0.765	 0.01042
0.775	 0.011731250000000002
0.7850000000000001	 0.00920875
0.795	 0.01214125
0.805	 0.009156250000000001
0.815	 0.01044375
0.825	 0.0115165625
0.835	 0.008784374999999999
0.845	 0.011764374999999997
0.8550000000000001	 0.008812499999999997
0.865	 0.0100234375
0.8750000000000001	 0.011000937499999999
0.885	 0.008249375
0.895	 0.011000624999999998
0.905	 0.0085209375
0.915	 0.009946875
0.925	 0.011315312499999997
0.9349999999999999	 0.008959687499999999
0.945	 0.012073437499999999
0.955	 0.009379374999999999
0.9649999999999999	 0.010790625
0.975	 0.0118921875
0.985	 0.0092934375
0.995	 0.012359375
1.0050000000000001	 0.009398124999999998
1.015	 0.010928749999999997
1.025	 0.012278124999999999
1.035	 0.009712499999999997
1.0450000000000002	 0.012902812499999996
1.055	 0.010642812499999998
1.065	 0.0119875
1.075	 0.0129128125
1.085	 0.010547500000000001
1.095	 0.01350875
1.105	 0.010542812499999998
1.115	 0.011901875000000001
1.125	 0.013103437499999997
1.135	 0.010328125
1.1449999999999998	 0.013379999999999998
1.1549999999999998	 0.0106478125
1.165	 0.012002187499999999
1.1749999999999998	 0.012936875
1.185	 0.010328750000000003
1.195	 0.01357125
1.205	 0.010829374999999999
1.215	 0.012345624999999999
1.225	 0.013494687500000001
1.235	 0.010895937500000001
1.2449999999999999	 0.0137571875
1.255	 0.010715
1.2650000000000001	 0.012130937500000001
1.2750000000000001	 0.013232500000000001
1.285	 0.0108721875
1.295	 0.013938125000000003
1.3050000000000002	 0.011043750000000001
1.315	 0.0123121875
1.325	 0.0134090625
1.335	 0.010862499999999999
1.345	 0.013704375
1.355	 0.010733749999999999
1.365	 0.012106874999999998
1.375	 0.013355937499999998
1.385	 0.010280312499999998
1.395	 0.013436874999999996
1.4049999999999998	 0.010342187499999997
1.415	 0.0116678125
1.4249999999999998	 0.012640624999999996
1.435	 0.0102421875
1.445	 0.013189062499999998
1.455	 0.010604687499999998
1.4649999999999999	 0.012040000000000002
1.475	 0.013108124999999998
1.485	 0.010747812499999999
1.495	 0.013985624999999996
1.505	 0.011214999999999998
1.515	 0.012569374999999999
1.525	 0.013360937499999996
1.535	 0.010943437499999998
1.545	 0.013942812499999999
1.5550000000000002	 0.010976874999999997
1.5650000000000002	 0.012416874999999997
1.575	 0.013465625
1.585	 0.010976562499999998
1.5949999999999998	 0.013861249999999999
1.605	 0.0107428125
1.615	 0.012135312499999999
1.625	 0.013289374999999999
1.635	 0.010990937499999999
1.645	 0.01397125
1.655	 0.011024375
1.665	 0.012407187499999998
1.6749999999999998	 0.013479999999999999
1.685	 0.011000624999999997
1.695	 0.013785624999999998
1.705	 0.011439687499999997
1.7149999999999999	 0.012960624999999998
1.725	 0.013943124999999999
1.735	 0.011801874999999996
1.745	 0.014958437499999996
1.755	 0.011954374999999996
1.7650000000000001	 0.013394374999999998
1.775	 0.014099999999999998
1.785	 0.011677500000000002
1.795	 0.014662499999999998
1.8050000000000002	 0.011629687500000003
1.8150000000000002	 0.013093437500000001
1.8249999999999997	 0.014089999999999998
1.835	 0.011686562499999999
1.845	 0.015005312500000005
1.855	 0.011982187500000003
1.865	 0.013479374999999998
1.8749999999999998	 0.014418750000000004
1.885	 0.0121821875
1.895	 0.015200624999999999
1.905	 0.012291874999999999
1.915	 0.013951249999999998
1.9249999999999998	 0.014995625000000002
1.935	 0.012678124999999997
1.945	 0.015462812499999999
1.9549999999999998	 0.012387187499999997
1.9649999999999999	 0.013946249999999997
1.9749999999999999	 0.014799999999999997
1.985	 0.012778437499999998
1.995	 0.0158921875
2.005	 0.013007187499999996
2.015	 0.014594999999999997
2.025	 0.0152434375
2.035	 0.01230625
2.0449999999999995	 0.015324375
2.0549999999999997	 0.0121584375
2.065	 0.0136653125
2.075	 0.014537812499999997
2.085	 0.012230000000000001
2.0949999999999998	 0.015415312500000002
2.105	 0.0124875
2.115	 0.013955937500000001
2.125	 0.014661562500000001
2.1350000000000002	 0.012391875
2.145	 0.015386562500000001
2.1550000000000002	 0.012525624999999999
2.165	 0.013994374999999998
2.175	 0.0148575
2.185	 0.012702499999999999
2.195	 0.0158734375
2.2049999999999996	 0.0126690625
2.215	 0.014114062499999998
2.2249999999999996	 0.014605312499999997
2.2350000000000003	 0.012292812499999996
2.245	 0.015344374999999997
2.255	 0.012306874999999995
2.265	 0.013994999999999997
2.2750000000000004	 0.014796249999999997
2.285	 0.012407499999999998
2.295	 0.015454374999999996
2.305	 0.0123215625
2.315	 0.013728437499999998
2.325	 0.014767812499999998
2.3349999999999995	 0.012736249999999998
2.3449999999999998	 0.015878749999999997
2.355	 0.013394374999999998
2.3649999999999998	 0.014972812499999998
2.375	 0.0156403125
2.3850000000000002	 0.013289375
2.3950000000000005	 0.016159999999999997
2.4050000000000002	 0.013079687499999998
2.415	 0.01459125
2.4250000000000003	 0.015154062499999997
2.435	 0.013261250000000002
2.445	 0.01619875
2.4549999999999996	 0.013185312500000003
2.465	 0.014644375000000001
2.475	 0.015259375000000004
2.485	 0.013027812500000003
2.4949999999999997	 0.0162225
2.505	 0.013122812500000003
2.5150000000000006	 0.014663125
2.5250000000000004	 0.015283125
2.535	 0.013084687500000003
2.5450000000000004	 0.016475000000000004
2.5549999999999997	 0.013456562500000003
2.5649999999999995	 0.014934687500000002
2.575	 0.0156690625
2.585	 0.013532812500000001
2.5949999999999998	 0.016541562500000002
2.605	 0.013637500000000002
2.6149999999999993	 0.015344687500000002
2.625	 0.0158928125
2.6350000000000002	 0.013823125000000002
2.6450000000000005	 0.016445937500000004
2.6550000000000002	 0.01314625
2.665	 0.014886562500000002
2.675	 0.015492187500000002
2.685	 0.012783750000000003
2.695	 0.016007187500000002
2.7049999999999996	 0.013036562500000001
2.715	 0.0148103125
2.7249999999999996	 0.015615937500000001
2.7349999999999994	 0.0135703125
2.7449999999999997	 0.016660312500000003
2.7550000000000003	 0.013455937500000001
2.765	 0.01530125
2.7750000000000004	 0.016035625000000005
2.7850000000000006	 0.014185625
2.7950000000000004	 0.017151562500000002
2.805	 0.014061562500000003
2.815	 0.015549375000000002
2.8249999999999997	 0.016145625
2.835	 0.014037812500000002
2.845	 0.0174378125
2.855	 0.014390937500000004
2.8649999999999998	 0.015993125000000004
2.875	 0.01664625
2.885	 0.014810625000000001
2.895	 0.0178815625
2.9050000000000002	 0.0147246875
2.915	 0.016465312500000003
2.9250000000000003	 0.01686125
2.935	 0.01495875
2.945	 0.018220312500000006
2.9549999999999996	 0.015178125000000002
2.965	 0.017066249999999998
2.9749999999999996	 0.017748125000000003
2.985	 0.015750312499999995
2.9949999999999997	 0.018935625
3.0049999999999994	 0.016475
3.015	 0.018143749999999997
3.0250000000000004	 0.018630312500000003
3.035	 0.016651562499999998
3.045	 0.0198609375
3.0550000000000006	 0.0167375
3.065	 0.018778124999999996
3.075	 0.019383749999999998
3.0849999999999995	 0.0175240625
3.095	 0.020794999999999998
3.105	 0.017719374999999996
3.1149999999999998	 0.019803124999999998
3.125	 0.020790312499999995
3.1350000000000002	 0.019488437500000007
3.145	 0.022711874999999996
3.155	 0.020160937500000007
3.165	 0.022254062500000008
3.1750000000000003	 0.02348437500000001
3.185	 0.02222562500000001
3.195	 0.025988125000000008
3.205	 0.02325093750000001
3.215	 0.025329687500000003
3.2249999999999996	 0.026192812500000006
3.235	 0.0245428125
3.2449999999999997	 0.02792343750000001
3.255	 0.024938437500000004
3.265	 0.026669375000000002
3.275	 0.027122500000000004
3.285	 0.0253440625
3.2950000000000004	 0.0286771875
3.305	 0.025735000000000004
3.315	 0.027704375
3.3250000000000006	 0.028315
3.335	 0.025835624999999997
3.3449999999999998	 0.029020625
3.355	 0.026164374999999997
3.3649999999999998	 0.02781875
3.375	 0.028400625
3.3850000000000002	 0.026359999999999998
3.395	 0.029220937500000002
3.4050000000000002	 0.025973749999999997
3.4149999999999996	 0.027461562499999998
3.4250000000000003	 0.027747499999999994
3.435	 0.025635312499999997
3.445	 0.028095625
3.455	 0.024314375000000003
3.4650000000000003	 0.0258878125
3.4749999999999996	 0.025749374999999998
3.485	 0.023627500000000003
3.4949999999999997	 0.026221562499999997
3.505	 0.022320937500000002
3.5149999999999997	 0.023345937499999997
3.5250000000000004	 0.022978750000000003
3.5349999999999997	 0.0207471875
3.5450000000000004	 0.0232840625
3.555	 0.019803125
3.565	 0.021348125
3.575	 0.0214959375
3.5850000000000004	 0.019812812499999995
3.5949999999999998	 0.0224734375
3.605	 0.0190734375
3.6149999999999998	 0.020508749999999996
3.625	 0.020499062499999998
3.6350000000000002	 0.018739375000000003
3.645	 0.02127125
3.6550000000000002	 0.0187440625
3.665	 0.020460937500000005
3.675	 0.020508437499999997
3.6849999999999996	 0.018810937499999996
3.695	 0.0218959375
3.705	 0.018705624999999997
3.715	 0.020422187499999998
3.725	 0.020569999999999998
3.735	 0.0185959375
3.7449999999999997	 0.0215478125
3.755	 0.018376875
3.7649999999999997	 0.020341562499999997
3.7750000000000004	 0.020518124999999995
3.785	 0.018591562499999995
3.795	 0.021571874999999994
3.805	 0.018100625
3.815	 0.019616875
3.825	 0.019779062499999993
3.835	 0.017871875
3.8449999999999998	 0.020904687499999998
3.8550000000000004	 0.017652812499999997
3.8649999999999998	 0.019593437499999995
3.875	 0.019726874999999998
3.8850000000000002	 0.017881562500000003
3.895	 0.020623125
3.9050000000000002	 0.017132500000000002
3.915	 0.019254374999999997
3.9250000000000003	 0.019387812500000004
3.935	 0.017528125000000002
3.945	 0.0207184375
3.955	 0.01721375
3.965	 0.0193165625
3.9750000000000005	 0.019264062499999995
3.985	 0.0168796875
3.9949999999999997	 0.019726562499999992
4.005000000000001	 0.016279062499999997
4.015	 0.0179434375
4.025	 0.018229687499999998
4.035	 0.0167371875
4.045	 0.0196603125
4.055	 0.016465312500000003
4.0649999999999995	 0.018334375
4.074999999999999	 0.018439062500000006
4.085	 0.0169084375
4.095	 0.0199934375
4.1049999999999995	 0.017170625
4.115	 0.0190446875
4.125	 0.019178124999999997
4.135	 0.017695
4.145	 0.020999375
4.155	 0.017856874999999998
4.165	 0.019883437499999997
4.175	 0.0200071875
4.1850000000000005	 0.018280937500000004
4.194999999999999	 0.021123125
4.205	 0.0179996875
4.215	 0.020069374999999997
4.225	 0.020064687500000004
4.234999999999999	 0.018577187499999998
4.245	 0.021419375000000004
4.255	 0.0182865625
4.265	 0.020126875000000002
4.275	 0.020322499999999997
4.285	 0.018686875000000002
4.295	 0.021619375000000003
4.305000000000001	 0.01926875
4.3149999999999995	 0.021352500000000003
4.324999999999999	 0.021409687500000003
4.335	 0.019869375
4.345	 0.022535000000000003
4.3549999999999995	 0.0192640625
4.364999999999999	 0.02142875
4.375	 0.021576562500000007
4.385	 0.0201221875
4.395	 0.023140625
4.405	 0.01978375
4.415	 0.021691250000000002
4.425	 0.02143375
4.4350000000000005	 0.0198934375
4.445	 0.02292125
4.455000000000001	 0.019540625000000002
4.465	 0.0213096875
4.4750000000000005	 0.02151
4.484999999999999	 0.020217812499999994
4.495	 0.023379375
4.505	 0.020265624999999995
4.514999999999999	 0.022482812499999998
4.5249999999999995	 0.022583125
4.535	 0.021028437499999997
4.545	 0.023960937499999998
4.555000000000001	 0.020809062499999996
4.565	 0.0230596875
4.574999999999999	 0.023093125
4.585	 0.0215865625
4.595	 0.024466562499999997
4.6049999999999995	 0.0214721875
4.614999999999999	 0.02365125
4.625	 0.023412812499999998
4.635	 0.0212575
4.645	 0.0242759375
4.655	 0.0208571875
4.665	 0.0230553125
4.675	 0.02297875
4.6850000000000005	 0.021471875
4.695	 0.024180312500000002
4.705	 0.020775624999999995
4.715000000000001	 0.022811875
4.725	 0.0227546875
4.735	 0.021591249999999996
4.745	 0.0246003125
4.755	 0.021395937499999997
4.764999999999999	 0.023327187499999995
4.7749999999999995	 0.023336562499999998
4.784999999999999	 0.021968125
4.794999999999999	 0.024590624999999994
4.805	 0.021395624999999995
4.815	 0.023360312499999994
4.825	 0.023355624999999994
4.835	 0.022215937499999994
4.845	 0.02485281249999999
4.8549999999999995	 0.021643749999999993
4.864999999999999	 0.023875312499999992
4.874999999999999	 0.02364156249999999
4.885	 0.022182499999999994
4.895	 0.02519124999999999
4.905	 0.022296874999999994
4.915	 0.024442499999999995
4.925	 0.02423249999999999
4.9350000000000005	 0.0227065625
4.945	 0.025515
4.955	 0.0232309375
4.965000000000001	 0.025310000000000003
4.9750000000000005	 0.025424375
4.985	 0.02420375
4.995	 0.027103125000000002
5.005000000000001	 0.023865625
5.014999999999999	 0.026211875000000003
5.0249999999999995	 0.026126250000000007
5.034999999999999	 0.024762499999999996
5.044999999999999	 0.0277903125
5.054999999999999	 0.024309375
5.065	 0.026388125
5.075	 0.026297499999999998
5.085	 0.0250959375
5.095	 0.027871249999999997
5.1049999999999995	 0.0249196875
5.114999999999999	 0.02725625
5.124999999999999	 0.0268796875
5.135	 0.025606562499999996
5.1450000000000005	 0.028262499999999996
5.155	 0.024996249999999998
5.165	 0.027423124999999996
5.175	 0.027361249999999993
5.1850000000000005	 0.026212187499999998
5.195	 0.028825312499999995
5.205	 0.025634999999999998
5.215000000000001	 0.027714062499999997
5.2250000000000005	 0.027265624999999995
5.235	 0.026216874999999997
5.245000000000001	 0.028739374999999998
5.255	 0.025530312499999996
5.265	 0.02785718749999999
5.2749999999999995	 0.027313749999999994
5.284999999999999	 0.025458749999999992
5.294999999999999	 0.028152812499999992
5.304999999999999	 0.024891249999999993
5.3149999999999995	 0.027008437499999996
5.325	 0.02686999999999999
5.335	 0.025658749999999994
5.345	 0.028481562499999995
5.3549999999999995	 0.025591874999999997
5.364999999999999	 0.0277615625
5.374999999999999	 0.0274896875
5.385	 0.026374062500000003
5.3950000000000005	 0.029006249999999997
5.405	 0.02581125
5.415	 0.0279903125
5.425	 0.027341875
5.4350000000000005	 0.0263071875
5.445	 0.02890125
5.455	 0.0255584375
5.465000000000001	 0.027914062499999996
5.4750000000000005	 0.0274134375
5.485	 0.026345624999999998
5.495	 0.029087499999999995
5.505000000000001	 0.0258928125
5.515	 0.0283340625
5.525	 0.0279575
5.534999999999999	 0.0270609375
5.544999999999999	 0.029936249999999998
5.555	 0.026426562499999997
5.5649999999999995	 0.028929999999999994
5.574999999999999	 0.028610624999999997
5.585	 0.0274615625
5.595	 0.030513125
5.6049999999999995	 0.0280003125
5.614999999999999	 0.0302796875
5.625	 0.029912499999999998
5.634999999999999	 0.029073125
5.645	 0.0317053125
5.655	 0.0284675
5.665	 0.030799062500000002
5.675	 0.030055
5.6850000000000005	 0.0290775
5.695	 0.0317525
5.705	 0.028448124999999998
5.715000000000001	 0.03088
5.7250000000000005	 0.030384375000000005
5.735	 0.0294309375
5.745	 0.03225375
5.755000000000001	 0.029039999999999996
5.765000000000001	 0.03154343749999999
5.7749999999999995	 0.031204999999999993
5.785	 0.030184687499999998
5.794999999999999	 0.032988437499999995
5.805	 0.029721875000000002
5.8149999999999995	 0.0320678125
5.824999999999999	 0.031361875
5.834999999999999	 0.0305703125
5.845	 0.033135625
5.8549999999999995	 0.029764687499999998
5.864999999999999	 0.032039374999999995
5.875	 0.0316340625
5.884999999999999	 0.030661249999999994
5.895	 0.0336225
5.905	 0.0303896875
5.915	 0.032530624999999994
5.925	 0.031982187499999995
5.9350000000000005	 0.030704062499999994
5.945	 0.0335315625
5.955	 0.030208124999999992
5.965000000000001	 0.03269718749999999
5.9750000000000005	 0.032268124999999995
5.985	 0.031319374999999997
5.995000000000001	 0.034170937499999984
6.005	 0.0309521875
6.015000000000001	 0.033422187500000006
6.025	 0.0328975
6.034999999999999	 0.03190562499999999
6.045	 0.0345709375
6.055	 0.0313284375
6.0649999999999995	 0.033745937499999996
6.074999999999999	 0.033121250000000005
6.084999999999999	 0.03232468749999999
6.094999999999999	 0.035128437499999984
6.1049999999999995	 0.0319575
6.114999999999999	 0.034269999999999995
6.125	 0.033645312499999996
6.135	 0.0327965625
6.145	 0.035805624999999994
6.155	 0.03252499999999999
6.165	 0.0352575
6.175	 0.0346421875
6.1850000000000005	 0.0336596875
6.195	 0.03651593749999999
6.205	 0.033273437499999996
6.215000000000001	 0.0356003125
6.2250000000000005	 0.03502812499999999
6.235	 0.0342415625
6.245000000000001	 0.03693562500000001
6.255	 0.034026875000000005
6.265	 0.036344375000000005
6.275	 0.03566718750000001
6.285	 0.034928125000000004
6.294999999999999	 0.037336250000000015
6.305000000000001	 0.033974375
6.3149999999999995	 0.03635375000000001
6.324999999999999	 0.0356290625
6.334999999999999	 0.03466593750000001
6.344999999999999	 0.03731718750000001
6.354999999999999	 0.03412718750000001
6.364999999999999	 0.03662125
6.375	 0.03600125000000001
6.385	 0.034995000000000005
6.395	 0.03740281250000001
6.405	 0.034017500000000006
6.415	 0.03638750000000001
6.425	 0.03571500000000001
6.4350000000000005	 0.0348140625
6.445	 0.03729375000000001
6.455	 0.033855625
6.465000000000001	 0.036077500000000005
6.4750000000000005	 0.035219375000000004
6.485	 0.034275
6.495	 0.036969062500000004
6.505	 0.0338315625
6.515	 0.036063125
6.5249999999999995	 0.035400625
6.535	 0.03462343749999999
6.545	 0.03737
6.555	 0.0341940625
6.565	 0.03663562499999999
6.574999999999998	 0.03593968749999999
6.584999999999999	 0.0345140625
6.594999999999999	 0.037317812499999985
6.604999999999999	 0.033975
6.614999999999999	 0.036750000000000005
6.625	 0.036139687499999996
6.635	 0.0353625
6.645	 0.0380278125
6.655	 0.0349140625
6.665	 0.0374509375
6.675000000000001	 0.036702187500000004
6.6850000000000005	 0.0358340625
6.695	 0.03835656250000001
6.705	 0.0352715625
6.715000000000001	 0.03794187500000001
6.7250000000000005	 0.03703593750000001
6.735	 0.036396874999999995
6.745	 0.039115000000000004
6.755000000000001	 0.035896250000000005
6.765	 0.038614062500000004
6.775	 0.03788937500000001
6.785	 0.0372265625
6.795	 0.039896875000000005
6.805000000000001	 0.036769062500000005
6.8149999999999995	 0.039186875
6.824999999999999	 0.0383096875
6.834999999999999	 0.037475312499999996
6.844999999999999	 0.03978781249999999
6.854999999999999	 0.036630937499999995
6.864999999999999	 0.03912468749999999
6.874999999999999	 0.03807562499999999
6.885	 0.0372696875
6.895	 0.0397778125
6.905	 0.036759375000000004
6.915	 0.039076875
6.925000000000001	 0.038161562499999996
6.9350000000000005	 0.037508437500000005
6.945	 0.039959375
6.955	 0.036640625
6.965000000000001	 0.03908687500000001
6.9750000000000005	 0.03832875000000001
6.985	 0.03765625
6.995	 0.04028375000000001
7.005	 0.0371271875
7.015	 0.0397115625
7.025	 0.038891249999999995
7.035	 0.038366875
7.045	 0.0414421875
7.055000000000001	 0.038094687499999995
7.0649999999999995	 0.040521562500000004
7.074999999999999	 0.039810937500000004
7.084999999999999	 0.039215
7.094999999999999	 0.042004375000000004
7.104999999999999	 0.038714375
7.114999999999999	 0.041231875
7.124999999999999	 0.040354375
7.135	 0.039901250000000006
7.145	 0.0427096875
7.155	 0.039777187500000005
7.165	 0.042633437499999996
7.175000000000001	 0.041617812500000004
7.1850000000000005	 0.04107406250000001
7.195	 0.0438971875
7.205	 0.040692812499999995
7.215000000000001	 0.04336781249999999
7.2250000000000005	 0.042881249999999996
7.235	 0.04156499999999999
7.245	 0.04435437499999999
7.255	 0.041111874999999985
7.265	 0.04382531249999999
7.275	 0.042990937499999986
7.285	 0.04256187499999999
7.295	 0.045184374999999985
7.305000000000001	 0.04184656249999998
7.315	 0.04448343749999999
7.324999999999998	 0.04358218749999999
7.335	 0.04295281249999999
7.344999999999999	 0.04557062499999999
7.354999999999999	 0.042409062500000004
7.364999999999999	 0.0447265625
7.374999999999999	 0.043825312500000005
7.384999999999999	 0.04311031250000002
7.395	 0.045356250000000015
7.405	 0.04221875
7.415	 0.044655625
7.425	 0.043659062500000005
7.4350000000000005	 0.04316312499999999
7.445	 0.0457046875
7.455	 0.042385937499999984
7.465000000000001	 0.04474624999999999
7.4750000000000005	 0.04364468749999999
7.485	 0.04290562499999998
7.495	 0.04520406249999999
7.505	 0.041904374999999994
7.515	 0.044369374999999996
7.525	 0.04343968749999999
7.535	 0.0428484375
7.545	 0.04542343749999999
7.555000000000001	 0.042858125
7.565	 0.0452615625
7.574999999999998	 0.0441884375
7.585	 0.04394499999999999
7.594999999999999	 0.046190937499999994
7.604999999999999	 0.04270531249999999
7.614999999999999	 0.0451896875
7.624999999999999	 0.0443409375
7.634999999999999	 0.04402156249999999
7.645	 0.04639156249999999
7.655	 0.043168124999999995
7.665	 0.04570031249999999
7.675	 0.0445084375
7.6850000000000005	 0.0439840625
7.695	 0.046525625
7.705	 0.04357375000000001
7.715000000000001	 0.04645375
7.7250000000000005	 0.045271250000000006
7.735	 0.04502312500000001
7.745	 0.04765031250000002
7.755	 0.04440312500000001
7.765000000000001	 0.047025625000000015
7.7749999999999995	 0.045962187500000015
7.785	 0.04547093750000002
7.795	 0.047874062500000016
7.805	 0.0447746875
7.815	 0.04765
7.824999999999999	 0.04656281250000001
7.834999999999999	 0.046295937499999995
7.845	 0.048670624999999995
7.854999999999999	 0.0455996875
7.864999999999999	 0.0482415625
7.874999999999999	 0.04722124999999999
7.884999999999999	 0.04617687499999999
7.895	 0.048680312499999996
7.905	 0.04519937499999999
7.915	 0.04806968749999999
7.925	 0.04707312499999999
7.9350000000000005	 0.046529375
7.945	 0.048770625
7.955	 0.0452278125
7.965	 0.0480028125
7.975	 0.047001562499999996
7.984999999999999	 0.0468346875
7.995	 0.049028125
8.004999999999999	 0.04593343749999999
8.015	 0.048508437499999994
8.024999999999999	 0.047206874999999995
8.035	 0.0467159375
8.045	 0.0489475
8.055	 0.045538125
8.065000000000001	 0.048022499999999996
8.075	 0.04683999999999999
8.084999999999999	 0.046634999999999996
8.094999999999999	 0.04905749999999999
8.104999999999999	 0.045814999999999995
8.114999999999998	 0.048552187499999996
8.125	 0.047364687499999995
8.135	 0.04694500000000001
8.145	 0.049295937500000005
8.155	 0.045915000000000004
8.165000000000001	 0.04867562500000001
8.174999999999999	 0.04730718750000001
8.185	 0.04702562500000001
8.195	 0.04918562500000001
8.205	 0.046434375000000014
8.215	 0.04906656250000001
8.225	 0.047740937500000004
8.235	 0.0473309375
8.245	 0.04958156250000001
8.254999999999999	 0.046177187499999994
8.265	 0.0488090625
8.275	 0.04737843750000001
8.284999999999998	 0.04674906250000001
8.295	 0.04876125
8.305	 0.04464125
8.315	 0.0470921875
8.325000000000001	 0.04488906249999999
8.334999999999999	 0.04369687499999999
8.344999999999999	 0.044903124999999995
8.354999999999999	 0.04048749999999999
8.364999999999998	 0.04199406249999999
8.374999999999998	 0.0392284375
8.385	 0.037516562499999996
8.395000000000001	 0.0384653125
8.405	 0.03356812500000001
8.415	 0.03497000000000001
8.424999999999999	 0.0325096875
8.434999999999999	 0.031184062499999998
8.445	 0.032414374999999995
8.455	 0.028127812499999995
8.465	 0.029911249999999993
8.475	 0.027779999999999992
8.485	 0.027141249999999992
8.495	 0.028872187499999993
8.504999999999999	 0.024928749999999996
8.515	 0.02757531249999999
8.525	 0.02615406249999999
8.534999999999998	 0.025391249999999997
8.544999999999998	 0.027937812499999992
8.555	 0.02501
8.565	 0.0284240625
8.575000000000001	 0.028214062499999998
8.585	 0.029291875000000002
8.594999999999999	 0.033125625
8.604999999999999	 0.0312946875
8.614999999999998	 0.0356290625
8.624999999999998	 0.03614875000000001
8.634999999999998	 0.037874687500000004
8.645000000000001	 0.04206625
8.655000000000001	 0.0406025
8.665	 0.0456046875
8.674999999999999	 0.0464153125
8.684999999999999	 0.0483515625
8.695	 0.052905312499999996
8.705	 0.05206625
8.715000000000002	 0.056868125000000005
8.725	 0.057640625
8.735	 0.0594334375
8.745	 0.06359625000000001
8.754999999999999	 0.0620228125
8.765	 0.06660031250000001
8.775	 0.066819375
8.785	 0.0683928125
8.794999999999998	 0.0719546875
8.805	 0.06958937500000001
8.815	 0.0735946875
8.825	 0.07327062499999999
8.835	 0.07412874999999998
8.845	 0.07691374999999999
8.854999999999999	 0.07443875
8.864999999999998	 0.07758093749999999
8.874999999999998	 0.07628406249999999
8.884999999999998	 0.0758453125
8.895	 0.077590625
8.905000000000001	 0.07351374999999999
8.915000000000001	 0.0754209375
8.924999999999999	 0.07317031249999999
8.934999999999999	 0.07211187499999999
8.945	 0.0733328125
8.955	 0.06872187499999999
8.965000000000002	 0.07063874999999999
8.975000000000001	 0.06844062499999998
8.985	 0.0676775
8.995	 0.06919875
9.004999999999999	 0.06541249999999998
9.015	 0.06763937499999999
9.025	 0.0653553125
9.035	 0.0648165625
9.045	 0.06641875
9.054999999999998	 0.062646875
9.065	 0.06495000000000001
9.075	 0.06309031250000001
9.085	 0.06270906250000001
9.095	 0.06442093750000003
9.104999999999999	 0.06058250000000002
9.114999999999998	 0.06309062500000001
9.124999999999998	 0.061312187500000004
9.134999999999998	 0.06104062500000001
9.145	 0.0630240625
9.155000000000001	 0.05933343750000001
9.165000000000001	 0.06211312500000001
9.174999999999999	 0.06052062500000001
9.184999999999999	 0.05950968750000001
9.194999999999999	 0.06162187500000001
9.205	 0.0581409375
9.215	 0.060830312500000004
9.225000000000001	 0.0592421875
9.235000000000001	 0.059037187500000005
9.245	 0.060996875000000006
9.254999999999999	 0.05748718750000001
9.265	 0.06043406250000001
9.275	 0.05902750000000001
9.285	 0.05920375000000001
9.295	 0.06150187500000001
9.305	 0.05811656250000001
9.315	 0.06094875000000001
9.325000000000001	 0.05936562500000001
9.335	 0.05939437500000001
9.345	 0.06177843750000001
9.355	 0.05847875000000001
9.364999999999998	 0.061578125000000004
9.374999999999998	 0.06002375000000001
9.384999999999998	 0.06032875000000001
9.395	 0.062369375000000005
9.405	 0.05881218750000001
9.415000000000001	 0.06188312500000001
9.424999999999999	 0.06030468750000001
9.434999999999999	 0.060357187500000006
9.444999999999999	 0.0623409375
9.455	 0.058726249999999994
9.465	 0.061520624999999995
9.475000000000001	 0.059913749999999995
9.485000000000001	 0.06000437499999999
9.495	 0.061988125
9.504999999999999	 0.0593275
9.515	 0.062226875
9.525	 0.0608728125
9.535	 0.061015937500000006
9.545	 0.063009375
9.555	 0.0594428125
9.565000000000001	 0.062404062499999996
9.575	 0.060892499999999995
9.585	 0.0609115625
9.595	 0.0629571875
9.605	 0.059347500000000004
9.615	 0.0622515625
9.624999999999998	 0.0605871875
9.634999999999998	 0.06101656250000001
9.645	 0.06303375
9.655	 0.059566875000000005
9.665	 0.06232781250000001
9.674999999999999	 0.0607875
9.684999999999999	 0.061059375
9.694999999999999	 0.06324312500000001
9.705	 0.059914999999999996
9.715	 0.062966875
9.725	 0.06147906250000001
9.735000000000001	 0.06171750000000001
9.745	 0.0638490625
9.754999999999999	 0.06091656249999999
9.765	 0.06416374999999999
9.775	 0.06273812499999999
9.785	 0.0630765625
9.795	 0.06488375
9.805	 0.06157468750000001
9.815000000000001	 0.06475500000000001
9.825	 0.06316718750000001
9.835	 0.0625234375
9.845	 0.0645546875
9.855	 0.0615265625
9.865	 0.06464500000000001
9.874999999999998	 0.0632859375
9.884999999999998	 0.0635528125
9.895	 0.0658084375
9.905	 0.062751875
9.915	 0.0658465625
9.924999999999999	 0.06431125
9.934999999999999	 0.0643971875
9.945	 0.06622343750000001
9.955	 0.06272343749999999
9.965	 0.0658465625
9.975	 0.06436375
9.985	 0.06477375
9.995	 0.0667909375
10.005	 0.0630190625
10.015	 0.0659659375
10.025	 0.0641634375
10.035	 0.06451156250000001
10.045	 0.066380625
10.055	 0.06302375
10.065	 0.06607062500000001
10.075000000000001	 0.06409656250000001
10.084999999999999	 0.06439218750000002
10.095	 0.06658562500000001
10.105	 0.0631525
10.115	 0.06644749999999999
10.124999999999998	 0.0648690625
10.134999999999998	 0.0652696875
10.145	 0.0672390625
10.155	 0.0647165625
10.165	 0.0678303125
10.174999999999999	 0.06596593750000002
10.184999999999999	 0.0663615625
10.195	 0.068569375
10.205	 0.0654653125
10.215	 0.0684215625
10.225	 0.06656656250000001
10.235	 0.0668859375
10.245	 0.06893625000000002
10.255	 0.06575562500000001
10.265	 0.06914125
10.275	 0.06745781249999999
10.285	 0.06784406250000001
10.295	 0.06974187500000001
10.305	 0.0662084375
10.315	 0.0691934375
10.325000000000001	 0.06782968749999999
10.335	 0.068330625
10.344999999999999	 0.0705859375
10.355	 0.06754843749999999
10.365	 0.07093406249999999
10.374999999999998	 0.0692078125
10.385	 0.0695415625
10.395	 0.07129625
10.405	 0.0679775
10.415	 0.07075749999999999
10.424999999999999	 0.06898375
10.434999999999997	 0.06945562500000001
10.445	 0.07124375000000001
10.455	 0.06825875000000002
10.465	 0.07143906250000003
10.475	 0.06982250000000002
10.485	 0.069450625
10.495	 0.07119125
10.505	 0.06804906250000001
10.515	 0.07108156250000001
10.525	 0.0692646875
10.535	 0.06967468750000001
10.545	 0.07176312500000001
10.555	 0.06840625000000002
10.565	 0.071458125
10.575000000000001	 0.06983687499999999
10.585	 0.070375625
10.594999999999999	 0.0724596875
10.605	 0.069431875
10.615	 0.0727553125
10.624999999999998	 0.07123906249999999
10.635	 0.0719540625
10.645	 0.07402375
10.655	 0.0707621875
10.665	 0.07369
10.674999999999999	 0.07167781250000001
10.684999999999997	 0.0721546875
10.695	 0.0741859375
10.705	 0.0709959375
10.715	 0.07424781250000001
10.725	 0.07244062500000001
10.735	 0.07314156250000002
10.745	 0.07526812500000002
10.754999999999999	 0.0719875
10.765	 0.0753396875
10.775000000000002	 0.07321781249999998
10.785	 0.07368531249999997
10.795	 0.07572156249999998
10.805	 0.07351843749999999
10.815	 0.07676562499999999
10.825000000000001	 0.07474843749999999
10.835	 0.0752921875
10.845	 0.0769659375
10.854999999999999	 0.07367593749999998
10.865	 0.07648468749999998
10.875	 0.07472031249999998
10.885	 0.0752590625
10.895000000000001	 0.07696624999999999
10.905	 0.07385749999999999
10.915	 0.07678499999999999
10.924999999999999	 0.07465343749999999
10.934999999999999	 0.07516843749999999
10.944999999999999	 0.07704249999999999
10.955	 0.07360468749999999
10.965	 0.076541875
10.975	 0.0745534375
10.985	 0.07513531250000001
10.995	 0.07697593750000001
11.004999999999999	 0.07351875000000001
11.015	 0.07664218750000001
11.025000000000002	 0.07475875
11.035	 0.07542656249999999
11.045	 0.07715749999999998
11.055	 0.07399593749999998
11.065	 0.07707156249999998
11.075000000000001	 0.07525499999999997
11.085	 0.07583187499999998
11.095	 0.07758187499999998
11.104999999999999	 0.0747015625
11.115	 0.0774528125
11.125	 0.07534531250000001
11.135	 0.07536906250000001
11.145000000000001	 0.07777718750000001
11.155	 0.07488281250000002
11.165	 0.07837343750000002
11.174999999999999	 0.07663281250000001
11.184999999999999	 0.07755312500000001
11.194999999999999	 0.07951281250000002
11.204999999999998	 0.076341875
11.215	 0.0795603125
11.225	 0.077338125
11.235	 0.0779915625
11.244999999999997	 0.0796225
11.254999999999999	 0.07664718749999999
11.265	 0.07974187499999999
11.275000000000002	 0.0778153125
11.285000000000002	 0.07843531249999999
11.295	 0.0801471875
11.305	 0.077190625
11.315	 0.08038999999999999
11.325000000000001	 0.07855437499999998
11.335	 0.07916
11.345	 0.08105781249999998
11.355	 0.07820156249999999
11.364999999999998	 0.08137718749999999
11.375	 0.07934125
11.385	 0.07978468749999999
11.395000000000001	 0.08137718749999999
11.405000000000001	 0.07805843750000001
11.415	 0.08128656249999999
11.424999999999999	 0.0791265625
11.434999999999999	 0.08017093750000001
11.444999999999999	 0.08204968750000001
11.454999999999998	 0.07939375000000001
11.465	 0.08212593750000001
11.475	 0.07988
11.485	 0.08062843750000001
11.494999999999997	 0.082540625
11.504999999999999	 0.07944125000000002
11.515	 0.08258843750000001
11.525000000000002	 0.0807525
11.535000000000002	 0.08160125
11.545	 0.0833559375
11.555	 0.08026124999999999
11.565	 0.083785
11.575000000000001	 0.08158187499999998
11.585	 0.08234468749999999
11.595	 0.08429031249999998
11.605	 0.0815675
11.614999999999998	 0.0848765625
11.625	 0.08260687500000001
11.635	 0.08331750000000002
11.645000000000001	 0.08503406250000002
11.655000000000001	 0.08185343750000001
11.665	 0.08462875000000002
11.674999999999999	 0.08228750000000001
11.684999999999999	 0.08321250000000002
11.694999999999997	 0.08498625000000001
11.704999999999998	 0.082244375
11.715	 0.08535812499999999
11.725	 0.08338874999999998
11.735	 0.08419937499999998
11.744999999999997	 0.08583031249999999
11.754999999999999	 0.082759375
11.765	 0.08578718749999999
11.775	 0.08384656249999999
11.785000000000002	 0.08435218750000001
11.795000000000002	 0.08602593750000001
11.805	 0.08313625000000001
11.815	 0.08612125000000002
11.825000000000001	 0.08385625000000001
11.835	 0.08469093750000001
11.845	 0.08630281249999999
11.855	 0.083260625
11.865	 0.08655093750000001
11.874999999999998	 0.0844003125
11.885	 0.08515375
11.895	 0.0867940625
11.905000000000001	 0.0840475
11.915000000000001	 0.08691812500000001
11.924999999999999	 0.08448156250000001
11.934999999999999	 0.08537343750000001
11.944999999999999	 0.0871471875
11.954999999999998	 0.0842003125
11.965	 0.08747125
11.975	 0.08541125000000001
11.985	 0.08662718750000001
11.994999999999997	 0.0883103125
12.004999999999999	 0.08554937499999998
12.015	 0.08873468749999999
12.025	 0.086465
12.035000000000002	 0.08753781249999999
12.045000000000002	 0.0892115625
12.055	 0.0863315625
12.065	 0.089564375
12.075000000000001	 0.08734718749999999
12.085	 0.088258125
12.095	 0.089965
12.105	 0.08731375
12.115	 0.09022718749999999
12.124999999999998	 0.08773343749999998
12.135	 0.08851531249999997
12.145	 0.09020312499999997
12.155000000000001	 0.08719406249999997
12.165000000000001	 0.09052249999999996
12.174999999999999	 0.08822906249999997
12.184999999999999	 0.08910156249999998
12.194999999999999	 0.09081343749999997
12.204999999999998	 0.08791906249999995
12.215	 0.09086593749999997
12.225	 0.08837218749999996
12.235	 0.08954031249999997
12.244999999999997	 0.09120437499999996
12.254999999999999	 0.08830968749999997
12.264999999999999	 0.09111843749999997
12.275	 0.08877718749999997
12.285	 0.08977874999999996
12.295000000000002	 0.09129999999999996
12.305	 0.08850562499999998
12.315	 0.09142874999999998
12.325000000000001	 0.08890156249999998
12.335	 0.08986968749999998
12.345	 0.09138124999999998
12.355	 0.08860625
12.365	 0.09192499999999999
12.375	 0.089545625
12.384999999999998	 0.0905375
12.395	 0.0921109375
12.405000000000001	 0.0891115625
12.415000000000001	 0.092015625
12.425	 0.08962656249999999
12.434999999999999	 0.0904896875
12.444999999999999	 0.09205843749999999
12.454999999999998	 0.08934531249999998
12.465	 0.09223968749999997
12.475	 0.08996999999999998
12.485	 0.09081874999999999
12.495	 0.09248749999999997
12.504999999999999	 0.08965499999999998
12.514999999999999	 0.0930690625
12.525	 0.09069437499999998
12.535	 0.09200093749999998
12.545000000000002	 0.09359343749999997
12.555	 0.09068937499999997
12.565	 0.09366968749999999
12.575000000000001	 0.09127124999999998
12.585	 0.09258718749999999
12.595	 0.09406999999999999
12.605	 0.09107062499999999
12.615	 0.09448468749999998
12.625	 0.09198593749999999
12.634999999999998	 0.0933446875
12.645	 0.09500874999999999
12.655000000000001	 0.092405
12.665000000000001	 0.09560937500000001
12.675	 0.0930915625
12.684999999999999	 0.09401687500000001
12.694999999999999	 0.0956190625
12.704999999999998	 0.09268156250000001
12.715	 0.0950990625
12.725	 0.0932775
12.735	 0.094498125
12.745	 0.095118125
12.754999999999999	 0.09354937499999999
12.764999999999999	 0.09570937499999999
12.775	 0.09352562499999999
12.785	 0.09464624999999997
12.795000000000002	 0.09517562499999997
12.805	 0.09362593749999996
12.815	 0.09544749999999998
12.825000000000001	 0.09338781249999997
12.835	 0.09406031249999997
12.845	 0.09473249999999997
12.855	 0.09293968749999999
12.865	 0.09496624999999999
12.875	 0.093025625
12.885	 0.09422718749999999
12.894999999999998	 0.09488999999999999
12.905000000000001	 0.09309250000000001
12.915000000000001	 0.09532906249999999
12.925	 0.0934359375
12.934999999999999	 0.09432781250000001
12.944999999999999	 0.09476187500000001
12.954999999999998	 0.0927115625
12.964999999999998	 0.09485281250000001
12.975	 0.0924353125
12.985	 0.09352718750000001
12.995	 0.09411843750000001
13.004999999999999	 0.09243031250000001
13.014999999999999	 0.09450437500000002
13.025	 0.0923684375
13.035	 0.09418062499999999
13.045	 0.094361875
13.055000000000001	 0.092764375
13.065000000000001	 0.0957396875
13.075000000000001	 0.09282125
13.085	 0.09508625000000001
13.095	 0.09571562500000001
13.105	 0.0944425
13.115	 0.09759437499999998
13.124999999999998	 0.0942753125
13.135	 0.09662625000000001
13.145	 0.09686937500000001
13.155	 0.09535781250000001
13.165000000000001	 0.09851937500000002
13.175	 0.09535781250000001
13.184999999999999	 0.09752281250000003
13.194999999999999	 0.09770406250000004
13.204999999999998	 0.09618312500000001
13.214999999999998	 0.09925875
13.225	 0.09611625000000003
13.235	 0.09811406250000002
13.245	 0.09827156250000002
13.254999999999999	 0.0967646875
13.264999999999999	 0.10000250000000001
13.275	 0.09723218750000001
13.285	 0.0992346875
13.295	 0.09961625
13.305000000000001	 0.0982525
13.315000000000001	 0.101556875
13.325000000000001	 0.0982475
13.335	 0.10034562500000001
13.345	 0.10069843750000002
13.355	 0.09942031250000001
13.365	 0.10254343750000001
13.374999999999998	 0.09948718749999999
13.385	 0.101733125
13.395	 0.1019571875
13.405	 0.1003884375
13.415000000000001	 0.1032209375
13.425	 0.1000928125
13.434999999999999	 0.10221000000000001
13.444999999999999	 0.10242000000000002
13.454999999999998	 0.10125656250000002
13.464999999999998	 0.10395531250000001
13.475	 0.10098937500000002
13.485	 0.10303031250000003
13.495	 0.10332125000000003
13.504999999999999	 0.10181906250000003
13.514999999999999	 0.10486125000000003
13.525	 0.10173312500000002
13.535	 0.10382656250000002
13.545	 0.10406500000000002
13.555	 0.10272031250000002
13.565000000000001	 0.1056815625
13.575000000000001	 0.10235781250000002
13.585	 0.10453218750000001
13.595	 0.10459875
13.605	 0.10314937500000002
13.615	 0.10612468750000001
13.624999999999998	 0.10274875
13.635	 0.10463718750000002
13.645000000000001	 0.10490906250000002
13.654999999999998	 0.10360250000000003
13.665000000000001	 0.10643968750000002
13.675	 0.1029684375
13.684999999999999	 0.10493781250000002
13.695	 0.10489968750000002
13.704999999999998	 0.10342156250000001
13.714999999999998	 0.10625875000000001
13.724999999999998	 0.1028015625
13.735	 0.10496156250000001
13.744999999999997	 0.1049284375
13.754999999999999	 0.10365531249999999
13.765	 0.10667374999999998
13.775	 0.10314499999999999
13.785	 0.10559593749999999
13.795	 0.10554343749999999
13.805	 0.10416531250000001
13.815000000000001	 0.10722187500000001
13.825000000000001	 0.1043703125
13.835	 0.10652562500000001
13.845	 0.10642062500000003
13.855	 0.10509968750000004
13.865	 0.10804187500000004
13.874999999999998	 0.10485656250000004
13.885	 0.10713093750000004
13.895000000000001	 0.10716437500000002
13.904999999999998	 0.10567187500000003
13.915000000000001	 0.10880468750000002
13.925	 0.10571937500000002
13.934999999999999	 0.10787937500000001
13.945	 0.10788906250000002
13.954999999999998	 0.10661593750000002
13.964999999999998	 0.10940562500000003
13.974999999999998	 0.10611562500000002
13.985	 0.10855687500000002
13.994999999999997	 0.10865218750000002
14.004999999999999	 0.10737906250000001
14.015	 0.11055468750000001
14.025	 0.1077984375
14.035	 0.11003031249999999
14.045	 0.11018312499999999
14.055	 0.10900062499999999
14.065000000000001	 0.11205687499999999
14.075000000000001	 0.10885249999999999
14.085	 0.11106968749999999
14.095	 0.11110781249999999
14.105	 0.1098728125
14.115	 0.1129865625
14.124999999999998	 0.109868125
14.135	 0.11198531249999999
14.145000000000001	 0.11175187499999999
14.154999999999998	 0.11032624999999999
14.165000000000001	 0.11341625
14.175	 0.11017843749999999
14.184999999999999	 0.1124575
14.195	 0.11258156250000001
14.204999999999998	 0.11151812500000001
14.214999999999998	 0.11493218750000002
14.224999999999998	 0.11184218750000001
14.235	 0.1140071875
14.244999999999997	 0.11409781249999999
14.254999999999999	 0.11287718749999999
14.265	 0.1160003125
14.275	 0.1131296875
14.285	 0.1157234375
14.295	 0.1157328125
14.305	 0.11453125
14.315	 0.11747343750000001
14.325000000000001	 0.11415468749999999
14.335000000000003	 0.116424375
14.345	 0.11610031249999998
14.355	 0.11518937499999997
14.365	 0.11845562499999997
14.375	 0.11518906249999997
14.385	 0.11758781249999999
14.395000000000001	 0.11746374999999996
14.405000000000001	 0.11628593749999996
14.414999999999997	 0.11940437499999997
14.425	 0.11624312499999996
14.434999999999999	 0.11823624999999996
14.445	 0.11779749999999997
14.455	 0.11621437499999997
14.464999999999998	 0.11857468749999997
14.474999999999998	 0.11496968749999997
14.485	 0.11655749999999997
14.494999999999997	 0.11566593749999998
14.504999999999999	 0.11382062500000001
14.515	 0.1159425
14.525	 0.1119896875
14.535	 0.113515625
14.545	 0.1130675
14.555	 0.11180875
14.565	 0.11478437500000001
14.575000000000001	 0.11228593749999999
14.585000000000003	 0.11512312499999999
14.595	 0.11586218749999999
14.605	 0.11619125
14.615	 0.120601875
14.625	 0.11958624999999999
14.635	 0.1241303125
14.645000000000001	 0.12653843750000002
14.655000000000001	 0.12795
14.664999999999997	 0.13344781250000004
14.675	 0.13302812500000002
14.684999999999999	 0.1381971875
14.695	 0.1410678125
14.705	 0.1433040625
14.714999999999998	 0.149884375
14.724999999999998	 0.150814375
14.735	 0.15713749999999999
14.744999999999997	 0.16131437499999998
14.754999999999999	 0.16506249999999997
14.765	 0.17314468749999998
14.775	 0.17580531249999998
14.785	 0.1839878125
14.795	 0.18991499999999997
14.805	 0.19538437499999994
14.815	 0.20508812499999995
14.825000000000001	 0.20893625
14.835000000000003	 0.2183490625
14.845	 0.2249959375
14.855	 0.23088499999999998
14.865	 0.24074093749999997
14.875	 0.24457937499999996
14.885	 0.25352468749999996
14.895000000000001	 0.25940874999999997
14.905000000000001	 0.26477312499999994
14.914999999999997	 0.27320843749999996
14.925	 0.275445
14.934999999999999	 0.28320812500000003
14.945	 0.28741375
14.955	 0.29089000000000004
14.964999999999998	 0.29824281250000007
14.974999999999998	 0.29869093750000003
14.985	 0.30483250000000006
14.994999999999997	 0.30789875000000005
15.004999999999999	 0.31001093750000003
15.015	 0.3156709375
15.025	 0.3150940625
15.035	 0.31982906250000004
15.045	 0.32122125
15.055	 0.32188406249999996
15.065	 0.32589437499999996
15.075000000000001	 0.323471875
15.085000000000003	 0.32631406250000006
15.095	 0.32594687499999997
15.105	 0.3248215625
15.115	 0.3272009374999999
15.125	 0.3232003124999999
15.135	 0.32442562499999994
15.145000000000001	 0.32255156249999994
15.155000000000001	 0.320053125
15.165	 0.32111187499999994
15.174999999999999	 0.31611468749999994
15.184999999999999	 0.31623406249999997
15.195	 0.313244375
15.205	 0.30954406249999994
15.215	 0.30964906249999996
15.224999999999998	 0.303569375
15.234999999999998	 0.30314968750000004
15.244999999999997	 0.29959218750000005
15.254999999999999	 0.29548656250000005
15.264999999999999	 0.2954006250000001
15.275	 0.2892540625000001
15.285	 0.28847187500000004
15.295	 0.2853771875
15.305	 0.2816721875
15.315	 0.28168624999999997
15.325000000000001	 0.27607875
15.335000000000003	 0.2760312499999999
15.345000000000002	 0.27294593749999996
15.355	 0.26918374999999994
15.365	 0.26981312499999993
15.375	 0.26434374999999993
15.385	 0.26473468749999995
15.395000000000001	 0.26225531249999995
15.405000000000001	 0.259465625
15.415	 0.26029062499999994
15.424999999999999	 0.2556365625
15.434999999999999	 0.2566475
15.445	 0.254883125
15.455	 0.25279468749999995
15.465	 0.25459249999999994
15.474999999999998	 0.25065843749999994
15.484999999999998	 0.2526659375
15.494999999999997	 0.251693125
15.504999999999999	 0.2507728125
15.514999999999999	 0.2535096875
15.525	 0.25051999999999996
15.535	 0.2534525
15.545	 0.25352406250000004
15.555	 0.253543125
15.565	 0.2573103125
15.575000000000001	 0.2553646875
15.585000000000003	 0.25906031250000006
15.595000000000002	 0.259980625
15.605	 0.2607675
15.615	 0.265230625
15.625	 0.26341406249999993
15.635	 0.2676246875
15.645000000000001	 0.2686928125
15.655000000000001	 0.2697275
15.665	 0.27431
15.674999999999999	 0.27326562499999996
15.684999999999999	 0.2775046875
15.695	 0.278744375
15.705	 0.279698125
15.715	 0.284328125
15.724999999999998	 0.28285
15.734999999999998	 0.2870653125
15.744999999999997	 0.28793312499999996
15.754999999999999	 0.28850031249999997
15.764999999999999	 0.29256781249999997
15.775	 0.290836875
15.785	 0.29445124999999994
15.795	 0.2948374999999999
15.805	 0.29515218749999994
15.815	 0.2987046874999999
15.825000000000001	 0.29638249999999994
15.835000000000003	 0.29950593749999993
15.845000000000002	 0.29945812499999996
15.855	 0.298861875
15.865	 0.30168
15.875	 0.29851375
15.885	 0.30096937500000004
15.895000000000003	 0.30011125
15.905000000000003	 0.299019375
15.915	 0.301184375
15.924999999999999	 0.29738406249999993
15.934999999999999	 0.29934406249999995
15.945	 0.2983140625
15.955000000000002	 0.29688843750000005
15.965	 0.2987765625
15.974999999999998	 0.2948903125000001
15.985	 0.29663062500000004
15.994999999999997	 0.29515718750000003
16.005	 0.29383156250000003
16.015	 0.2957962500000001
16.025	 0.29176218750000005
16.035	 0.2933787500000001
16.045	 0.291900625
16.055	 0.290150625
16.064999999999998	 0.2920534375
16.075	 0.2880434375
16.085	 0.28975531250000003
16.095	 0.288129375
16.105	 0.286713125
16.115	 0.28855375
16.125	 0.28428125
16.134999999999998	 0.2859071875
16.145	 0.2840571875
16.154999999999998	 0.28264562499999996
16.165	 0.28443875
16.175	 0.2803953125
16.185	 0.2820071875
16.195	 0.28026687499999997
16.205	 0.27849312499999995
16.215	 0.280214375
16.225	 0.276246875
16.235	 0.2777871875
16.244999999999997	 0.2760465625
16.254999999999995	 0.27421062500000004
16.265	 0.27583656250000005
16.275	 0.27176906250000005
16.285	 0.2732090625
16.295	 0.27123499999999995
16.305	 0.26932781250000004
16.314999999999998	 0.270839375
16.325	 0.26628093750000004
16.335	 0.2676684375
16.345	 0.26574218749999995
16.355	 0.26407312499999996
16.365	 0.26543218749999997
16.375	 0.26125031249999997
16.384999999999998	 0.2626759374999999
16.395	 0.2607399999999999
16.404999999999998	 0.25874656249999994
16.415	 0.26024843749999993
16.425	 0.2559140625
16.435	 0.25721093749999996
16.445	 0.25524624999999995
16.455	 0.25339625
16.465	 0.2548075
16.475	 0.25035375
16.485	 0.2518221875
16.494999999999997	 0.24992906249999997
16.504999999999995	 0.248274375
16.515	 0.24992437499999998
16.525	 0.24563281250000002
16.535	 0.2471253125
16.545	 0.24502249999999998
16.555	 0.24334375
16.565	 0.24478375
16.575	 0.2405971875
16.585	 0.2421325
16.595	 0.240063125
16.605	 0.23852781250000002
16.615	 0.2402540625
16.625	 0.2360815625
16.634999999999998	 0.2377078125
16.644999999999996	 0.235719375
16.654999999999998	 0.23405031250000002
16.665	 0.235766875
16.675	 0.2316328125
16.685000000000002	 0.23346375000000005
16.695	 0.23184718750000008
16.705	 0.23063593750000005
16.715	 0.23266718750000004
16.725	 0.22912437500000005
16.735	 0.23095531250000007
16.744999999999997	 0.22931031250000003
16.754999999999995	 0.22822812500000003
16.764999999999997	 0.23052656250000006
16.775	 0.22672125000000004
16.785	 0.22880031250000007
16.795	 0.22721718750000003
16.805	 0.22646406250000004
16.815	 0.22815218750000002
16.825	 0.22448062500000002
16.835	 0.2264928125
16.845	 0.22511468749999997
16.855	 0.22399406249999998
16.865	 0.2259540625
16.875	 0.22236375
16.884999999999998	 0.2246528125
16.894999999999996	 0.22328906250000002
16.904999999999998	 0.22263125000000003
16.915	 0.224876875
16.925	 0.22139125
16.935000000000002	 0.22368937500000005
16.945	 0.22260718750000003
16.955	 0.22175812500000003
16.965	 0.22415656250000002
16.975	 0.22101437500000004
16.985	 0.22365125000000002
16.994999999999997	 0.22249718750000003
17.004999999999995	 0.2220775
17.014999999999997	 0.22450000000000003
17.025	 0.22119093750000002
17.035	 0.22368
17.045	 0.222511875
17.055	 0.22199718750000003
17.065	 0.22476750000000004
17.075	 0.22152
17.085	 0.223823125
17.095	 0.222874375
17.105	 0.2225453125
17.115	 0.2251059375
17.125	 0.221663125
17.134999999999998	 0.224700625
17.144999999999996	 0.22358937499999998
17.154999999999994	 0.2232221875
17.165	 0.225845
17.175	 0.22273125000000002
17.185000000000002	 0.225573125
17.195000000000004	 0.22455250000000002
17.205	 0.22415656250000002
17.215	 0.22688406250000004
17.224999999999998	 0.22346500000000005
17.235	 0.22617843750000002
17.245	 0.2250815625
17.254999999999995	 0.22457624999999998
17.264999999999997	 0.22705093750000002
17.274999999999995	 0.2237609375
17.285	 0.2264646875
17.295	 0.2253059375
17.305000000000003	 0.2247146875
17.315	 0.22727062500000003
17.325000000000003	 0.22399000000000002
17.335	 0.22670781250000002
17.345	 0.22561093750000003
17.355	 0.22557281250000003
17.365	 0.22822875
17.375	 0.22521968750000004
17.384999999999998	 0.22780906250000005
17.394999999999996	 0.2268650000000001
17.404999999999994	 0.22696031250000007
17.415	 0.22988312500000005
17.425	 0.22700781250000002
17.435000000000002	 0.22997375000000003
17.445000000000004	 0.22916312500000002
17.455	 0.22919156250000003
17.465	 0.23234843750000003
17.474999999999998	 0.22981156249999998
17.485	 0.23332093749999996
17.495	 0.23315406249999998
17.504999999999995	 0.2339359375
17.514999999999997	 0.23753625
17.524999999999995	 0.23560499999999998
17.535	 0.2395103125
17.545	 0.239815625
17.555000000000003	 0.2412078125
17.565	 0.24531843750000001
17.575000000000003	 0.24391656250000002
17.585	 0.24854656249999998
17.595	 0.2495240625
17.605	 0.2516175
17.615	 0.25607125
17.625	 0.25519375
17.634999999999998	 0.260248125
17.644999999999996	 0.261301875
17.654999999999994	 0.263256875
17.665	 0.2678678125
17.675	 0.266809375
17.685000000000002	 0.27194
17.695000000000004	 0.27327531250000003
17.705000000000002	 0.27542093749999996
17.715	 0.28022749999999996
17.724999999999998	 0.27917374999999994
17.735	 0.2843284375
17.745	 0.2856303125
17.754999999999995	 0.28824812499999997
17.764999999999997	 0.29315937499999994
17.774999999999995	 0.2925871874999999
17.784999999999997	 0.29776062499999995
17.795	 0.2989812499999999
17.805000000000003	 0.3010937499999999
17.815000000000005	 0.3057762499999999
17.825000000000003	 0.3046749999999999
17.835	 0.3095815625
17.845	 0.31033031250000004
17.855	 0.3123234375000001
17.865	 0.31666750000000005
17.875	 0.31531343750000007
17.884999999999998	 0.3199243750000001
17.894999999999996	 0.32035343750000006
17.904999999999994	 0.32168875
17.914999999999996	 0.325589375
17.925	 0.32344343750000004
17.935000000000002	 0.32757281250000003
17.945000000000004	 0.32741562500000004
17.955000000000002	 0.32849812500000003
17.965	 0.3319075
17.974999999999998	 0.3298953125
17.985	 0.3335765625
17.995	 0.33292312499999993
18.004999999999995	 0.33325687499999995
18.014999999999997	 0.3358268749999999
18.024999999999995	 0.3330421875
18.034999999999997	 0.33623218749999995
18.045	 0.33526906249999994
18.055000000000003	 0.33522624999999995
18.065000000000005	 0.33738624999999994
18.075000000000003	 0.33364312499999993
18.085	 0.3363325
18.095	 0.334725625
18.105	 0.334391875
18.115	 0.33601312499999997
18.125	 0.3321078125000001
18.134999999999998	 0.3342109375
18.144999999999996	 0.33217937500000005
18.154999999999994	 0.33154031250000005
18.164999999999996	 0.33283250000000003
18.175	 0.3282834375
18.185000000000002	 0.3299428125
18.195000000000004	 0.32718187499999996
18.205000000000002	 0.32575124999999994
18.215	 0.32688625
18.224999999999998	 0.32216562499999996
18.235	 0.32351499999999994
18.245	 0.32065875
18.254999999999995	 0.31923281249999996
18.264999999999997	 0.3201290625
18.274999999999995	 0.31489812500000003
18.284999999999997	 0.3163190625
18.295	 0.3131909375000001
18.305000000000003	 0.3116556250000001
18.315000000000005	 0.3123137500000001
18.325000000000006	 0.3078840625
18.335000000000004	 0.30961500000000003
18.345000000000002	 0.30691624999999995
18.355	 0.30576218749999995
18.365	 0.30699718749999994
18.375	 0.30269593749999996
18.384999999999998	 0.30469375
18.394999999999996	 0.3024384375
18.404999999999994	 0.30150875
18.414999999999996	 0.30273906250000004
18.424999999999997	 0.298871875
18.435000000000002	 0.301270625
18.445000000000004	 0.29945374999999996
18.455000000000002	 0.29915312499999996
18.465000000000003	 0.30105093749999995
18.475	 0.29737468749999996
18.485	 0.3003503125
18.495	 0.29898187499999995
18.505	 0.29912000000000005
18.514999999999997	 0.30167093750000007
18.524999999999995	 0.29872875000000004
18.534999999999997	 0.3019521875
18.544999999999998	 0.30118906250000005
18.555000000000003	 0.3021046875
18.565000000000005	 0.3050228125000001
18.575000000000006	 0.3023909375000001
18.585000000000004	 0.30582437500000015
18.595000000000002	 0.3054665625000001
18.605	 0.30640125000000007
18.615	 0.3095103125
18.625	 0.30767437500000006
18.634999999999998	 0.311813125
18.644999999999996	 0.31118843749999997
18.654999999999994	 0.3121324999999999
18.664999999999996	 0.31531281249999993
18.674999999999997	 0.31300968749999997
18.685000000000002	 0.3168481249999999
18.695000000000004	 0.31625218749999995
18.705000000000002	 0.3171724999999999
18.715000000000003	 0.32042437499999993
18.725	 0.31820687499999994
18.735	 0.32214062499999996
18.745	 0.32110593749999994
18.755	 0.32212625
18.764999999999997	 0.324935
18.774999999999995	 0.32215499999999997
18.784999999999997	 0.3256359374999999
18.794999999999998	 0.32470124999999994
18.805000000000003	 0.325506875
18.815000000000005	 0.3280721875
18.825000000000006	 0.3251825
18.835000000000004	 0.3281628124999999
18.845000000000002	 0.32696124999999987
18.855	 0.3273996874999999
18.865	 0.32970749999999993
18.875	 0.3267415625
18.884999999999998	 0.329765
18.894999999999996	 0.32835812500000006
18.904999999999994	 0.328935
18.914999999999996	 0.331114375
18.924999999999997	 0.327666875
18.935000000000002	 0.33096187500000007
18.945000000000004	 0.32904500000000003
18.955000000000002	 0.32933593750000006
18.965000000000003	 0.33166781250000005
18.975	 0.32883062500000004
18.985	 0.3319159375000001
18.995	 0.33029968750000005
19.005	 0.33055718750000007
19.014999999999997	 0.33286968750000007
19.024999999999995	 0.3295271875000001
19.034999999999997	 0.3325028125000001
19.044999999999998	 0.3308150000000001
19.055	 0.33112968750000005
19.065000000000005	 0.33338031250000005
19.075000000000006	 0.330466875
19.085000000000004	 0.333394375
19.095000000000002	 0.33199750000000006
19.105	 0.3318115625
19.115	 0.33405749999999995
19.125	 0.33077687499999997
19.134999999999998	 0.33390968749999994
19.144999999999996	 0.332479375
19.154999999999994	 0.33332812500000003
19.164999999999996	 0.33522593750000007
19.174999999999997	 0.3319071875000001
19.185	 0.33490656250000006
19.195000000000004	 0.333041875
19.205000000000002	 0.3335425
19.215000000000003	 0.3354784375
19.225000000000005	 0.33205
19.235	 0.335096875
19.245	 0.33374281250000004
19.255	 0.3338809375000001
19.264999999999997	 0.33613156250000004
19.274999999999995	 0.3329703125000001
19.284999999999997	 0.33575968750000007
19.294999999999998	 0.3339096875000001
19.305	 0.33432437500000006
19.315000000000005	 0.33665593750000006
19.325000000000006	 0.3337759375
19.335000000000004	 0.33665125
19.345000000000002	 0.33523968750000005
19.355	 0.33566406249999997
19.365	 0.3378909375
19.375	 0.33488687500000003
19.384999999999998	 0.3380865625
19.394999999999996	 0.3361696875000001
19.404999999999994	 0.33700906250000007
19.414999999999996	 0.33929312500000003
19.424999999999997	 0.33675156250000005
19.435	 0.33981750000000005
19.445000000000004	 0.33822968750000004
19.455000000000002	 0.338596875
19.465000000000003	 0.340804375
19.475000000000005	 0.33746187499999997
19.485	 0.34108593749999994
19.495	 0.3397699999999999
19.505	 0.34069499999999997
19.514999999999997	 0.34276937499999993
19.524999999999995	 0.3397412499999999
19.534999999999997	 0.3432556249999999
19.544999999999998	 0.3420159374999999
19.555	 0.34264531249999985
19.565000000000005	 0.3449578124999999
19.575000000000006	 0.3420731249999999
19.585000000000004	 0.3456112499999999
19.595000000000002	 0.34411875
19.605	 0.34514406249999996
19.615	 0.34778562499999993
19.625	 0.34497218749999997
19.634999999999998	 0.34814812500000003
19.644999999999996	 0.346474375
19.654999999999994	 0.347585625
19.664999999999996	 0.35009875
19.674999999999997	 0.34752375
19.685	 0.350980625
19.695000000000004	 0.349655
19.705000000000002	 0.35067062499999996
19.715000000000003	 0.3532646875
19.725000000000005	 0.35065624999999995
19.735000000000003	 0.3541465625
19.745	 0.35294968749999994
19.755	 0.3541321875
19.764999999999997	 0.3565640625
19.774999999999995	 0.35418468750000004
19.784999999999997	 0.3575609375
19.794999999999998	 0.35647375000000003
19.805	 0.3576659375
19.815	 0.3600834375
19.825000000000003	 0.35742749999999995
19.835000000000004	 0.36131374999999993
19.845000000000006	 0.36011687499999995
19.855000000000004	 0.3612421875
19.865000000000002	 0.36382656249999995
19.875	 0.36142343749999983
19.884999999999998	 0.3651140624999999
19.894999999999996	 0.3639075
19.904999999999994	 0.3649471875
19.914999999999996	 0.3674409375
19.924999999999997	 0.3648040625
19.935	 0.36833281250000005
19.945	 0.36704562500000004
19.955000000000002	 0.3683996875000001
19.965000000000003	 0.371055625
19.975000000000005	 0.3687000000000001
19.985000000000003	 0.3724003125000001
19.994999999999997	 0.37096500000000004
20.005	 0.3719615625
20.014999999999997	 0.37445062500000004
20.024999999999995	 0.3721237499999999
20.034999999999997	 0.3756428125
20.044999999999998	 0.3741265625
20.055	 0.3753328125
20.065	 0.3778028125
20.075000000000003	 0.37512781250000005
20.085000000000004	 0.3788853125
20.095000000000006	 0.3775215625000001
20.105000000000004	 0.3789234375
20.115000000000002	 0.38108812500000006
20.125	 0.3782556250000001
20.134999999999998	 0.3819703125000001
20.144999999999996	 0.38044937500000003
20.154999999999994	 0.381608125
20.164999999999996	 0.38392093750000006
20.174999999999997	 0.38134593750000007
20.185	 0.3848125000000001
20.195	 0.38332468750000015
20.205000000000002	 0.3845121875000001
20.215000000000003	 0.3867487500000001
20.225000000000005	 0.3839640625000001
20.235000000000003	 0.38785968750000005
20.244999999999997	 0.3863765625
20.255	 0.387425625
20.264999999999997	 0.3895903125
20.274999999999995	 0.3869153125
20.284999999999997	 0.39029624999999996
20.294999999999998	 0.3884699999999999
20.305	 0.3895381249999999
20.315	 0.39192718749999983
20.325000000000003	 0.3897006249999998
20.335000000000004	 0.3933153124999999
20.345000000000006	 0.3914412499999999
20.355000000000004	 0.3927524999999999
20.365000000000002	 0.3952415624999999
20.375	 0.39260468749999994
20.384999999999998	 0.39599499999999993
20.394999999999996	 0.3944025
20.404999999999994	 0.39558968749999995
20.414999999999996	 0.39780687499999995
20.424999999999997	 0.39522718749999997
20.435	 0.399018125
20.445	 0.39749687499999997
20.455000000000002	 0.39871281250000007
20.465000000000003	 0.40095375000000005
20.475000000000005	 0.39816906250000006
20.485000000000003	 0.40160218750000004
20.494999999999997	 0.39998593749999994
20.505	 0.401201875
20.514999999999997	 0.403543125
20.524999999999995	 0.401201875
20.534999999999997	 0.4048878125
20.544999999999998	 0.403333125
20.555	 0.4042821875
20.565	 0.4065568750000001
20.575000000000003	 0.404225
20.585000000000004	 0.40774875
20.595000000000006	 0.406065625
20.605000000000004	 0.40739125
20.615000000000002	 0.4095084375
20.625	 0.4071621875
20.634999999999998	 0.4105809375
20.644999999999996	 0.40867812500000006
20.654999999999994	 0.40976031250000006
20.664999999999996	 0.4119584375
20.674999999999997	 0.40931187500000005
20.685	 0.4122921875
20.695	 0.4105946875
20.705	 0.4119965625
20.715000000000003	 0.4141375
20.725000000000005	 0.411786875
20.735000000000003	 0.41533937499999996
20.745	 0.4136084374999999
20.755	 0.414853125
20.764999999999997	 0.41689874999999993
20.774999999999995	 0.41435218749999986
20.784999999999997	 0.4176187499999999
20.794999999999998	 0.41603562499999996
20.805	 0.4174853124999999
20.815	 0.419688125
20.825000000000003	 0.41701781250000003
20.835000000000004	 0.4202890625
20.845000000000006	 0.4181765625
20.855000000000004	 0.41944500000000007
20.865000000000002	 0.42188656250000006
20.875	 0.41934968750000007
20.884999999999998	 0.42323562500000006
20.894999999999996	 0.4212187500000001
20.904999999999994	 0.4227543750000001
20.914999999999996	 0.4249859375000001
20.924999999999997	 0.42250156250000015
20.935	 0.42610625000000013
20.945	 0.42404156250000014
20.955	 0.4252909375
20.965000000000003	 0.4272365625000001
20.975000000000005	 0.42498593749999997
20.985000000000003	 0.428471875
20.995	 0.4265693749999999
21.005	 0.42822875
21.014999999999997	 0.4302459374999999
21.024999999999995	 0.42777125
21.034999999999997	 0.4311378125
21.044999999999998	 0.4289871875
21.055	 0.4302984375
21.065	 0.4323678125
21.075000000000003	 0.4299406250000001
21.085000000000004	 0.43359812500000006
21.095000000000006	 0.4315906250000001
21.105000000000004	 0.43314031250000007
21.115000000000002	 0.43498093750000005
21.125	 0.43234875000000006
21.134999999999998	 0.43592968750000005
21.144999999999996	 0.4341512500000001
21.154999999999994	 0.4356387500000001
21.164999999999996	 0.43755562500000006
21.174999999999997	 0.43519500000000005
21.185	 0.4381753125
21.195	 0.4362346875
21.205	 0.4370884375
21.215000000000003	 0.4390578125
21.225000000000005	 0.4366925
21.235000000000003	 0.43993
21.245	 0.43780312499999996
21.255	 0.43912406249999997
21.264999999999997	 0.44122687499999996
21.274999999999995	 0.43883812499999997
21.284999999999997	 0.4423525
21.294999999999998	 0.44006375
21.305	 0.44137968749999995
21.315	 0.44313906249999996
21.325000000000003	 0.44086937499999995
21.335000000000004	 0.44415937499999997
21.345000000000006	 0.4420899999999999
21.355000000000004	 0.4435825
21.365000000000002	 0.44547093750000005
21.375000000000004	 0.44318687500000004
21.384999999999998	 0.44656781250000005
21.394999999999996	 0.44441250000000004
21.404999999999994	 0.4456521875
21.414999999999996	 0.4474834375
21.424999999999997	 0.4449228125000001
21.435	 0.4484418750000001
21.445	 0.4464725000000001
21.455	 0.4477315625000001
21.465	 0.4496675000000001
21.475	 0.44676843750000006
21.485000000000003	 0.45013031250000013
21.495	 0.44793687500000007
21.505	 0.44949593750000005
21.514999999999997	 0.45143656250000014
21.524999999999995	 0.4490237500000001
21.534999999999997	 0.4529146875000001
21.544999999999998	 0.45066875000000006
21.555	 0.452251875
21.565	 0.4539590625
21.575000000000003	 0.45155593750000006
21.585	 0.4548556250000001
21.595000000000002	 0.4527050000000001
21.605000000000004	 0.4542784375000001
21.615000000000006	 0.45635281250000004
21.625000000000004	 0.45412125000000003
21.634999999999998	 0.45774531250000006
21.644999999999996	 0.45541843750000005
21.654999999999994	 0.4570778125
21.664999999999996	 0.4591378125000001
21.674999999999997	 0.45681562500000006
21.685	 0.46005312499999995
21.694999999999997	 0.4578121874999999
21.705	 0.45934749999999996
21.715	 0.4610831249999999
21.725	 0.45881812499999985
21.735000000000003	 0.46237531249999997
21.745	 0.460439375
21.755	 0.4620365625
21.764999999999997	 0.46405375000000004
21.774999999999995	 0.461750625
21.784999999999997	 0.46518843750000005
21.794999999999998	 0.4634384375
21.805	 0.4651406250000001
21.815	 0.46707656250000007
21.825000000000003	 0.46481625000000004
21.835	 0.46824
21.845000000000002	 0.46610375
21.855000000000004	 0.46717656250000006
21.865000000000006	 0.46890281250000004
21.875000000000004	 0.46677156250000007
21.884999999999998	 0.47010468750000006
21.894999999999996	 0.4679015625000001
21.904999999999994	 0.46945625
21.914999999999996	 0.471268125
21.924999999999997	 0.4689984375
21.935	 0.472345625
21.944999999999997	 0.47005187499999995
21.955	 0.4716015625
21.965	 0.473418125
21.975	 0.4709290625
21.985000000000003	 0.4741715625
21.995	 0.47191125
22.005	 0.4736853125
22.014999999999997	 0.47553999999999996
22.024999999999995	 0.47334187499999997
22.034999999999997	 0.4770515625
22.044999999999998	 0.47482468750000006
22.055	 0.47644125000000004
22.065	 0.4781146875
22.075000000000003	 0.47570687500000003
22.085	 0.4789875
22.095000000000002	 0.476655625
22.105000000000004	 0.4781862499999999
22.115000000000006	 0.48010781249999995
22.125000000000004	 0.4775471875
22.134999999999998	 0.4808231250000001
22.144999999999996	 0.4785009375
22.154999999999994	 0.48004593749999996
22.164999999999996	 0.4817578125
22.174999999999997	 0.47934968750000007
22.185	 0.483269375
22.194999999999997	 0.48077062499999995
22.205	 0.482701875
22.215	 0.4845615625
22.225	 0.48207718749999995
22.235000000000003	 0.4852912499999999
22.245	 0.4829021875
22.255	 0.484451875
22.264999999999997	 0.4861306249999999
22.274999999999995	 0.4837893749999999
22.284999999999997	 0.4871321875
22.294999999999998	 0.4849721875
22.305	 0.48654093750000005
22.315	 0.4883053125
22.325000000000003	 0.4860640625
22.335	 0.489096875
22.345000000000002	 0.4866409374999999
22.355000000000004	 0.4880715625
22.365000000000006	 0.4903796875
22.375000000000004	 0.488014375
22.385	 0.49135718750000007
22.395	 0.4890921875000001
22.404999999999994	 0.49069906250000006
22.414999999999996	 0.4924062500000001
22.424999999999997	 0.49034625000000015
22.435	 0.4934459375000002
22.444999999999997	 0.49136687500000015
22.455	 0.49297875000000013
22.465	 0.49457156250000023
22.474999999999998	 0.49230187500000017
22.485000000000003	 0.4957396875000002
22.495	 0.4936131250000002
22.505	 0.4947718750000001
22.515	 0.49643593750000015
22.524999999999995	 0.49426156250000014
22.534999999999997	 0.4978471875000001
22.544999999999998	 0.4957012500000001
22.555	 0.49755125000000006
22.565	 0.499210625
22.575000000000003	 0.49695062500000003
22.585	 0.500188125
22.595000000000002	 0.49788968750000007
22.605000000000004	 0.4996109375
22.615000000000006	 0.5013465625
22.625000000000004	 0.49907656250000004
22.635	 0.5024478125
22.645	 0.500101875
22.654999999999994	 0.5020140625
22.664999999999996	 0.5036496875
22.674999999999997	 0.5012606250000001
22.685	 0.5038687500000002
22.694999999999997	 0.5014893750000002
22.705	 0.5032965625000001
22.715	 0.5049178125000001
22.724999999999998	 0.5026909375000002
22.735000000000003	 0.5059859375000001
22.745	 0.5033921875
22.755	 0.5052184375
22.765	 0.506486875
22.774999999999995	 0.5045221875000001
22.784999999999997	 0.5078265625000001
22.794999999999998	 0.5054090625000001
22.805	 0.5070209375
22.815	 0.508131875
22.825000000000003	 0.5060528125
22.835	 0.5098628125
22.845000000000002	 0.507335625
22.855000000000004	 0.5086900000000001
22.865000000000006	 0.5101825
22.875000000000004	 0.5081656250000001
22.885	 0.5114843750000001
22.895	 0.509090625
22.904999999999994	 0.5109028125
22.914999999999996	 0.5125621875
22.924999999999997	 0.5106643750000001
22.935	 0.5137162500000001
22.944999999999997	 0.5114228125000001
22.955	 0.5130581250000001
22.965	 0.5145028125000001
22.974999999999998	 0.512304375
22.985000000000003	 0.5157568750000001
22.995	 0.513468125
23.005	 0.5153565625000002
23.015	 0.51704
23.024999999999995	 0.5150562500000001
23.034999999999997	 0.518284375
23.044999999999998	 0.5158
23.055	 0.5175403125
23.065	 0.519075625
23.075000000000003	 0.516986875
23.085	 0.5206965625000001
23.095000000000002	 0.518116875
23.105000000000004	 0.5199384375
23.115000000000006	 0.5212924999999999
23.125000000000004	 0.518975
23.135	 0.5226037499999999
23.145	 0.5200668749999999
23.154999999999994	 0.5212971875
23.164999999999996	 0.5227990625
23.174999999999997	 0.5207390625
23.185	 0.5241628125
23.194999999999997	 0.5215831249999999
23.205	 0.5233665624999999
23.215	 0.5247921874999999
23.224999999999998	 0.522713125
23.235000000000003	 0.5258793749999999
23.245	 0.5230565625
23.255	 0.5249925
23.265	 0.5262990625000001
23.274999999999995	 0.5241581249999999
23.284999999999997	 0.5275628125000001
23.294999999999998	 0.5250881249999999
23.305	 0.5267331249999999
23.315	 0.528249375
23.325000000000003	 0.5262084375
23.335	 0.5295221875
23.345000000000002	 0.5268090625
23.355	 0.5286971874999999
23.365000000000002	 0.5299846875
23.375000000000004	 0.52789625
23.385	 0.5311290624999999
23.395	 0.52866875
23.404999999999998	 0.5303759375
23.414999999999996	 0.5316871875
23.424999999999997	 0.529584375
23.435	 0.5330890625
23.444999999999997	 0.5308384374999999
23.455	 0.5326553124999999
23.465	 0.5339475
23.474999999999998	 0.5319209375
23.485	 0.5355925
23.495	 0.5329746875
23.505	 0.5347771875
23.515	 0.5359931250000002
23.525	 0.5339237500000001
23.534999999999997	 0.5372378125000001
23.544999999999998	 0.5347437500000001
23.555	 0.5366653125
23.565	 0.5379528125000002
23.575000000000003	 0.5359834375000002
23.585	 0.5394165625000001
23.595000000000002	 0.5369371875000001
23.605	 0.5387300000000002
23.615000000000002	 0.540260625
23.625000000000004	 0.5383865624999999
23.635	 0.541571875
23.645	 0.5389825
23.654999999999998	 0.5407278125
23.664999999999996	 0.5421059375
23.674999999999997	 0.5404753125
23.685	 0.544070625
23.694999999999997	 0.5416578125000002
23.705	 0.5435700000000001
23.715	 0.54498625
23.724999999999998	 0.5431884375000001
23.735	 0.5466218750000001
23.745	 0.5442234375000001
23.755	 0.5460640625000001
23.765	 0.5475040625
23.775	 0.5458350000000001
23.784999999999997	 0.549349375
23.794999999999998	 0.5470034375
23.805	 0.5486106250000001
23.815	 0.5501128125000001
23.825000000000003	 0.5480671874999999
23.835	 0.5516053124999999
23.845000000000002	 0.5491734374999999
23.855	 0.5511331249999999
23.865000000000002	 0.5524256249999999
23.875000000000004	 0.55050875
23.885	 0.5538034375
23.895	 0.5514525
23.904999999999998	 0.553374375
23.914999999999996	 0.5545471875
23.924999999999997	 0.5529021875
23.935	 0.556230625
23.944999999999997	 0.55364625
23.955	 0.555768125
23.965	 0.5570128125000001
23.974999999999998	 0.5553487500000001
23.985	 0.5587962500000001
23.995	 0.55604
24.005	 0.5579521875000001
24.015	 0.559320625
24.025	 0.5575659375
24.034999999999997	 0.560941875
24.044999999999998	 0.5583862500000002
24.055	 0.5603221875000001
24.065	 0.5614378125
24.075000000000003	 0.559630625
24.085	 0.5632640624999999
24.095000000000002	 0.5606034375
24.105	 0.5625871875
24.115000000000002	 0.5634550000000002
24.125000000000004	 0.5617956250000001
24.135	 0.5654718750000001
24.145	 0.563078125
24.154999999999998	 0.5650140625
24.164999999999996	 0.566110625
24.174999999999997	 0.5643796874999999
24.185	 0.5677365624999999
24.194999999999997	 0.5652237499999999
24.205	 0.5674649999999999
24.215	 0.5683521874999998
24.224999999999998	 0.5668262499999999
24.235	 0.5706078125
24.245	 0.5679278124999998
24.255	 0.5699209374999998
24.265	 0.5708984374999999
24.275	 0.5692009374999999
24.284999999999997	 0.5727915624999999
24.294999999999998	 0.5700640624999999
24.305	 0.5721525
24.315	 0.5731871875
24.325000000000003	 0.5714037500000001
24.335	 0.5746034375
24.345000000000002	 0.5721046875
24.355	 0.574116875
24.365000000000002	 0.5751278124999999
24.375000000000004	 0.5737878125
24.385	 0.5772449999999999
24.395	 0.5747462499999999
24.404999999999998	 0.5765203124999999
24.414999999999996	 0.5773453124999999
24.424999999999997	 0.57562375
24.435	 0.579033125
24.444999999999997	 0.5765534375000001
24.455	 0.578284375
24.465	 0.5793478125
24.474999999999998	 0.5778171875
24.485	 0.5815603125
24.494999999999997	 0.578980625
24.505	 0.5811596875
24.515	 0.5823900000000001
24.525	 0.5810740624999999
24.535	 0.5845737499999999
24.544999999999998	 0.581884375
24.555	 0.58384875
24.565	 0.58518875
24.575000000000003	 0.5836724999999999
24.585	 0.5874871875000001
24.595000000000002	 0.5849409375000001
24.605	 0.5869721875000001
24.615000000000002	 0.5881068750000001
24.625000000000004	 0.5867287500000001
24.635	 0.5902193750000001
24.645000000000003	 0.5879018750000001
24.654999999999998	 0.5901668750000002
24.664999999999996	 0.5912971875000002
24.674999999999997	 0.5898715625000002
24.685	 0.5936193750000002
24.694999999999997	 0.5907965625
24.705	 0.5930328125
24.715	 0.5942059375
24.724999999999998	 0.59280875
24.735	 0.5969475000000001
24.744999999999997	 0.5945778125000001
24.755	 0.5970953125000001
24.765	 0.597925
24.775	 0.5965518750000001
24.785	 0.6004665625000002
24.794999999999998	 0.5981203125
24.805	 0.600251875
24.815	 0.601286875
24.825000000000003	 0.60009
24.835	 0.6037471875000001
