0.16499999999999998	 0.1273440625
0.175	 0.12529374999999998
0.18499999999999997	 0.12219906249999998
0.19499999999999995	 0.11909031249999998
0.20499999999999996	 0.11616749999999998
0.21499999999999997	 0.11342093749999999
0.22499999999999998	 0.11088906249999997
0.23499999999999996	 0.10848562499999997
0.24499999999999997	 0.10635874999999997
0.25499999999999995	 0.10436093749999997
0.26499999999999996	 0.10245843749999999
0.27499999999999997	 0.10079437499999998
0.285	 0.09932562499999999
0.29499999999999993	 0.09800468749999998
0.305	 0.09685062499999998
0.315	 0.09580156249999999
0.325	 0.094838125
0.335	 0.094013125
0.34500000000000003	 0.09328375
0.35500000000000004	 0.09259218749999999
0.36500000000000005	 0.09205343749999999
0.375	 0.09150968749999999
0.385	 0.0910375
0.395	 0.090675
0.4050000000000001	 0.0903603125
0.4150000000000001	 0.09006937500000001
0.42500000000000004	 0.08986906250000001
0.43500000000000005	 0.08969718750000001
0.445	 0.08962093750000001
0.455	 0.08961625000000002
0.46499999999999997	 0.08962093750000003
0.47500000000000003	 0.08963531250000002
0.48500000000000004	 0.0896496875
0.495	 0.08972125000000002
0.505	 0.08979750000000002
0.515	 0.08990718750000001
0.525	 0.0900215625
0.5350000000000001	 0.0901121875
0.545	 0.090155
0.555	 0.09019812499999999
0.565	 0.09027937499999998
0.575	 0.09042218749999999
0.5849999999999999	 0.09051749999999999
0.5949999999999999	 0.09069406249999999
0.6049999999999999	 0.09079906249999999
0.6149999999999999	 0.09086093749999999
0.625	 0.09091343749999999
0.6350000000000001	 0.09097999999999999
0.6450000000000001	 0.091075625
0.655	 0.091104375
0.665	 0.09115656250000001
0.6749999999999999	 0.0912234375
0.6849999999999999	 0.09133781249999999
0.695	 0.0915
0.705	 0.09160968749999998
0.715	 0.09169562499999999
0.7249999999999999	 0.09179593749999998
0.7349999999999999	 0.09195812499999999
0.7449999999999999	 0.09207749999999998
0.7549999999999999	 0.09220624999999998
0.765	 0.09230156249999998
0.775	 0.09236343749999998
0.7850000000000001	 0.09247312499999998
0.795	 0.09260187499999999
0.805	 0.09272093749999998
0.815	 0.092845
0.825	 0.092988125
0.835	 0.0931071875
0.845	 0.0932215625
0.8550000000000001	 0.0933265625
0.865	 0.093445625
0.8750000000000001	 0.09362187500000001
0.885	 0.0937315625
0.895	 0.0938271875
0.905	 0.093936875
0.915	 0.0940275
0.925	 0.0942040625
0.9349999999999999	 0.09437093749999999
0.945	 0.09456156249999999
0.955	 0.094709375
0.9649999999999999	 0.09489031249999999
0.975	 0.09508593750000001
0.985	 0.095324375
0.995	 0.09554843749999997
1.0050000000000001	 0.09569624999999998
1.015	 0.09586312499999998
1.025	 0.09606812499999999
1.035	 0.09626843749999998
1.0450000000000002	 0.09648281249999999
1.055	 0.09666374999999999
1.065	 0.0968496875
1.075	 0.09704062499999999
1.085	 0.09723625
1.095	 0.0974078125
1.105	 0.097613125
1.115	 0.09773687499999999
1.125	 0.09789437499999999
1.135	 0.0980375
1.1449999999999998	 0.09819
1.1549999999999998	 0.09832843749999999
1.165	 0.0984190625
1.1749999999999998	 0.09860968749999999
1.185	 0.09874343749999999
1.195	 0.09889124999999999
1.205	 0.09901999999999998
1.215	 0.09915812499999999
1.225	 0.09927749999999999
1.235	 0.0993346875
1.2449999999999999	 0.09943000000000002
1.255	 0.09951125000000001
1.2650000000000001	 0.09958750000000001
1.2750000000000001	 0.09968312500000001
1.285	 0.0997546875
1.295	 0.0998975
1.3050000000000002	 0.09997875
1.315	 0.1000740625
1.325	 0.1001409375
1.335	 0.10019812499999997
1.345	 0.10029343749999999
1.355	 0.10039343749999999
1.365	 0.10046499999999998
1.375	 0.100584375
1.385	 0.10067031250000001
1.395	 0.1007559375
1.4049999999999998	 0.1008321875
1.415	 0.100894375
1.4249999999999998	 0.1009846875
1.435	 0.10112781250000001
1.445	 0.101270625
1.455	 0.1014375
1.4649999999999999	 0.101604375
1.475	 0.1017471875
1.485	 0.1019521875
1.495	 0.10211437500000001
1.505	 0.10232406250000001
1.515	 0.1024909375
1.525	 0.10271968750000002
1.535	 0.10288656250000001
1.545	 0.10308187500000002
1.5550000000000002	 0.10326312500000001
1.5650000000000002	 0.10341562500000001
1.575	 0.10363500000000003
1.585	 0.10383531250000003
1.5949999999999998	 0.10393531250000002
1.605	 0.10413093750000002
1.615	 0.10428375000000001
1.625	 0.10447437500000001
1.635	 0.10465093750000001
1.645	 0.10483687500000001
1.655	 0.1050371875
1.665	 0.1051659375
1.6749999999999998	 0.1052853125
1.685	 0.10544750000000001
1.695	 0.10558562500000002
1.705	 0.10571906250000002
1.7149999999999999	 0.10583375
1.725	 0.106053125
1.735	 0.106205625
1.745	 0.106334375
1.755	 0.1064678125
1.7650000000000001	 0.106620625
1.775	 0.1066825
1.785	 0.1067778125
1.795	 0.10688750000000002
1.8050000000000002	 0.10698281250000002
1.8150000000000002	 0.107145
1.8249999999999997	 0.10722593750000001
1.835	 0.10730718750000001
1.845	 0.10738343750000001
1.855	 0.10749781250000001
1.865	 0.10766
1.8749999999999998	 0.10783156249999999
1.885	 0.10793656249999999
1.895	 0.1081415625
1.905	 0.10829406249999998
1.915	 0.108441875
1.9249999999999998	 0.108546875
1.935	 0.1086659375
1.945	 0.1087709375
1.9549999999999998	 0.108956875
1.9649999999999999	 0.109109375
1.9749999999999999	 0.10924281249999998
1.985	 0.10943343749999998
1.995	 0.1095571875
2.005	 0.1097240625
2.015	 0.109876875
2.025	 0.1100628125
2.035	 0.11024874999999999
2.0449999999999995	 0.11040625
2.0549999999999997	 0.11061125
2.065	 0.1107975
2.075	 0.1109309375
2.085	 0.1110546875
2.0949999999999998	 0.11119781249999999
2.105	 0.11133124999999999
2.115	 0.11151718749999999
2.125	 0.11175562499999998
2.1350000000000002	 0.111855625
2.145	 0.1120275
2.1550000000000002	 0.11222781250000001
2.165	 0.11242343750000001
2.175	 0.11260937500000003
2.185	 0.11276187500000003
2.195	 0.11286687500000002
2.2049999999999996	 0.11304312500000002
2.215	 0.11308125000000002
2.2249999999999996	 0.11323406250000002
2.2350000000000003	 0.11336281250000002
2.245	 0.11353437500000002
2.255	 0.11363468750000003
2.265	 0.11380625000000001
2.2750000000000004	 0.11392062500000003
2.285	 0.11406843750000004
2.295	 0.11422125000000002
2.305	 0.11435500000000003
2.315	 0.11454093750000001
2.325	 0.11471750000000001
2.3349999999999995	 0.11489875000000002
2.3449999999999998	 0.11504656250000002
2.355	 0.11514656250000001
2.3649999999999998	 0.11528000000000001
2.375	 0.11548500000000002
2.3850000000000002	 0.11564687500000001
2.3950000000000005	 0.11580437499999999
2.4050000000000002	 0.116038125
2.415	 0.1162859375
2.4250000000000003	 0.1165103125
2.435	 0.1166678125
2.445	 0.1167821875
2.4549999999999996	 0.11692531249999999
2.465	 0.11707312499999999
2.475	 0.11725406249999999
2.485	 0.11740187499999999
2.4949999999999997	 0.1175403125
2.505	 0.1177025
2.5150000000000006	 0.1179075
2.5250000000000004	 0.11808875
2.535	 0.11828906250000003
2.5450000000000004	 0.11850343750000003
2.5549999999999997	 0.11877531250000002
2.5649999999999995	 0.11898500000000004
2.575	 0.11919468750000003
2.585	 0.11939031250000004
2.5949999999999998	 0.11952406250000004
2.605	 0.11969093750000004
2.6149999999999993	 0.11986718750000004
2.625	 0.12003875000000004
2.6350000000000002	 0.12022000000000004
2.6450000000000005	 0.12034406250000003
2.6550000000000002	 0.12042500000000003
2.665	 0.12059656250000003
2.675	 0.12074937500000002
2.685	 0.12087812500000002
2.695	 0.12100218750000001
2.7049999999999996	 0.12114062500000002
2.715	 0.1212790625
2.7249999999999996	 0.121379375
2.7349999999999994	 0.1215034375
2.7449999999999997	 0.121636875
2.7550000000000003	 0.1217703125
2.765	 0.12192781250000001
2.7750000000000004	 0.12212812500000002
2.7850000000000006	 0.12232343750000002
2.7950000000000004	 0.12241406250000002
2.805	 0.12263343750000001
2.815	 0.12278125000000001
2.8249999999999997	 0.122976875
2.835	 0.12322
2.845	 0.12344406249999999
2.855	 0.123668125
2.8649999999999998	 0.1238540625
2.875	 0.1240684375
2.885	 0.12426875
2.895	 0.1244834375
2.9050000000000002	 0.124655
2.915	 0.12485031249999999
2.9250000000000003	 0.12507906249999998
2.935	 0.1252175
2.945	 0.12542718749999998
2.9549999999999996	 0.12564187500000001
2.965	 0.1258753125
2.9749999999999996	 0.12611375
2.985	 0.12635218750000002
2.9949999999999997	 0.12663812500000002
3.0049999999999994	 0.12690500000000002
3.015	 0.1271290625
3.0250000000000004	 0.1273721875
3.035	 0.12758187499999998
3.045	 0.1278009375
3.0550000000000006	 0.12804875
3.065	 0.12834437499999998
3.075	 0.1285590625
3.0849999999999995	 0.1287928125
3.095	 0.1290265625
3.105	 0.1292746875
3.1149999999999998	 0.12956562500000002
3.125	 0.129741875
3.1350000000000002	 0.12997562499999998
3.145	 0.13014718749999998
3.155	 0.1302521875
3.165	 0.13043812500000002
3.1750000000000003	 0.1305953125
3.185	 0.1307384375
3.195	 0.131015
3.205	 0.1311725
3.215	 0.1313728125
3.2249999999999996	 0.13158749999999997
3.235	 0.13182125000000003
3.2449999999999997	 0.13199312500000002
3.255	 0.13223625
3.265	 0.13245562500000002
3.275	 0.13260812500000005
3.285	 0.13280375000000003
3.2950000000000004	 0.133046875
3.305	 0.1332234375
3.315	 0.133438125
3.3250000000000006	 0.133619375
3.335	 0.1337578125
3.3449999999999998	 0.1339534375
3.355	 0.134215625
3.3649999999999998	 0.1344590625
3.375	 0.13467375
3.3850000000000002	 0.1348453125
3.395	 0.135121875
3.4050000000000002	 0.13540781249999997
3.4149999999999996	 0.13564624999999997
3.4250000000000003	 0.13590843749999998
3.435	 0.136223125
3.445	 0.136556875
3.455	 0.13681437500000002
3.4650000000000003	 0.13714343750000002
3.4749999999999996	 0.13743406249999998
3.485	 0.1377203125
3.4949999999999997	 0.138001875
3.505	 0.1383453125
3.5149999999999997	 0.13850281250000002
3.5250000000000004	 0.138774375
3.5349999999999997	 0.13904125
3.5450000000000004	 0.13933218749999998
3.555	 0.1395753125
3.565	 0.13989937499999996
3.575	 0.14021874999999998
3.5850000000000004	 0.1405240625
3.5949999999999998	 0.14090093750000002
3.605	 0.14123468750000004
3.6149999999999998	 0.14152093750000003
3.625	 0.14188812500000003
3.6350000000000002	 0.1422171875
3.645	 0.142613125
3.6550000000000002	 0.1429753125
3.665	 0.1433946875
3.675	 0.14373812500000002
3.6849999999999996	 0.144048125
3.695	 0.14437250000000001
3.705	 0.1446871875
3.715	 0.1449684375
3.725	 0.1452546875
3.735	 0.14552625
3.7449999999999997	 0.1458315625
3.755	 0.14607468749999997
3.7649999999999997	 0.14633218749999996
3.7750000000000004	 0.1466753125
3.785	 0.14696625
3.795	 0.1472859375
3.805	 0.1475671875
3.815	 0.14783875000000002
3.825	 0.14808187500000003
3.835	 0.1483821875
3.8449999999999998	 0.14878750000000002
3.8550000000000004	 0.14911187500000003
3.8649999999999998	 0.14945031250000004
3.875	 0.14979375000000003
3.8850000000000002	 0.15009437500000003
3.895	 0.150395
3.9050000000000002	 0.150705
3.915	 0.1509671875
3.9250000000000003	 0.15127218750000002
3.935	 0.15161531250000002
3.945	 0.15191562500000003
3.955	 0.15218250000000003
3.965	 0.15239218750000005
3.9750000000000005	 0.15273093750000002
3.985	 0.15296468750000003
3.9949999999999997	 0.15326499999999998
4.005000000000001	 0.1535796875
4.015	 0.153865625
4.025	 0.154151875
4.035	 0.1544809375
4.045	 0.1547765625
4.055	 0.15512
4.0649999999999995	 0.1553584375
4.074999999999999	 0.155673125
4.085	 0.1560021875
4.095	 0.15629781250000002
4.1049999999999995	 0.15658875000000003
4.115	 0.15686531250000002
4.125	 0.1571896875
4.135	 0.15751875
4.145	 0.15787625000000002
4.155	 0.15818625
4.165	 0.158458125
4.175	 0.15878687499999997
4.1850000000000005	 0.15908718749999998
4.194999999999999	 0.159373125
4.205	 0.15966375
4.215	 0.1599928125
4.225	 0.16029312499999998
4.234999999999999	 0.16058875
4.245	 0.1608940625
4.255	 0.1611040625
4.265	 0.16136625
4.275	 0.1616284375
4.285	 0.16198125
4.295	 0.1622290625
4.305000000000001	 0.16254843749999998
4.3149999999999995	 0.16284875000000001
4.324999999999999	 0.16315375000000001
4.335	 0.16350187500000002
4.345	 0.1638259375
4.3549999999999995	 0.1641359375
4.364999999999999	 0.16443625
4.375	 0.16471281250000003
4.385	 0.16506562500000002
4.395	 0.16529000000000002
4.405	 0.16557156250000005
4.415	 0.16591968750000002
4.425	 0.16621531250000005
4.4350000000000005	 0.16653000000000004
4.445	 0.16684468750000003
4.455000000000001	 0.16714031250000003
4.465	 0.16743125
4.4750000000000005	 0.1677221875
4.484999999999999	 0.16797499999999999
4.495	 0.16835656250000003
4.505	 0.16861875
4.514999999999999	 0.1689621875
4.5249999999999995	 0.1692721875
4.535	 0.1695390625
4.545	 0.169815625
4.555000000000001	 0.17011593749999998
4.565	 0.17043531250000002
4.574999999999999	 0.1707403125
4.585	 0.171098125
4.595	 0.171436875
4.6049999999999995	 0.17175156249999998
4.614999999999999	 0.17206624999999995
4.625	 0.17234281249999997
4.635	 0.17262906249999996
4.645	 0.17293906249999996
4.655	 0.17317749999999996
4.665	 0.17348281249999997
4.675	 0.173754375
4.6850000000000005	 0.17406437499999997
4.695	 0.17431718749999997
4.705	 0.17460312499999997
4.715000000000001	 0.17496531249999997
4.725	 0.17521312499999997
4.735	 0.17541812499999998
4.745	 0.17568499999999998
4.755	 0.175980625
4.764999999999999	 0.1762334375
4.7749999999999995	 0.176500625
4.784999999999999	 0.176781875
4.794999999999999	 0.17705375
4.805	 0.17730656250000001
4.815	 0.17739250000000004
4.825	 0.177688125
4.835	 0.17789312499999996
4.845	 0.17816499999999996
4.8549999999999995	 0.17844156249999998
4.864999999999999	 0.1787278125
4.874999999999999	 0.17901406249999996
4.885	 0.17923343749999998
4.895	 0.1795434375
4.905	 0.17979124999999999
4.915	 0.18009624999999999
4.925	 0.18035374999999998
4.9350000000000005	 0.1806209375
4.945	 0.1808690625
4.955	 0.18114562499999998
4.965000000000001	 0.18143187499999996
4.9750000000000005	 0.18170374999999997
4.985	 0.18200906249999996
4.995	 0.18229531249999997
5.005000000000001	 0.18259093749999997
5.014999999999999	 0.18298656249999995
5.0249999999999995	 0.18333937499999994
5.034999999999999	 0.18373062499999995
5.044999999999999	 0.18404999999999994
5.054999999999999	 0.18433624999999995
5.065	 0.18463187499999995
5.075	 0.18463187499999995
5.085	 0.18527062499999997
5.095	 0.18527999999999997
5.1049999999999995	 0.18590968749999998
5.114999999999999	 0.18589999999999995
5.124999999999999	 0.18626718749999996
5.135	 0.1863146875
5.1450000000000005	 0.18659625
5.155	 0.18664875000000003
5.165	 0.18715906250000003
5.175	 0.18715906250000003
5.1850000000000005	 0.187664375
5.195	 0.18768812500000004
5.205	 0.18817468750000005
5.215000000000001	 0.18829406250000005
5.2250000000000005	 0.18883281250000003
5.235	 0.18881375000000003
5.245000000000001	 0.18934312500000006
5.255	 0.18930500000000003
5.265	 0.190039375
5.2749999999999995	 0.1900678125
5.284999999999999	 0.1907496875
5.294999999999999	 0.19078781250000001
5.304999999999999	 0.19129312499999995
5.3149999999999995	 0.1911834375
5.325	 0.19172687499999996
5.335	 0.19160281249999994
5.345	 0.1920559375
5.3549999999999995	 0.191855625
5.364999999999999	 0.19241843749999998
5.374999999999999	 0.19247093750000002
5.385	 0.1930096875
5.3950000000000005	 0.19338156250000005
5.405	 0.19358187500000001
5.415	 0.19388718750000003
5.425	 0.1940825
5.4350000000000005	 0.1942446875
5.445	 0.19485000000000002
5.455	 0.19514093750000006
5.465000000000001	 0.19581812500000007
5.4750000000000005	 0.19608500000000006
5.485	 0.19633281250000006
5.495	 0.19656156250000006
5.505000000000001	 0.19688593750000005
5.515	 0.19718156250000005
5.525	 0.19756781250000008
5.534999999999999	 0.19775375000000003
5.544999999999999	 0.19803031250000003
5.555	 0.19830687499999997
5.5649999999999995	 0.19862156249999996
5.574999999999999	 0.1989121875
5.585	 0.19918374999999996
5.595	 0.19946531249999996
5.6049999999999995	 0.19973218749999996
5.614999999999999	 0.20005625
5.625	 0.20028999999999997
5.634999999999999	 0.20070968749999996
5.645	 0.20098156250000002
5.655	 0.20133937499999996
5.665	 0.201596875
5.675	 0.20190187499999998
5.6850000000000005	 0.20217374999999996
5.695	 0.20249312499999997
5.705	 0.20282687499999996
5.715000000000001	 0.20308437499999996
5.7250000000000005	 0.20341343749999996
5.735	 0.20372343749999997
5.745	 0.2041765625
5.755000000000001	 0.20464374999999999
5.765000000000001	 0.2050015625
5.7749999999999995	 0.205278125
5.785	 0.2053875
5.794999999999999	 0.20585
5.805	 0.2061503125
5.8149999999999995	 0.2065509375
5.824999999999999	 0.206875
5.834999999999999	 0.207123125
5.845	 0.20729937500000004
5.8549999999999995	 0.2076615625
5.864999999999999	 0.2077953125
5.875	 0.207943125
5.884999999999999	 0.2080765625
5.895	 0.2082815625
5.905	 0.2084296875
5.915	 0.20860125
5.925	 0.20863468749999997
5.9350000000000005	 0.20874937500000001
5.945	 0.209106875
5.955	 0.2091734375
5.965000000000001	 0.209388125
5.9750000000000005	 0.2095978125
5.985	 0.20987906250000002
5.995000000000001	 0.210208125
6.005	 0.21051781249999998
6.015000000000001	 0.2106753125
6.025	 0.210828125
6.034999999999999	 0.21091406250000003
6.045	 0.21123843750000001
6.055	 0.2114196875
6.0649999999999995	 0.211605625
6.074999999999999	 0.2118059375
6.084999999999999	 0.2117771875
6.094999999999999	 0.21207749999999997
6.1049999999999995	 0.21237312499999997
6.114999999999999	 0.21245437499999997
6.125	 0.2127025
6.135	 0.21290281250000004
6.145	 0.21309375000000003
6.155	 0.213375
6.165	 0.213670625
6.175	 0.2139996875
6.1850000000000005	 0.21442875
6.195	 0.214881875
6.205	 0.21528718749999998
6.215000000000001	 0.2156640625
6.2250000000000005	 0.21603093750000002
6.235	 0.21644593750000005
6.245000000000001	 0.21676531250000006
6.255	 0.21715156250000003
6.265	 0.21735656250000002
6.275	 0.21789062500000003
6.285	 0.21825281250000006
6.294999999999999	 0.21861531250000005
6.305000000000001	 0.21889687500000005
6.3149999999999995	 0.21928312500000005
6.324999999999999	 0.21950250000000004
6.334999999999999	 0.21983625000000004
6.344999999999999	 0.22019375000000002
6.354999999999999	 0.2206275
6.364999999999999	 0.2207609375
6.375	 0.221123125
6.385	 0.22124218750000002
6.395	 0.22157125000000003
6.405	 0.22193843750000003
6.415	 0.22211968750000002
6.425	 0.2224346875
6.4350000000000005	 0.22275875
6.445	 0.22292093750000003
6.455	 0.223288125
6.465000000000001	 0.2235646875
6.4750000000000005	 0.223903125
6.485	 0.224241875
6.495	 0.2244134375
6.505	 0.22463750000000002
6.515	 0.22496656250000002
6.5249999999999995	 0.225219375
6.535	 0.22557687499999998
6.545	 0.2257296875
6.555	 0.22591062499999998
6.565	 0.226244375
6.574999999999998	 0.22661125000000001
6.584999999999999	 0.2269690625
6.594999999999999	 0.22726968750000004
6.604999999999999	 0.22762750000000007
6.614999999999999	 0.22794687500000005
6.625	 0.22825656250000004
6.635	 0.22850937500000007
6.645	 0.22877656250000006
6.655	 0.22912468750000006
6.665	 0.22943468750000007
6.675000000000001	 0.22974937500000003
6.6850000000000005	 0.23003062500000002
6.695	 0.23034531250000004
6.705	 0.23070781250000003
6.715000000000001	 0.23105593750000003
6.7250000000000005	 0.23141375000000003
6.735	 0.23201937500000003
6.745	 0.23228625
6.755000000000001	 0.232625
6.765	 0.2331684375
6.775	 0.2334496875
6.785	 0.233916875
6.795	 0.23426031249999996
6.805000000000001	 0.23451781249999995
6.8149999999999995	 0.23475624999999994
6.824999999999999	 0.23506624999999995
6.834999999999999	 0.2352665625
6.844999999999999	 0.2355909375
6.854999999999999	 0.23594875
6.864999999999999	 0.23633500000000002
6.874999999999999	 0.2368834375
6.885	 0.2372603125
6.895	 0.23755625
6.905	 0.237785
6.915	 0.23809499999999997
6.925000000000001	 0.23835249999999997
6.9350000000000005	 0.23863874999999998
6.945	 0.23894875
6.955	 0.2392825
6.965000000000001	 0.239549375
6.9750000000000005	 0.23974937500000001
6.985	 0.24004031250000002
6.995	 0.24036
7.005	 0.2407271875
7.015	 0.2411278125
7.025	 0.241509375
7.035	 0.2418478125
7.045	 0.242095625
7.055000000000001	 0.242315
7.0649999999999995	 0.2426584375
7.074999999999999	 0.24301593749999997
7.084999999999999	 0.24327343749999997
7.094999999999999	 0.24381218749999997
7.104999999999999	 0.243969375
7.114999999999999	 0.2441840625
7.124999999999999	 0.24453687499999996
7.135	 0.24499968749999998
7.145	 0.245338125
7.155	 0.24580531249999998
7.165	 0.24620093749999997
7.175000000000001	 0.24649656249999996
7.1850000000000005	 0.24672062499999997
7.195	 0.24693999999999994
7.205	 0.24733562499999995
7.215000000000001	 0.24765499999999993
7.2250000000000005	 0.24798874999999992
7.235	 0.24832249999999997
7.245	 0.24853687499999993
7.255	 0.24893249999999992
7.265	 0.24926624999999994
7.275	 0.24962374999999992
7.285	 0.24999093749999993
7.295	 0.2504918749999999
7.305000000000001	 0.2508781249999999
7.315	 0.25124031249999995
7.324999999999998	 0.2515168749999999
7.335	 0.2518078124999999
7.344999999999999	 0.2521034374999999
7.354999999999999	 0.2524134375
7.364999999999999	 0.252704375
7.374999999999999	 0.253014375
7.384999999999999	 0.25322875
7.395	 0.253500625
7.405	 0.25379625
7.415	 0.25393
7.425	 0.25420656249999996
7.4350000000000005	 0.25467375000000003
7.445	 0.254916875
7.455	 0.2552696875
7.465000000000001	 0.25552250000000004
7.4750000000000005	 0.2557990625
7.485	 0.256099375
7.495	 0.25641875
7.505	 0.2567096875
7.515	 0.25703875
7.525	 0.2571246875
7.535	 0.25744875
7.545	 0.257773125
7.555000000000001	 0.25810218749999997
7.565	 0.2584362499999999
7.574999999999998	 0.25861749999999994
7.585	 0.25889406249999997
7.594999999999999	 0.259223125
7.604999999999999	 0.25950468749999994
7.614999999999999	 0.259814375
7.624999999999999	 0.260005
7.634999999999999	 0.26031031250000003
7.645	 0.26059656249999996
7.655	 0.26096375
7.665	 0.2612784375
7.675	 0.261674375
7.6850000000000005	 0.2619700000000001
7.695	 0.2623325
7.705	 0.26268062500000006
7.715000000000001	 0.263090625
7.7250000000000005	 0.26339124999999997
7.735	 0.2637534375000001
7.745	 0.26396343750000006
7.755	 0.26422093750000003
7.765000000000001	 0.2645834375
7.7749999999999995	 0.264921875
7.785	 0.26526531249999996
7.795	 0.2657134374999999
7.805	 0.2659996874999999
7.815	 0.2664337499999999
7.824999999999999	 0.2667531249999999
7.834999999999999	 0.2671487499999999
7.845	 0.26761124999999986
7.854999999999999	 0.2680215624999999
7.864999999999999	 0.2682884375
7.874999999999999	 0.2686887499999999
7.884999999999999	 0.26896999999999993
7.895	 0.26940406249999993
7.905	 0.26969968749999995
7.915	 0.2700334375
7.925	 0.27034812499999994
7.9350000000000005	 0.27071531249999997
7.945	 0.27106812499999994
7.955	 0.27143999999999996
7.965	 0.271730625
7.975	 0.2719309375000001
7.984999999999999	 0.2721740625
7.995	 0.2724696875
8.004999999999999	 0.2727940625
8.015	 0.273141875
8.024999999999999	 0.2734090624999999
8.035	 0.2737428125
8.045	 0.2740621875
8.055	 0.2744246875
8.065000000000001	 0.274844375
8.075	 0.27524499999999996
8.084999999999999	 0.275616875
8.094999999999999	 0.27596031249999997
8.104999999999999	 0.27628906249999996
8.114999999999998	 0.27660874999999996
8.125	 0.27679937499999996
8.135	 0.27705687500000004
8.145	 0.277419375
8.155	 0.27774375
8.165000000000001	 0.27799656250000004
8.174999999999999	 0.27827781250000005
8.185	 0.2786928125000001
8.195	 0.27905062500000005
8.205	 0.27944625
8.215	 0.2799371875
8.225	 0.280304375
8.235	 0.280719375
8.245	 0.2810290624999999
8.254999999999999	 0.2814106249999999
8.265	 0.28173031249999986
8.275	 0.28215937499999993
8.284999999999998	 0.2825409375
8.295	 0.28301781249999997
8.305	 0.28330406249999995
8.315	 0.28374249999999995
8.325000000000001	 0.2840903125
8.334999999999999	 0.284548125
8.344999999999999	 0.2848675
8.354999999999999	 0.28529687500000006
8.364999999999998	 0.2856306250000001
8.374999999999998	 0.2860025
8.385	 0.28632656250000005
8.395000000000001	 0.286808125
8.405	 0.28707031250000004
8.415	 0.287423125
8.424999999999999	 0.2876759375
8.434999999999999	 0.288
8.445	 0.28833375
8.455	 0.2887721875
8.465	 0.2890628125
8.475	 0.2895159375
8.485	 0.2897925
8.495	 0.29025968750000003
8.504999999999999	 0.2904646875
8.515	 0.2908078125
8.525	 0.291075
8.534999999999998	 0.29143281249999997
8.544999999999998	 0.2916809375
8.555	 0.2920575
8.565	 0.2924725
8.575000000000001	 0.29275875000000007
8.585	 0.29306375
8.594999999999999	 0.29337843750000003
8.604999999999999	 0.2937028125
8.614999999999998	 0.2941271875
8.624999999999998	 0.29450375
8.634999999999998	 0.29487093750000004
8.645000000000001	 0.29516187499999996
8.655000000000001	 0.2954909375
8.665	 0.29597718749999996
8.674999999999999	 0.296339375
8.684999999999999	 0.2966921875
8.695	 0.2971546875
8.705	 0.29755531249999995
8.715000000000002	 0.297884375
8.725	 0.2983040625
8.735	 0.29879500000000003
8.745	 0.2992528125
8.754999999999999	 0.299725
8.765	 0.30015437500000003
8.775	 0.30062187500000004
8.785	 0.3010225
8.794999999999998	 0.3014181250000001
8.805	 0.30189968750000007
8.815	 0.30235750000000006
8.825	 0.3028628125
8.835	 0.30335406249999997
8.845	 0.3037975
8.854999999999999	 0.30426937500000006
8.864999999999998	 0.3047984375
8.874999999999998	 0.30531343749999995
8.884999999999998	 0.3057425
8.895	 0.30631937499999995
8.905000000000001	 0.30684875
8.915000000000001	 0.30740187499999994
8.924999999999999	 0.30787374999999995
8.934999999999999	 0.3083981249999999
8.945	 0.30885593749999996
8.955	 0.3093424999999999
8.965000000000002	 0.3097909375
8.975000000000001	 0.310110625
8.985	 0.31022031249999993
8.995	 0.3104684374999999
9.004999999999999	 0.31076406249999994
9.015	 0.3111121874999999
9.025	 0.31149843749999995
9.035	 0.31205625000000003
9.045	 0.3124425
9.054999999999998	 0.3129575
9.065	 0.3135296875
9.075	 0.31421625000000003
9.085	 0.3149790625
9.095	 0.31568937500000005
9.104999999999999	 0.31637593750000004
9.114999999999998	 0.3169815625000001
9.124999999999998	 0.3174487500000001
9.134999999999998	 0.3178587500000001
9.145	 0.31818781250000006
9.155000000000001	 0.31839750000000006
9.165000000000001	 0.3184928125
9.174999999999999	 0.31868375000000004
9.184999999999999	 0.3188793750000001
9.194999999999999	 0.3191034375000001
9.205	 0.319341875
9.215	 0.31974250000000004
9.225000000000001	 0.32010500000000003
9.235000000000001	 0.3204771874999999
9.245	 0.32084937499999994
9.254999999999999	 0.3212309375
9.265	 0.32161718749999996
9.275	 0.32199374999999997
9.285	 0.32248937499999997
9.295	 0.32315687499999995
9.305	 0.32389124999999996
9.315	 0.32464937499999996
9.325000000000001	 0.325245625
9.335	 0.3258846875
9.345	 0.32648062499999997
9.355	 0.32702906249999997
9.364999999999998	 0.32771562500000007
9.374999999999998	 0.32826875
9.384999999999998	 0.3288456250000001
9.395	 0.32936531250000006
9.405	 0.3298134375000001
9.415000000000001	 0.33039531250000004
9.424999999999999	 0.33102000000000004
9.434999999999999	 0.33173531250000005
9.444999999999999	 0.3325221875
9.455	 0.33342343750000003
9.465	 0.3343725
9.475000000000001	 0.33546937499999996
9.485000000000001	 0.3366565625
9.495	 0.33774374999999995
9.504999999999999	 0.3388165625
9.515	 0.3398418749999999
9.525	 0.3409337499999999
9.535	 0.3418778124999999
9.545	 0.34287906249999994
9.555	 0.34384687499999994
9.565000000000001	 0.344819375
9.575	 0.345639375
9.585	 0.34637375000000004
9.595	 0.34704125
9.605	 0.34765187500000005
9.615	 0.34811906250000013
9.624999999999998	 0.34860062500000016
9.634999999999998	 0.3489915625000001
9.645	 0.3494300000000001
9.655	 0.34912968750000006
9.665	 0.3489343750000001
9.674999999999999	 0.3487100000000001
9.684999999999999	 0.34861468750000013
9.694999999999999	 0.34870531250000014
9.705	 0.34882000000000013
9.715	 0.34896312500000015
9.725	 0.3490203125000001
9.735000000000001	 0.3488246875000001
9.745	 0.34849562500000014
9.754999999999999	 0.3479806250000001
9.765	 0.3473034375000001
9.775	 0.3464356250000001
9.785	 0.34558687500000007
9.795	 0.34471437499999996
9.805	 0.34385625
9.815000000000001	 0.34299781249999994
9.825	 0.3422015625
9.835	 0.3414290625
9.845	 0.340599375
9.855	 0.3398840624999999
9.865	 0.3391831249999999
9.874999999999998	 0.338749375
9.884999999999998	 0.3384062500000001
9.895	 0.33831562500000006
9.905	 0.33826781250000004
9.915	 0.338291875
9.924999999999999	 0.33804375000000003
9.934999999999999	 0.33774812500000007
9.945	 0.3374003125
9.955	 0.3372190625
9.965	 0.3371665625
9.975	 0.33794375
9.985	 0.3386065625
9.995	 0.33938406249999997
10.005	 0.339865625
10.015	 0.34035218749999996
10.025	 0.3409290625
10.035	 0.34161562500000003
10.045	 0.3422021875
10.055	 0.3430271875
10.065	 0.3438475
10.075000000000001	 0.3449584375
10.084999999999999	 0.3461171875
10.095	 0.3476240625
10.105	 0.3489590625
10.115	 0.35049437499999997
10.124999999999998	 0.351925
10.134999999999998	 0.35349875
10.145	 0.35486718749999996
10.155	 0.356393125
10.165	 0.35777125
10.174999999999999	 0.3592209375
10.184999999999999	 0.36039875000000005
10.195	 0.36127593750000003
10.205	 0.361871875
10.215	 0.36240593750000005
10.225	 0.3630734375
10.235	 0.36394125000000005
10.245	 0.3647946875000001
10.255	 0.36581500000000006
10.265	 0.36678281250000005
10.275	 0.36789875
10.285	 0.3688478125
10.295	 0.36975374999999994
10.305	 0.3705453125
10.315	 0.37139875
10.325000000000001	 0.3723000000000001
10.335	 0.37331093750000005
10.344999999999999	 0.3740834375
10.355	 0.3747796875
10.365	 0.3755759375
10.374999999999998	 0.3765059375000001
10.385	 0.3774215625000001
10.395	 0.3784181250000001
10.405	 0.379471875
10.415	 0.3805065625
10.424999999999999	 0.38159375
10.434999999999997	 0.382685625
10.445	 0.3837203125
10.455	 0.384793125
10.465	 0.3857803125
10.475	 0.38672906249999994
10.485	 0.3875875
10.495	 0.3884553125
10.505	 0.3893515625
10.515	 0.3904675000000001
10.525	 0.39161656250000004
10.535	 0.39294218750000004
10.545	 0.3940246875000001
10.555	 0.39512625000000007
10.565	 0.39643281250000006
10.575000000000001	 0.39789218750000005
10.585	 0.39932750000000006
10.594999999999999	 0.40066250000000003
10.605	 0.40195937499999995
10.615	 0.40330874999999994
10.624999999999998	 0.40459593749999995
10.635	 0.40578312499999997
10.645	 0.40688937499999994
10.655	 0.40789062499999995
10.665	 0.4088203124999999
10.674999999999999	 0.40976937499999994
10.684999999999997	 0.4105753124999999
10.695	 0.4113668749999999
10.705	 0.4121584375
10.715	 0.41291187499999993
10.725	 0.41358437499999995
10.735	 0.41426624999999995
10.745	 0.41488125
10.754999999999999	 0.41547249999999997
10.765	 0.4160540625
10.775000000000002	 0.4166596875
10.785	 0.41727
10.795	 0.417928125
10.805	 0.418619375
10.815	 0.4192965625
10.825000000000001	 0.4199975
10.835	 0.4207603125
10.845	 0.42146625
10.854999999999999	 0.4220765625
10.865	 0.42272499999999996
10.875	 0.4232921875
10.885	 0.42380249999999997
10.895000000000001	 0.424303125
10.905	 0.4248275
10.915	 0.4252996875
10.924999999999999	 0.42576218750000006
10.934999999999999	 0.42617218749999997
10.944999999999999	 0.42662531249999996
10.955	 0.42713562499999996
10.965	 0.4276459375
10.975	 0.42812281250000006
10.985	 0.42857125000000007
10.995	 0.4291384375
11.004999999999999	 0.4296821875000001
11.015	 0.4301828125
11.025000000000002	 0.4306737499999999
11.035	 0.43110281249999993
11.045	 0.43155562499999994
11.055	 0.4319706249999999
11.065	 0.4324571874999999
11.075000000000001	 0.43298656249999995
11.085	 0.43348249999999994
11.095	 0.4339399999999999
11.104999999999999	 0.4344215624999999
11.115	 0.4348937499999999
11.125	 0.43538031249999987
11.135	 0.4358762499999999
11.145000000000001	 0.4364056249999999
11.155	 0.4368587499999999
11.165	 0.4373546874999999
11.174999999999999	 0.43786031249999996
11.184999999999999	 0.43836593749999997
11.194999999999999	 0.4389190625
11.204999999999998	 0.4394578125
11.215	 0.439963125
11.225	 0.44041624999999995
11.235	 0.440940625
11.244999999999997	 0.4414415625
11.254999999999999	 0.44193281249999994
11.265	 0.442390625
11.275000000000002	 0.442905625
11.285000000000002	 0.4434253125
11.295	 0.44394968749999997
11.305	 0.44445031249999994
11.315	 0.44488906249999993
11.325000000000001	 0.4454040624999999
11.335	 0.4459521874999999
11.345	 0.4464434374999999
11.355	 0.4470443749999999
11.364999999999998	 0.4475737499999998
11.375	 0.44819343749999985
11.385	 0.4487321874999998
11.395000000000001	 0.4492374999999999
11.405000000000001	 0.44975249999999983
11.415	 0.45028187499999983
11.424999999999999	 0.45084937499999983
11.434999999999999	 0.4513165624999999
11.444999999999999	 0.4518649999999999
11.454999999999998	 0.4524371874999999
11.465	 0.45291874999999987
11.475	 0.45350031249999995
11.485	 0.45404843749999996
11.494999999999997	 0.45463499999999996
11.504999999999999	 0.4551640624999999
11.515	 0.4557362499999999
11.525000000000002	 0.45626562499999995
11.535000000000002	 0.456861875
11.545	 0.45742937499999997
11.555	 0.4579684375
11.565	 0.45851187499999996
11.575000000000001	 0.45904593749999995
11.585	 0.4595846874999999
11.595	 0.46008062499999997
11.605	 0.4605524999999999
11.614999999999998	 0.46109624999999993
11.625	 0.46163499999999996
11.635	 0.46215968749999997
11.645000000000001	 0.46276531249999997
11.655000000000001	 0.46331843749999996
11.665	 0.46387624999999993
11.674999999999999	 0.4644196874999999
11.684999999999999	 0.4648868749999999
11.694999999999997	 0.46538781249999994
11.704999999999998	 0.46595999999999993
11.715	 0.46650375
11.725	 0.46708062499999997
11.735	 0.46765281250000007
11.744999999999997	 0.4681534375
11.754999999999999	 0.4687875
11.765	 0.46934531250000006
11.775	 0.4698315625
11.785000000000002	 0.4702609375
11.795000000000002	 0.4707093750000001
11.805	 0.47111000000000003
11.815	 0.47158187500000015
11.825000000000001	 0.47205406250000004
11.835	 0.47251687500000006
11.845	 0.47307000000000005
11.855	 0.47354656249999993
11.865	 0.474004375
11.874999999999998	 0.47450031249999997
11.885	 0.4750199999999999
11.895	 0.4756018749999999
11.905000000000001	 0.4761787499999999
11.915000000000001	 0.47672718749999987
11.924999999999999	 0.4772662499999999
11.934999999999999	 0.47784781249999986
11.944999999999999	 0.4784009374999999
11.954999999999998	 0.4789778124999998
11.965	 0.4794543749999998
11.975	 0.4799981249999999
11.985	 0.4805321874999998
11.994999999999997	 0.4810856249999999
12.004999999999999	 0.48168656249999986
12.015	 0.48229187499999987
12.025	 0.48281156249999985
12.035000000000002	 0.48338843749999993
12.045000000000002	 0.48394156249999987
12.055	 0.48449468749999997
12.065	 0.48510499999999995
12.075000000000001	 0.4854390624999999
12.085	 0.4859634374999999
12.095	 0.48635906249999994
12.105	 0.4870265625
12.115	 0.487479375
12.124999999999998	 0.4882184375
12.135	 0.48864281249999997
12.145	 0.4892628125
12.155000000000001	 0.48972999999999994
12.165000000000001	 0.49027843749999994
12.174999999999999	 0.490674375
12.184999999999999	 0.4913371875
12.194999999999999	 0.4917615625
12.204999999999998	 0.4923196875
12.215	 0.49266781249999997
12.225	 0.4932734375
12.235	 0.49366437500000004
12.244999999999997	 0.49427000000000004
12.254999999999999	 0.49460875000000004
12.264999999999999	 0.49520000000000003
12.275	 0.49559093750000005
12.285	 0.49615375000000006
12.295000000000002	 0.49664968750000005
12.305	 0.49721718750000005
12.315	 0.4976556250000001
12.325000000000001	 0.4982659375000001
12.335	 0.49862843750000013
12.345	 0.4992246875000001
12.355	 0.4995490625000001
12.365	 0.5000690625
12.375	 0.5004459375000001
12.384999999999998	 0.5009659375
12.395	 0.501661875
12.405000000000001	 0.5022150000000001
12.415000000000001	 0.50281125
12.425	 0.5033737500000001
12.434999999999999	 0.5040175
12.444999999999999	 0.5045134375
12.454999999999998	 0.5051096875000001
12.465	 0.5057009375000001
12.475	 0.5062778125
12.485	 0.506835625
12.495	 0.5074696875
12.504999999999999	 0.5080084374999999
12.514999999999999	 0.5086759375
12.525	 0.50921
12.535	 0.509810625
12.545000000000002	 0.5103353125
12.555	 0.5109074999999998
12.565	 0.5113984374999999
12.575000000000001	 0.5120231249999999
12.585	 0.512566875
12.595	 0.5131343749999999
12.605	 0.513673125
12.615	 0.514111875
12.625	 0.5146459375
12.634999999999998	 0.5150990625
12.645	 0.5156665625
12.655000000000001	 0.5162912500000001
12.665000000000001	 0.516815625
12.675	 0.517430625
12.684999999999999	 0.517993125
12.694999999999999	 0.5186034375000002
12.704999999999998	 0.51916125
12.715	 0.5196571875000001
12.725	 0.52024375
12.735	 0.5208875000000001
12.745	 0.521469375
12.754999999999999	 0.5219940625
12.764999999999999	 0.522580625
12.775	 0.5232053124999999
12.785	 0.5237728125
12.795000000000002	 0.5243690624999999
12.805	 0.5249556249999999
12.815	 0.5255328124999998
12.825000000000001	 0.526119375
12.835	 0.52664375
12.845	 0.527320625
12.855	 0.5279834375
12.865	 0.5285175
12.875	 0.5291515625000001
12.885	 0.5297381250000001
12.894999999999998	 0.5303865625
12.905000000000001	 0.5309253125000001
12.915000000000001	 0.5315546875000001
12.925	 0.532126875
12.934999999999999	 0.5327609375
12.944999999999999	 0.5334
12.954999999999998	 0.5340628125
12.964999999999998	 0.5345634375
12.975	 0.5351453125000001
12.985	 0.5357081250000001
12.995	 0.5363853125000001
13.004999999999999	 0.5370006250000001
13.014999999999999	 0.53763
13.025	 0.5382640625000001
13.035	 0.5389078125000001
13.045	 0.539518125
13.055000000000001	 0.540133125
13.065000000000001	 0.5407243750000001
13.075000000000001	 0.5414396875
13.085	 0.5420215625
13.095	 0.5426746875
13.105	 0.54325625
13.115	 0.543909375
13.124999999999998	 0.5445434375
13.135	 0.545168125
13.145	 0.5457212499999999
13.155	 0.5463840624999999
13.165000000000001	 0.5469134375
13.175	 0.54752375
13.184999999999999	 0.5481624999999999
13.194999999999999	 0.5487587499999999
13.204999999999998	 0.5494024999999999
13.214999999999998	 0.5499890624999999
13.225	 0.5506184374999998
13.235	 0.5512765624999999
13.245	 0.5519012499999998
13.254999999999999	 0.5525640624999999
13.264999999999999	 0.5531696875
13.275	 0.5538134375
13.285	 0.55447625
13.295	 0.5551246875
13.305000000000001	 0.5557396875
13.315000000000001	 0.556311875
13.325000000000001	 0.556874375
13.335	 0.5575037500000001
13.345	 0.5581190625000001
13.355	 0.5588771875000001
13.365	 0.5595115625000002
13.374999999999998	 0.5601840625000002
13.385	 0.5607943750000002
13.395	 0.5613950000000002
13.405	 0.5620959375000001
13.415000000000001	 0.5627350000000001
13.425	 0.5633740625000001
13.434999999999999	 0.5640321875000002
13.444999999999999	 0.5646665625000001
13.454999999999998	 0.5653531250000001
13.464999999999998	 0.5660634375000001
13.475	 0.566755
13.485	 0.5673843749999999
13.495	 0.5680425
13.504999999999999	 0.5687196875
13.514999999999999	 0.569468125
13.525	 0.570164375
13.535	 0.5708987499999999
13.545	 0.5716140624999999
13.555	 0.5723006249999998
13.565000000000001	 0.5730112499999999
13.575000000000001	 0.5737646875
13.585	 0.574489375
13.595	 0.575438125
13.605	 0.5762059374999999
13.615	 0.5770212499999999
13.624999999999998	 0.5778746874999999
13.635	 0.5787378125
13.645000000000001	 0.5796487499999999
13.654999999999998	 0.5804831249999999
13.665000000000001	 0.5813603124999999
13.675	 0.582151875
13.684999999999999	 0.5830625
13.695	 0.58395875
13.704999999999998	 0.58488375
13.714999999999998	 0.5857946875000001
13.724999999999998	 0.5867196875
13.735	 0.587701875
13.744999999999997	 0.5886984375000001
13.754999999999999	 0.5897665625000001
13.765	 0.5908440625000002
13.775	 0.5919884375000002
13.785	 0.5931662500000002
13.795	 0.5944012500000001
13.805	 0.5956743750000001
13.815000000000001	 0.5970525000000001
13.825000000000001	 0.5983590625000001
13.835	 0.5997659375000001
13.845	 0.6012012500000001
13.855	 0.6026840625000002
13.865	 0.6042625000000001
13.874999999999998	 0.6059075
13.885	 0.6076715625000001
13.895000000000001	 0.6093787500000001
13.904999999999998	 0.61118125
13.915000000000001	 0.61288375
13.925	 0.6147193749999998
13.934999999999999	 0.6165553125000001
13.945	 0.6183865624999999
13.954999999999998	 0.6203271874999999
13.964999999999998	 0.6222009374999998
13.974999999999998	 0.624165625
13.985	 0.6260871875
13.994999999999997	 0.62809
14.004999999999999	 0.6300928125
14.015	 0.6321625
14.025	 0.6343084375
14.035	 0.6365875
14.045	 0.6388953125
14.055	 0.6412509375
14.065000000000001	 0.6437543750000001
14.075000000000001	 0.6462718750000002
14.085	 0.6489137500000002
14.095	 0.6516700000000002
14.105	 0.6545643750000002
14.115	 0.6576493750000002
14.124999999999998	 0.6609587500000002
14.135	 0.6643775000000003
14.145000000000001	 0.6680681250000002
14.154999999999998	 0.6719925000000002
14.165000000000001	 0.6762171875000001
14.175	 0.68069
14.184999999999999	 0.6854296875000001
14.195	 0.6905462500000001
14.204999999999998	 0.6959871875000001
14.214999999999998	 0.7020428125000001
14.224999999999998	 0.7083893750000001
14.235	 0.7153653125000002
14.244999999999997	 0.7230328125
14.254999999999999	 0.7313250000000001
14.265	 0.7403228124999999
14.275	 0.7501503125
14.285	 0.7608459375000001
14.295	 0.7724856249999998
14.305	 0.785226875
14.315	 0.799069375
14.325000000000001	 0.8141324999999999
14.335000000000003	 0.8304878124999999
14.345	 0.8480640624999998
14.355	 0.8669896874999998
14.365	 0.8872553125
14.375	 0.9090468750000001
14.385	 0.93211625
14.395000000000001	 0.9565684375000001
14.405000000000001	 0.9823128124999999
14.414999999999997	 1.0094159374999998
14.425	 1.037630625
14.434999999999999	 1.066918125
14.445	 1.0971878124999999
14.455	 1.128215625
14.464999999999998	 1.1598825
14.474999999999998	 1.1919878125
14.485	 1.2243125000000001
14.494999999999997	 1.2567896875000002
14.504999999999999	 1.2892528125000002
14.515	 1.3214868750000002
14.525	 1.3532965625000002
14.535	 1.384453125
14.545	 1.4149278125
14.555	 1.44450125
14.565	 1.4729925000000001
14.575000000000001	 1.5003628125000001
14.585000000000003	 1.5264125000000002
14.595	 1.5509412500000002
14.605	 1.5738768750000003
14.615	 1.5951675
14.625	 1.6145271875
14.635	 1.6320271875
14.645000000000001	 1.6474434375000002
14.655000000000001	 1.6608284375000002
14.664999999999997	 1.6721150000000002
14.675	 1.68125125
14.684999999999999	 1.6881796875000001
14.695	 1.69288125
14.705	 1.695365625
14.714999999999998	 1.69576625
14.724999999999998	 1.6940162499999998
14.735	 1.6902015624999998
14.744999999999997	 1.6843603124999997
14.754999999999999	 1.6766974999999995
14.765	 1.6672321874999998
14.775	 1.6562412499999997
14.785	 1.6438243749999994
14.795	 1.6301821874999993
14.805	 1.6154384374999995
14.815	 1.5998078124999997
14.825000000000001	 1.5833568749999996
14.835000000000003	 1.5663387499999997
14.845	 1.5489293749999997
14.855	 1.5312340625
14.865	 1.5134481250000003
14.875	 1.4956384375000003
14.885	 1.477885625
14.895000000000001	 1.4604478125
14.905000000000001	 1.443215
14.914999999999997	 1.4264112500000001
14.925	 1.4101275000000002
14.934999999999999	 1.3943634375000005
14.945	 1.3792381250000003
14.955	 1.3647803125000002
14.964999999999998	 1.351033125
14.974999999999998	 1.3380440625000003
14.985	 1.3258084375
14.994999999999997	 1.3144121875
15.004999999999999	 1.303864375
15.015	 1.2941749999999999
15.025	 1.2854296874999998
15.035	 1.2776668749999998
15.045	 1.2708765624999998
15.055	 1.2650403124999998
15.065	 1.2603815624999999
15.075000000000001	 1.2567621875
15.085000000000003	 1.2542253124999998
15.095	 1.2529043749999997
15.105	 1.252670625
15.115	 1.2535909374999998
15.125	 1.255708125
15.135	 1.259003125
15.145000000000001	 1.2633565625000003
15.155000000000001	 1.2688734375000004
15.165	 1.2752775
15.174999999999999	 1.28265875
15.184999999999999	 1.2909890625
15.195	 1.3000678125
15.205	 1.3099240625000002
15.215	 1.3203571875
15.224999999999998	 1.3314196874999997
15.234999999999998	 1.3429590624999999
15.244999999999997	 1.354836875
15.254999999999999	 1.3669771874999999
15.264999999999999	 1.3792318749999999
15.275	 1.391534375
15.285	 1.4037556249999998
15.295	 1.4157956250000003
15.305	 1.4276640625000003
15.315	 1.4391700000000003
15.325000000000001	 1.4502946875000002
15.335000000000003	 1.4609234375000004
15.345000000000002	 1.4710371875000006
15.355	 1.4805406250000004
15.365	 1.4893909375
15.375	 1.4975493750000002
15.385	 1.5049115625000002
15.395000000000001	 1.5115253124999999
15.405000000000001	 1.5173428125
15.415	 1.5223115624999999
15.424999999999999	 1.5264221875
15.434999999999999	 1.5297171875
15.445	 1.5321778124999998
15.455	 1.5337990624999995
15.465	 1.5347003124999998
15.474999999999998	 1.5347146874999995
15.484999999999998	 1.5340471875
15.494999999999997	 1.5327359375
15.504999999999999	 1.5308046874999999
15.514999999999999	 1.5283825
15.525	 1.5253975000000002
15.535	 1.5219453125
15.545	 1.5182690625000002
15.555	 1.51426375
15.565	 1.5099390625000002
15.575000000000001	 1.505451875
15.585000000000003	 1.5008218750000002
15.595000000000002	 1.4961346875000001
15.605	 1.4913471874999997
15.615	 1.4866409374999998
15.625	 1.4819346875
15.635	 1.4772759374999997
15.645000000000001	 1.472703125
15.655000000000001	 1.4681921875000001
15.665	 1.4637718750000002
15.674999999999999	 1.4594803125
15.684999999999999	 1.4552362499999998
15.695	 1.4511593749999998
15.705	 1.4471731249999995
15.715	 1.4432537499999998
15.724999999999998	 1.4394009374999996
15.734999999999998	 1.435543125
15.744999999999997	 1.4317521874999999
15.754999999999999	 1.4279371875
15.764999999999999	 1.424065
15.775	 1.4200978125
15.785	 1.4160828125
15.795	 1.4119390625000003
15.805	 1.4077190625000002
15.815	 1.40338
15.825000000000001	 1.3988356250000002
15.835000000000003	 1.3941053125
15.845000000000002	 1.3892703125
15.855	 1.384291875
15.865	 1.3790465625000001
15.875	 1.3736771875
15.885	 1.3682078125000001
15.895000000000003	 1.362666875
15.905000000000003	 1.3569303124999998
15.915	 1.3511318749999999
15.924999999999999	 1.3452956249999999
15.934999999999999	 1.3393540625
15.945	 1.33334125
15.955000000000002	 1.3273284375000003
15.965	 1.321325
15.974999999999998	 1.3153503125000003
15.985	 1.3094090625000003
15.994999999999997	 1.3034246875000004
16.005	 1.2975406250000003
16.015	 1.2917234375000002
16.025	 1.2858584375000002
16.035	 1.2800553125
16.045	 1.2743284375
16.055	 1.2686731249999998
16.064999999999998	 1.2630415624999998
16.075	 1.2574437499999995
16.085	 1.2519031249999997
16.095	 1.2464909374999997
16.105	 1.2410503125
16.115	 1.2357478125
16.125	 1.2304978125000003
16.134999999999998	 1.22533375
16.145	 1.2202984375000003
16.154999999999998	 1.2153871875
16.165	 1.2105328125
16.175	 1.2058456249999998
16.185	 1.2012631249999999
16.195	 1.1969190625000001
16.205	 1.1927371875000001
16.215	 1.18853625
16.225	 1.1846406250000001
16.235	 1.1808021875
16.244999999999997	 1.1771353125
16.254999999999995	 1.1735637499999998
16.265	 1.1701971874999997
16.275	 1.1670024999999997
16.285	 1.1639412499999997
16.295	 1.1610609375
16.305	 1.158256875
16.314999999999998	 1.1556534374999998
16.325	 1.1531546874999998
16.335	 1.1506987499999999
16.345	 1.148466875
16.355	 1.14634
16.365	 1.1443134375
16.375	 1.1424015625
16.384999999999998	 1.14065625
16.395	 1.1389587499999996
16.404999999999998	 1.1373468749999998
16.415	 1.1358306249999996
16.425	 1.1344237499999996
16.435	 1.1331365625
16.445	 1.1319871875
16.455	 1.1308475
16.465	 1.129808125
16.475	 1.1288065624999999
16.485	 1.1279103125
16.494999999999997	 1.1270471875
16.504999999999995	 1.1262365625
16.515	 1.12542125
16.525	 1.124663125
16.535	 1.1239671875
16.545	 1.1232853125
16.555	 1.1227796875
16.565	 1.1223218750000001
16.575	 1.1219740625
16.585	 1.1216975
16.595	 1.121373125
16.605	 1.1211109375000001
16.615	 1.1208915625000002
16.625	 1.1207009375000003
16.634999999999998	 1.1205150000000001
16.644999999999996	 1.1204103125000002
16.654999999999998	 1.1203721875000001
16.665	 1.120405625
16.675	 1.120405625
16.685000000000002	 1.120458125
16.695	 1.12054375
16.705	 1.1206631249999999
16.715	 1.120825
16.725	 1.1210731250000001
16.735	 1.1213306250000001
16.744999999999997	 1.1216312500000003
16.754999999999995	 1.1219409375000002
16.764999999999997	 1.1222509375000003
16.775	 1.1227325000000001
16.785	 1.1231712500000002
16.795	 1.1237818750000002
16.805	 1.1243587500000003
16.815	 1.1250262500000001
16.825	 1.125736875
16.835	 1.1265284375000002
16.845	 1.1275440625
16.855	 1.1285690625
16.865	 1.1296656250000001
16.875	 1.1307384375
16.884999999999998	 1.1319590625000002
16.894999999999996	 1.1331940625
16.904999999999998	 1.1344625
16.915	 1.1359693749999997
16.925	 1.1375524999999997
16.935000000000002	 1.1392309374999998
16.945	 1.14107625
16.955	 1.1430837499999997
16.965	 1.1452103124999997
16.975	 1.1475181249999997
16.985	 1.1499118749999997
16.994999999999997	 1.152615625
17.004999999999995	 1.1554625
17.014999999999997	 1.1585
17.025	 1.1618187500000001
17.035	 1.165385625
17.045	 1.1692384375
17.055	 1.173434375
17.065	 1.1779690625
17.075	 1.1829043750000001
17.085	 1.1882975
17.095	 1.1940575
17.105	 1.2003468750000001
17.115	 1.2070699999999996
17.125	 1.2143893749999997
17.134999999999998	 1.2221571874999997
17.144999999999996	 1.2305303124999998
17.154999999999994	 1.2394234375
17.165	 1.2487074999999999
17.175	 1.2587212499999998
17.185000000000002	 1.2692737499999998
17.195000000000004	 1.2803746875
17.205	 1.2920284375
17.215	 1.3040684374999998
17.224999999999998	 1.3165900000000001
17.235	 1.3293834375000002
17.245	 1.3425296875000001
17.254999999999995	 1.3560100000000002
17.264999999999997	 1.3697046875
17.274999999999995	 1.3835709375000003
17.285	 1.397656875
17.295	 1.4117475000000002
17.305000000000003	 1.4259334375
17.315	 1.4400765624999998
17.325000000000003	 1.4542003125
17.335	 1.4683434375000002
17.345	 1.4823909375
17.355	 1.4963193750000003
17.365	 1.5100284375
17.375	 1.5235325
17.384999999999998	 1.5368028125000002
17.394999999999996	 1.5497537499999998
17.404999999999994	 1.56236125
17.415	 1.5746065624999999
17.425	 1.5864559374999998
17.435000000000002	 1.5979096874999996
17.445000000000004	 1.6088246874999996
17.455	 1.6193009374999996
17.465	 1.6292049999999996
17.474999999999998	 1.6385462499999996
17.485	 1.6473534374999999
17.495	 1.6554787499999997
17.504999999999995	 1.6630174999999996
17.514999999999997	 1.6698934374999996
17.524999999999995	 1.6761068749999997
17.535	 1.6817240624999996
17.545	 1.6867596874999997
17.555000000000003	 1.6911753125
17.565	 1.6950234375
17.575000000000003	 1.6982040625
17.585	 1.7008603125
17.595	 1.7029296875
17.605	 1.7044028125000001
17.615	 1.7053709375000001
17.625	 1.7057906250000001
17.634999999999998	 1.705685625
17.644999999999996	 1.705123125
17.654999999999994	 1.7039643750000002
17.665	 1.7022765625000003
17.675	 1.7001021875000004
17.685000000000002	 1.6975081250000004
17.695000000000004	 1.6943181250000001
17.705000000000002	 1.6907084375
17.715	 1.6866028125
17.724999999999998	 1.6820253125
17.735	 1.676951875
17.745	 1.6714681249999999
17.754999999999995	 1.6654693749999998
17.764999999999997	 1.6591703125
17.774999999999995	 1.65240875
17.784999999999997	 1.645318125
17.795	 1.6378556249999998
17.805000000000003	 1.6301640624999998
17.815000000000005	 1.6221865624999996
17.825000000000003	 1.6140468749999997
17.835	 1.6057165624999998
17.845	 1.59722875
17.855	 1.5887696875
17.865	 1.58024375
17.875	 1.5717415625000002
17.884999999999998	 1.5633015625
17.894999999999996	 1.5549853125000002
17.904999999999994	 1.5468693750000002
17.914999999999996	 1.5389921875
17.925	 1.5313771875000002
17.935000000000002	 1.5241531249999998
17.945000000000004	 1.5173487500000002
17.955000000000002	 1.5109018749999998
17.965	 1.5049365625
17.974999999999998	 1.4994434374999999
17.985	 1.4945843749999996
17.995	 1.490235625
18.004999999999995	 1.4864924999999998
18.014999999999997	 1.4833884374999997
18.024999999999995	 1.4809421875
18.034999999999997	 1.4791637499999999
18.045	 1.47812875
18.055000000000003	 1.477751875
18.065000000000005	 1.4780715625
18.075000000000003	 1.4790350000000003
18.085	 1.480665625
18.095	 1.4830068750000003
18.105	 1.4860393750000003
18.115	 1.4896250000000002
18.125	 1.4937734375
18.134999999999998	 1.498436875
18.144999999999996	 1.5037774999999998
18.154999999999994	 1.5092896875
18.164999999999996	 1.5151928125
18.175	 1.5213390625
18.185000000000002	 1.5278049999999996
18.195000000000004	 1.5344759374999999
18.205000000000002	 1.5413424999999998
18.215	 1.5483234374999997
18.224999999999998	 1.5553806249999997
18.235	 1.5624568749999996
18.245	 1.569533125
18.254999999999995	 1.576428125
18.264999999999997	 1.5831846875
18.274999999999995	 1.5897649999999999
18.284999999999997	 1.5960878125
18.295	 1.6021865625
18.305000000000003	 1.6080421874999997
18.315000000000005	 1.6135065625
18.325000000000006	 1.61858
18.335000000000004	 1.6233671875
18.345000000000002	 1.6277590625
18.355	 1.6317690624999999
18.365	 1.6353359374999996
18.375	 1.6385690625
18.384999999999998	 1.6413774999999997
18.394999999999996	 1.6438521874999998
18.404999999999994	 1.6458787499999996
18.414999999999996	 1.6475906249999996
18.424999999999997	 1.6489353124999997
18.435000000000002	 1.6500131249999999
18.445000000000004	 1.65087625
18.455000000000002	 1.6514293750000002
18.465000000000003	 1.651505625
18.475	 1.6516678125000002
18.485	 1.6516537500000004
18.495	 1.6515440625000002
18.505	 1.6512675
18.514999999999997	 1.6509862500000003
18.524999999999995	 1.6506046875000002
18.534999999999997	 1.6502662500000003
18.544999999999998	 1.6499181250000001
18.555000000000003	 1.6495890625
18.565000000000005	 1.64926
18.575000000000006	 1.6490359374999999
18.585000000000004	 1.649021875
18.595000000000002	 1.6490265625
18.605	 1.649145625
18.615	 1.6494412499999997
18.625	 1.6496940625
18.634999999999998	 1.6501759375
18.644999999999996	 1.6508006249999998
18.654999999999994	 1.6514634375000001
18.664999999999996	 1.6521928125
18.674999999999997	 1.653036875
18.685000000000002	 1.653990625
18.695000000000004	 1.6549490625
18.705000000000002	 1.6559934375
18.715000000000003	 1.6570853125
18.725	 1.6583393749999997
18.735	 1.65943125
18.745	 1.6605759374999998
18.755	 1.661725
18.764999999999997	 1.6627359375
18.774999999999995	 1.6638134375
18.784999999999997	 1.66489125
18.794999999999998	 1.6658496875
18.805000000000003	 1.6669225
18.815000000000005	 1.66792875
18.825000000000006	 1.6689299999999998
18.835000000000004	 1.6698931249999998
18.845000000000002	 1.6708515624999998
18.855	 1.6717431249999999
18.865	 1.6727540625
18.875	 1.6736171875
18.884999999999998	 1.6745090625
18.894999999999996	 1.675371875
18.904999999999994	 1.6761775
18.914999999999996	 1.6770406249999998
18.924999999999997	 1.6779609375
18.935000000000002	 1.6788190625
18.945000000000004	 1.6797393750000003
18.955000000000002	 1.6807596875
18.965000000000003	 1.6817753124999997
18.975	 1.6828768749999998
18.985	 1.6841071874999998
18.995	 1.6853803124999995
19.005	 1.6867774999999996
19.014999999999997	 1.6881696874999998
19.024999999999995	 1.6896574999999998
19.034999999999997	 1.6911834374999999
19.044999999999998	 1.692709375
19.055	 1.69442125
19.065000000000005	 1.6959803125
19.075000000000006	 1.6976206249999999
19.085000000000004	 1.69936125
19.095000000000002	 1.7012831250000002
19.105	 1.7032046875000002
19.115	 1.705345625
19.125	 1.7073721875
19.134999999999998	 1.7095943750000002
19.144999999999996	 1.7118784375000002
19.154999999999994	 1.714253125
19.164999999999996	 1.7167040624999998
19.174999999999997	 1.7192553124999999
19.185	 1.7217443749999999
19.195000000000004	 1.7244575
19.205000000000002	 1.7272184375
19.215000000000003	 1.7300987500000002
19.225000000000005	 1.73293125
19.235	 1.7359784374999998
19.245	 1.7389634374999998
19.255	 1.7421153125
19.264999999999997	 1.7452481249999998
19.274999999999995	 1.7484571875000001
19.284999999999997	 1.7516853124999998
19.294999999999998	 1.7550375000000003
19.305	 1.7582800000000003
19.315000000000005	 1.7615796875
19.325000000000006	 1.7647981250000004
19.335000000000004	 1.7681503125000004
19.345000000000002	 1.771488125
19.355	 1.7748881250000001
19.365	 1.77825
19.375	 1.781654375
19.384999999999998	 1.7851781249999998
19.394999999999996	 1.788745
19.404999999999994	 1.7921874999999998
19.414999999999996	 1.7955490625
19.424999999999997	 1.7989918749999998
19.435	 1.8024393749999998
19.445000000000004	 1.8059868749999997
19.455000000000002	 1.809358125
19.465000000000003	 1.8127149999999996
19.475000000000005	 1.8160434374999994
19.485	 1.8193384374999995
19.495	 1.8226140624999994
19.505	 1.8258662499999996
19.514999999999997	 1.8290562499999994
19.524999999999995	 1.8322606249999995
19.534999999999997	 1.8354171874999996
19.544999999999998	 1.8386071874999999
19.555	 1.8417256249999998
19.565000000000005	 1.8448203124999998
19.575000000000006	 1.8478628124999998
19.585000000000004	 1.8509381249999999
19.595000000000002	 1.85396125
19.605	 1.8569796875
19.615	 1.8599121875
19.625	 1.8628828124999999
19.634999999999998	 1.8658203125
19.644999999999996	 1.8687290625000001
19.654999999999994	 1.87156625
19.664999999999996	 1.8743890625000004
19.674999999999997	 1.87722625
19.685	 1.88003
19.695000000000004	 1.8828959375
19.705000000000002	 1.8857428125000002
19.715000000000003	 1.888541875
19.725000000000005	 1.8914125000000002
19.735000000000003	 1.8942784375000001
19.745	 1.8970678124999998
19.755	 1.89978125
19.764999999999997	 1.902418125
19.774999999999995	 1.9051884375
19.784999999999997	 1.9079590625
19.794999999999998	 1.9106721875000001
19.805	 1.9133806249999998
19.815	 1.9160796875
19.825000000000003	 1.9187309375000001
19.835000000000004	 1.9213584375
19.845000000000006	 1.9240093749999998
19.855000000000004	 1.926675
19.865000000000002	 1.9292834375
19.875	 1.9318724999999999
19.884999999999998	 1.9344809374999998
19.894999999999996	 1.9370699999999998
19.904999999999994	 1.9396356249999998
19.914999999999996	 1.9422009375
19.924999999999997	 1.9447665624999997
19.935	 1.9473368749999997
19.945	 1.9498737499999999
19.955000000000002	 1.9524246874999998
19.965000000000003	 1.9549806249999997
19.975000000000005	 1.9575556249999997
19.985000000000003	 1.9601065624999998
19.994999999999997	 1.9626096874999999
20.005	 1.9651178125
20.014999999999997	 1.967506875
20.024999999999995	 1.9699290624999999
20.034999999999997	 1.972365625
20.044999999999998	 1.9748165624999998
20.055	 1.9772674999999997
20.065	 1.9796853125
20.075000000000003	 1.9821121875
20.085000000000004	 1.9845490625
20.095000000000006	 1.9870046874999998
20.105000000000004	 1.989321875
20.115000000000002	 1.99173
20.125	 1.9941093749999999
20.134999999999998	 1.9965031249999998
20.144999999999996	 1.9989540624999997
20.154999999999994	 2.0013859375
20.164999999999996	 2.0038275
20.174999999999997	 2.0062403124999997
20.185	 2.008676875
20.195	 2.011070625
20.205000000000002	 2.0134978125
20.215000000000003	 2.0159203125
20.225000000000005	 2.0183140625
20.235000000000003	 2.0207509375
20.244999999999997	 2.0231828125
20.255	 2.0255384375
20.264999999999997	 2.0279321875
20.274999999999995	 2.030306875
20.284999999999997	 2.0326434375
20.294999999999998	 2.0350275
20.305	 2.0373593750000003
20.315	 2.039681875
20.325000000000003	 2.04206125
20.335000000000004	 2.0444834375
20.345000000000006	 2.0468628125
20.355000000000004	 2.049246875
20.365000000000002	 2.0515740625000003
20.375	 2.0539009375
20.384999999999998	 2.0562087499999997
20.394999999999996	 2.0585309375
20.404999999999994	 2.0608243749999997
20.414999999999996	 2.0631512499999998
20.424999999999997	 2.065506875
20.435	 2.06781
20.445	 2.0700940625
20.455000000000002	 2.072430625
20.465000000000003	 2.07467625
20.475000000000005	 2.0770128125
20.485000000000003	 2.079244375
20.494999999999997	 2.0815331250000004
20.505	 2.0838125
20.514999999999997	 2.0860490625
20.524999999999995	 2.0883378125
20.534999999999997	 2.0906121875
20.544999999999998	 2.0929103125000004
20.555	 2.095089375
20.565	 2.0972540625
20.575000000000003	 2.0995140625000004
20.585000000000004	 2.1017503125000006
20.595000000000006	 2.1040631250000006
20.605000000000004	 2.1063231250000003
20.615000000000002	 2.10855
20.625	 2.1107815625
20.634999999999998	 2.11305125
20.644999999999996	 2.115254375
20.654999999999994	 2.1174909375
20.664999999999996	 2.11969875
20.674999999999997	 2.1218828124999995
20.685	 2.1241046875
20.695	 2.1263125
20.705	 2.1285821875
20.715000000000003	 2.1308378125000003
20.725000000000005	 2.1331265624999998
20.735000000000003	 2.1352818749999996
20.745	 2.1376090624999997
20.755	 2.13987875
20.764999999999997	 2.1421581250000004
20.774999999999995	 2.144385
20.784999999999997	 2.1466025
20.794999999999998	 2.148829375
20.805	 2.1510609375
20.815	 2.1532925
20.825000000000003	 2.1554809375
20.835000000000004	 2.1577315625
20.845000000000006	 2.1599487500000003
20.855000000000004	 2.1621040625
20.865000000000002	 2.164335625
20.875	 2.1666053124999998
20.884999999999998	 2.168875
20.894999999999996	 2.1710874999999996
20.904999999999994	 2.1732999999999993
20.914999999999996	 2.1754312499999995
20.924999999999997	 2.1776056249999995
20.935	 2.1798181249999997
20.945	 2.1820212499999996
20.955	 2.1842096874999997
20.965000000000003	 2.1864125000000003
20.975000000000005	 2.1886153125000005
20.985000000000003	 2.190846875
20.995	 2.1930690624999998
21.005	 2.19529125
21.014999999999997	 2.1975228125
21.024999999999995	 2.199730625
21.034999999999997	 2.2019384375
21.044999999999998	 2.204131875
21.055	 2.2063159375
21.065	 2.2084090625000004
21.075000000000003	 2.2105740625000005
21.085000000000004	 2.2127675000000004
21.095000000000006	 2.21489875
21.105000000000004	 2.217096875
21.115000000000002	 2.2192615625000003
21.125	 2.2214265625000005
21.134999999999998	 2.2235915625000002
21.144999999999996	 2.2258090625
21.154999999999994	 2.227964375
21.164999999999996	 2.23013875
21.174999999999997	 2.232365625
21.185	 2.2345018750000003
21.195	 2.2366809375
21.205	 2.238826875
21.215000000000003	 2.24100125
21.225000000000005	 2.2431565625
21.235000000000003	 2.24532625
21.245	 2.2475056249999996
21.255	 2.2496990625
21.264999999999997	 2.251925625
21.274999999999995	 2.2541
21.284999999999997	 2.256350625
21.294999999999998	 2.2585203124999995
21.305	 2.2606709374999996
21.315	 2.2628834374999998
21.325000000000003	 2.2650528125
21.335000000000004	 2.2672415625
21.345000000000006	 2.2694159375000003
21.355000000000004	 2.271551875
21.365000000000002	 2.2736787499999997
21.375000000000004	 2.2758628124999998
21.384999999999998	 2.2780609374999994
21.394999999999996	 2.2803353124999997
21.404999999999994	 2.2824762499999998
21.414999999999996	 2.2847078125
21.424999999999997	 2.286939375
21.435	 2.2891281250000004
21.445	 2.2912975
21.455	 2.29342875
21.465	 2.2955459375
21.475	 2.2977537499999996
21.485000000000003	 2.2998806249999992
21.495	 2.302016874999999
21.505	 2.304205625
21.514999999999997	 2.3064325
21.524999999999995	 2.308630625
21.534999999999997	 2.3107909375
21.544999999999998	 2.31295125
21.555	 2.3151303125000005
21.565	 2.3173046875
21.575000000000003	 2.3194650000000006
21.585	 2.3216109375
21.595000000000002	 2.323785625
21.605000000000004	 2.3259075000000005
21.615000000000006	 2.3280246875
21.625000000000004	 2.3302371875
21.634999999999998	 2.3323734375
21.644999999999996	 2.3345240625
21.654999999999994	 2.3366171875
21.664999999999996	 2.3388199999999997
21.674999999999997	 2.341051875
21.685	 2.3432546875
21.694999999999997	 2.3455053125000003
21.705	 2.347665625
21.715	 2.3497446875
21.725	 2.3519428125
21.735000000000003	 2.3540840625
21.745	 2.356215625
21.755	 2.3583518750000003
21.764999999999997	 2.3605549999999997
21.774999999999995	 2.3627628124999998
21.784999999999997	 2.3649846875
21.794999999999998	 2.3671731249999994
21.805	 2.3693903124999998
21.815	 2.3716074999999996
21.825000000000003	 2.3737484374999998
21.835	 2.3759037500000004
21.845000000000002	 2.3780303125000004
21.855000000000004	 2.38022375
21.865000000000006	 2.3824503124999996
21.875000000000004	 2.3846106249999997
21.884999999999998	 2.3867849999999997
21.894999999999996	 2.3889831249999993
21.904999999999994	 2.3911384375
21.914999999999996	 2.3932984375000004
21.924999999999997	 2.3954681250000003
21.935	 2.3976518750000007
21.944999999999997	 2.3998118750000006
21.955	 2.4019909375000004
21.965	 2.4041843750000003
21.975	 2.4063825
21.985000000000003	 2.40852375
21.995	 2.41068375
22.005	 2.4128965625000003
22.014999999999997	 2.414985
22.024999999999995	 2.4171878125000004
22.034999999999997	 2.4194146874999998
22.044999999999998	 2.4216940624999994
22.055	 2.4238778125
22.065	 2.4261046874999996
22.075000000000003	 2.4283456249999995
22.085	 2.4305534374999995
22.095000000000002	 2.4327325
22.105000000000004	 2.4349690625000004
22.115000000000006	 2.4371053125
22.125000000000004	 2.4393034375000004
22.134999999999998	 2.4414778125000005
22.144999999999996	 2.44367625
22.154999999999994	 2.4457934375
22.164999999999996	 2.4479584375
22.174999999999997	 2.45010875
22.185	 2.4522500000000003
22.194999999999997	 2.4544671874999997
22.205	 2.4566606249999996
22.215	 2.4588112499999997
22.225	 2.4610140624999994
22.235000000000003	 2.463221875
22.245	 2.4654534375
22.255	 2.4676709375000003
22.264999999999997	 2.4698596874999996
22.274999999999995	 2.4720625
22.284999999999997	 2.4742465625
22.294999999999998	 2.4764306250000003
22.305	 2.4786478124999998
22.315	 2.4808031249999996
22.325000000000003	 2.4829534374999995
22.335	 2.4851374999999996
22.345000000000002	 2.4872737499999995
22.355000000000004	 2.489404999999999
22.365000000000006	 2.4914743749999997
22.375000000000004	 2.4936724999999997
22.385	 2.4958371875
22.395	 2.4979640625
22.404999999999994	 2.5001431249999997
22.414999999999996	 2.502331875
22.424999999999997	 2.5044681250000003
22.435	 2.50667125
22.444999999999997	 2.508821875
22.455	 2.511025
22.465	 2.5132375000000002
22.474999999999998	 2.5154643750000005
22.485000000000003	 2.5177196875000005
22.495	 2.519994375000001
22.505	 2.522264062500001
22.515	 2.5244337500000014
22.524999999999995	 2.526727187500001
22.534999999999997	 2.5289206250000014
22.544999999999998	 2.5311140625000004
22.555	 2.5333596875000004
22.565	 2.5355340625000005
22.575000000000003	 2.5377656249999996
22.585	 2.5399687499999994
22.595000000000002	 2.5421862499999994
22.605000000000004	 2.5443940624999994
22.615000000000006	 2.5466637499999996
22.625000000000004	 2.5488237499999995
22.635	 2.551102812499999
22.645	 2.5533153124999997
22.654999999999994	 2.5555799999999995
22.664999999999996	 2.5578212499999995
22.674999999999997	 2.5600434374999996
22.685	 2.5622940625
22.694999999999997	 2.564630625
22.705	 2.5668621875
22.715	 2.569079375
22.724999999999998	 2.5712825
22.735000000000003	 2.573485625
22.745	 2.5756981249999997
22.755	 2.5779678124999994
22.765	 2.5802281249999997
22.774999999999995	 2.5824118749999996
22.784999999999997	 2.5846434375
22.794999999999998	 2.5868462499999993
22.805	 2.5890778125
22.815	 2.591285625
22.825000000000003	 2.5934790625
22.835	 2.5957631250000004
22.845000000000002	 2.597947187500001
22.855000000000004	 2.600212187500001
22.865000000000006	 2.6025059375000006
22.875000000000004	 2.604756875000001
22.885	 2.6069981250000005
22.895	 2.6091865625000006
22.904999999999994	 2.6114706250000004
22.914999999999996	 2.6137306250000005
22.924999999999997	 2.6160096875000005
22.935	 2.6182509375
22.944999999999997	 2.6205540625
22.955	 2.6227428125
22.965	 2.6249459374999997
22.974999999999998	 2.6271968749999997
22.985000000000003	 2.6294521874999996
22.995	 2.6317124999999995
23.005	 2.6339059375
23.015	 2.6360087499999993
23.024999999999995	 2.6382596874999993
23.034999999999997	 2.640486562499999
23.044999999999998	 2.6427371874999994
23.055	 2.6449687499999994
23.065	 2.6472193749999997
23.075000000000003	 2.6494462499999996
23.085	 2.6516778125
23.095000000000002	 2.6539334375000005
23.105000000000004	 2.6561696875000003
23.115000000000006	 2.6584728125000003
23.125000000000004	 2.6607331250000006
23.135	 2.6629596875000003
23.145	 2.6651675000000004
23.154999999999994	 2.6673940625
23.164999999999996	 2.6696256250000006
23.174999999999997	 2.6718140625
23.185	 2.6740409375
23.194999999999997	 2.6762628125
23.205	 2.6785371875000004
23.215	 2.6807690625000005
23.224999999999998	 2.6829862500000004
23.235000000000003	 2.685241875
23.245	 2.6874925000000003
23.255	 2.6897812500000002
23.265	 2.6920368750000003
23.274999999999995	 2.6943209375
23.284999999999997	 2.6966334374999996
23.294999999999998	 2.698879062499999
23.305	 2.701144062499999
23.315	 2.7034281249999994
23.325000000000003	 2.7057693749999996
23.335	 2.7081156249999996
23.345000000000002	 2.71051875
23.355	 2.7128553125
23.365000000000002	 2.7151918749999995
23.375000000000004	 2.7175475000000002
23.385	 2.7198934375
23.395	 2.7222109375000003
23.404999999999998	 2.7245950000000003
23.414999999999996	 2.726998125
23.424999999999997	 2.729344375
23.435	 2.7317050000000003
23.444999999999997	 2.734075
23.455	 2.7364259375
23.465	 2.7388768750000008
23.474999999999998	 2.7412706250000007
23.485	 2.7437215625
23.495	 2.746225
23.505	 2.7486806250000004
23.515	 2.7510887500000005
23.525	 2.7535159375000005
23.534999999999997	 2.7559809375
23.544999999999998	 2.7584462500000004
23.555	 2.7608446875
23.565	 2.7633146875
23.575000000000003	 2.7657321875
23.585	 2.768154375
23.595000000000002	 2.7706578125
23.605	 2.7731328124999997
23.615000000000002	 2.7756412499999996
23.625000000000004	 2.7781590624999994
23.635	 2.7805715624999996
23.645	 2.7830368749999996
23.654999999999998	 2.7854924999999993
23.664999999999996	 2.787848124999999
23.674999999999997	 2.790360937499999
23.685	 2.7928165624999988
23.694999999999997	 2.7952721874999993
23.705	 2.7977612499999993
23.715	 2.8002215624999995
23.724999999999998	 2.8027106249999996
23.735	 2.8051806249999998
23.745	 2.80768375
23.755	 2.8100725
23.765	 2.8125615625
23.775	 2.8150984375
23.784999999999997	 2.8175587500000003
23.794999999999998	 2.8201053125
23.805	 2.8225656249999993
23.815	 2.825011875
23.825000000000003	 2.8274534375
23.835	 2.82996625
23.845000000000002	 2.83246
23.855	 2.834973125
23.865000000000002	 2.837443125
23.875000000000004	 2.8399178124999995
23.885	 2.8423974999999997
23.895	 2.8448675
23.904999999999998	 2.8474043749999995
23.914999999999996	 2.8498840625
23.924999999999997	 2.8524159375000004
23.935	 2.8549190625000005
23.944999999999997	 2.8574175000000004
23.955	 2.859978125
23.965	 2.8625484375
23.974999999999998	 2.8650803125
23.985	 2.8676218749999998
23.995	 2.8702731249999998
24.005	 2.872871875
24.015	 2.8754896875
24.025	 2.8780409375000002
24.034999999999997	 2.880635
24.044999999999998	 2.8831671875000002
24.055	 2.885718125
24.065	 2.8882837500000003
24.075000000000003	 2.8909065625000006
24.085	 2.8935053125000008
24.095000000000002	 2.896041875000001
24.105	 2.898650312500001
24.115000000000002	 2.901139375000001
24.125000000000004	 2.903680937500001
24.135	 2.9062415625000004
24.145	 2.908849687500001
24.154999999999998	 2.9114150000000008
24.164999999999996	 2.9139946875000007
24.174999999999997	 2.9165837500000005
24.185	 2.9192015625000005
24.194999999999997	 2.92188625
24.205	 2.9245040625
24.215	 2.927098125
24.224999999999998	 2.9297206250000003
24.235	 2.9323240625000007
24.245	 2.9349562500000004
24.255	 2.937574375
24.265	 2.94021125
24.275	 2.9428625
24.284999999999997	 2.9455375
24.294999999999998	 2.9482268749999996
24.305	 2.950954375
24.315	 2.9535196874999996
24.325000000000003	 2.9561756249999993
24.335	 2.9587646874999995
24.345000000000002	 2.9614109374999993
24.355	 2.9640240624999996
24.365000000000002	 2.966641875
24.375000000000004	 2.9692740625000003
24.385	 2.97184875
24.395	 2.97441875
24.404999999999998	 2.9770175
24.414999999999996	 2.9796021875
24.424999999999997	 2.98219125
24.435	 2.9847709375000004
24.444999999999997	 2.9873793750000006
24.455	 2.9899637500000003
24.465	 2.992515
24.474999999999998	 2.9950375000000005
24.485	 2.9976268750000004
24.494999999999997	 3.0001875000000005
24.505	 3.002743437500001
24.515	 3.005313437500001
24.525	 3.007855000000001
24.535	 3.0104443750000005
24.544999999999998	 3.0130146875
24.555	 3.0155846875
24.565	 3.0181453125000006
24.575000000000003	 3.0206534375000005
24.585	 3.02322375
24.595000000000002	 3.0257318750000004
24.605	 3.0282637500000003
24.615000000000002	 3.0307671875
24.625000000000004	 3.0332515625
24.635	 3.0357312499999995
24.645000000000003	 3.0382871875
24.654999999999998	 3.040895625
24.664999999999996	 3.0434659375
24.674999999999997	 3.0460168750000003
24.685	 3.0486250000000004
24.694999999999997	 3.0511953125
24.705	 3.0538418750000007
24.715	 3.0564787500000006
24.724999999999998	 3.0590678125000004
24.735	 3.0616712500000007
24.744999999999997	 3.064284375000001
24.755	 3.0668353125000007
24.765	 3.0694578125000005
24.775	 3.07206125
24.785	 3.0747121874999994
24.794999999999998	 3.0774493749999996
24.805	 3.0800671874999996
24.815	 3.082704062499999
24.825000000000003	 3.0853265624999993
24.835	 3.087911249999999
