0.32499999999999996	 0.14016828124999997
0.33499999999999996	 0.14172031249999997
0.3449999999999999	 0.13955296875
0.355	 0.14228281250000002
0.36499999999999994	 0.14036343750000002
0.375	 0.14111218749999999
0.38499999999999995	 0.14233531250000003
0.39499999999999996	 0.14024671875
0.40499999999999997	 0.14298375000000002
0.415	 0.14120281250000002
0.425	 0.1418465625
0.435	 0.14313390625
0.44500000000000006	 0.14092375000000004
0.455	 0.14372765625000003
0.4650000000000001	 0.1419371875
0.47500000000000003	 0.1425953125
0.48500000000000004	 0.14391375
0.49500000000000005	 0.141625
0.505	 0.14440265624999998
0.515	 0.14259796874999997
0.5250000000000001	 0.14293171875
0.5350000000000001	 0.1446696875
0.5450000000000002	 0.14237609375000004
0.555	 0.14515125
0.5650000000000001	 0.14348234375000002
0.5750000000000001	 0.14428828125000004
0.585	 0.14570218750000005
0.5949999999999999	 0.14350406250000006
0.6049999999999999	 0.14628875000000008
0.6149999999999999	 0.14454125
0.6249999999999999	 0.14520640625
0.635	 0.14677031249999997
0.645	 0.14452203125
0.655	 0.14734484375
0.6649999999999999	 0.14573796875000003
0.6749999999999999	 0.14638890625
0.6849999999999999	 0.1478146875
0.695	 0.14561656249999996
0.705	 0.1484084375
0.715	 0.14676328125
0.725	 0.14727828124999998
0.7349999999999999	 0.14876609375
0.7449999999999999	 0.14662515625
0.7549999999999999	 0.14937640624999998
0.7649999999999999	 0.14781484375
0.7749999999999999	 0.14818453125000003
0.785	 0.14970796875
0.7950000000000002	 0.14752890625000004
0.805	 0.15033281250000002
0.8150000000000001	 0.14874734375
0.8250000000000001	 0.14920999999999998
0.8350000000000001	 0.15095765625000002
0.845	 0.14870218750000003
0.855	 0.15146078125000004
0.865	 0.14983234375
0.875	 0.15028296875
0.885	 0.1518278125
0.895	 0.14962734375000003
0.905	 0.15240015625
0.9149999999999999	 0.15081234375
0.925	 0.15121281250000002
0.935	 0.15266953125000005
0.9450000000000001	 0.15030203125000002
0.9550000000000001	 0.1530678125
0.965	 0.15137984375000002
0.975	 0.15179
0.985	 0.15337546875
0.995	 0.15103421875
1.005	 0.15382609375
1.0150000000000001	 0.152369375
1.0250000000000001	 0.1529940625
1.035	 0.1546559375
1.045	 0.15235046875
1.0550000000000002	 0.15508515625000002
1.065	 0.15359265625
1.075	 0.15392890624999997
1.0850000000000002	 0.15563109374999995
1.095	 0.1533540625
1.105	 0.15617453125
1.1150000000000002	 0.15479874999999998
1.125	 0.155251875
1.135	 0.15717343749999999
1.145	 0.15489171875
1.155	 0.15763578125
1.1650000000000003	 0.15618140625
1.1749999999999998	 0.15620296874999998
1.1849999999999998	 0.15826781249999997
1.195	 0.15595999999999996
1.205	 0.15871609375
1.2149999999999999	 0.15732125000000002
1.2249999999999999	 0.1575715625
1.235	 0.15944078125000002
1.245	 0.15703046875
1.2550000000000001	 0.15976031250000003
1.2650000000000001	 0.15831781250000004
1.275	 0.15853250000000005
1.285	 0.16037078125000004
1.295	 0.15797937500000006
1.305	 0.16070921875000008
1.3149999999999997	 0.15935031250000006
1.325	 0.15981031250000005
1.335	 0.16154828125000004
1.345	 0.15915453125
1.355	 0.161910625
1.365	 0.16059453125
1.375	 0.1609115625
1.385	 0.16287125
1.3949999999999998	 0.16047515625
1.4049999999999998	 0.16322406249999996
1.415	 0.1620890625
1.425	 0.16249921875
1.435	 0.1642896875
1.445	 0.16190781249999997
1.455	 0.16470921874999994
1.4650000000000003	 0.16351703124999994
1.475	 0.16357421874999997
1.485	 0.165565
1.495	 0.16325234375
1.5050000000000001	 0.16594406250000002
1.5150000000000001	 0.16483296875000003
1.5250000000000001	 0.165190625
1.535	 0.16714562500000002
1.545	 0.16474000000000005
1.555	 0.16751515625000005
1.5649999999999997	 0.16635171875000004
1.575	 0.16656875000000002
1.5849999999999997	 0.168690625
1.5949999999999998	 0.16637312500000004
1.605	 0.16915781250000003
1.6150000000000002	 0.1680109375
1.625	 0.16818750000000005
1.635	 0.17022359375000004
1.645	 0.16780375000000006
1.655	 0.17052406250000007
1.665	 0.16924859375000004
1.6749999999999998	 0.16937968750000007
1.6849999999999998	 0.17148015625000007
1.695	 0.16906015625000007
1.7049999999999998	 0.17183062500000007
1.715	 0.17078156250000007
1.725	 0.17087218750000008
1.7349999999999999	 0.17282015625000008
1.745	 0.17038828125000008
1.755	 0.17304671875000008
1.765	 0.17190703125000006
1.775	 0.17200000000000007
1.785	 0.17400265625000005
1.7950000000000002	 0.17165906250000004
1.8050000000000002	 0.17431750000000004
1.815	 0.17329468750000002
1.825	 0.17318250000000002
1.835	 0.17553328125
1.845	 0.17311562499999997
1.855	 0.17572640625
1.8650000000000002	 0.17462015625000002
1.875	 0.17465343749999998
1.885	 0.176885
1.895	 0.17446265625
1.9049999999999998	 0.17722828124999998
1.915	 0.17613156249999998
1.925	 0.17612671874999997
1.935	 0.17826062499999998
1.945	 0.17587875
1.9549999999999998	 0.1784965625
1.965	 0.17746421875
1.9750000000000003	 0.17760015625
1.9849999999999999	 0.17972921875
1.995	 0.1773140625
2.005	 0.180010625
2.015	 0.17909515625000003
2.025	 0.17895453125000005
2.0349999999999997	 0.18118609375000003
2.045	 0.17873031250000002
2.055	 0.18140296875000003
2.065	 0.18041109375
2.0749999999999997	 0.18036343750000003
2.085	 0.182545
2.0949999999999998	 0.180063125
2.105	 0.1826953125
2.1149999999999998	 0.18174406250000003
2.125	 0.18150812500000002
2.135	 0.18370156250000003
2.145	 0.18131984375
2.155	 0.18391859375
2.165	 0.18304843749999997
2.1750000000000003	 0.182848125
2.185	 0.18506062499999998
2.195	 0.18265984375000002
2.2049999999999996	 0.18528000000000003
2.215	 0.18438593750000004
2.225	 0.18415703125000002
2.235	 0.18641484375000003
2.245	 0.18397812500000002
2.255	 0.186629375
2.265	 0.18584484375
2.2750000000000004	 0.18567328125000002
2.285	 0.1879596875
2.2950000000000004	 0.18550875000000003
2.3050000000000006	 0.18819562499999998
2.3150000000000004	 0.18727046875000003
2.325	 0.18701046875000002
2.3350000000000004	 0.18932562500000003
2.345	 0.18688421875000003
2.3549999999999995	 0.18946390625
2.3649999999999998	 0.18880109375000004
2.375	 0.18880109375000007
2.3849999999999993	 0.19111375000000005
2.3949999999999996	 0.18866281250000003
2.405	 0.19125921875000002
2.4149999999999996	 0.1906440625
2.425	 0.19053921875
2.4349999999999996	 0.19285421874999997
2.445	 0.19046046874999997
2.4549999999999996	 0.19303062499999998
2.465	 0.19236546875
2.4749999999999996	 0.19182906249999998
2.4850000000000003	 0.19444218749999997
2.495	 0.19203171875
2.505	 0.19476390624999998
2.515	 0.19409640625
2.5250000000000004	 0.19374109375
2.535	 0.19613
2.5450000000000004	 0.19372203125
2.5550000000000006	 0.19644000000000003
2.5650000000000004	 0.19592265625000002
2.575	 0.19570328125000003
2.5850000000000004	 0.19815421875
2.595	 0.19572
2.605	 0.1983140625
2.615	 0.19765609375
2.625	 0.19746062500000003
2.635	 0.19985671875000002
2.645	 0.19744156250000006
2.655	 0.20003781250000005
2.6649999999999996	 0.19942265625000005
2.6750000000000003	 0.1990865625
2.6849999999999996	 0.20160906250000002
2.6949999999999994	 0.1992059375
2.7049999999999996	 0.20180234375
2.7149999999999994	 0.20127781250000004
2.724999999999999	 0.20093453125
2.735	 0.20345453125
2.745	 0.20108234374999998
2.755	 0.20376937499999997
2.765	 0.20321859374999995
2.775	 0.20295390624999998
2.785	 0.20537624999999998
2.7950000000000004	 0.20295874999999994
2.8050000000000006	 0.20547874999999993
2.8150000000000004	 0.20508062499999993
2.825	 0.20471343749999996
2.8350000000000004	 0.20715718749999995
2.845	 0.20475390624999998
2.855	 0.20742406249999998
2.865	 0.20699734374999998
2.875	 0.20659203124999995
2.885	 0.20919328124999997
2.8949999999999996	 0.20676624999999996
2.905	 0.20939124999999995
2.915	 0.20904078124999995
2.925	 0.20868078124999997
2.935	 0.211165
2.9450000000000003	 0.2087475
2.955	 0.21142265625
2.965	 0.21100781249999997
2.9749999999999996	 0.2107621875
2.9849999999999994	 0.21341328125000003
2.9949999999999997	 0.21101953125000003
3.005	 0.21357781250000002
3.0149999999999997	 0.2131128125
3.025	 0.2127503125
3.0349999999999997	 0.21528468750000002
3.045	 0.2128765625
3.055	 0.2152321875
3.0650000000000004	 0.21483156250000002
3.075	 0.21450968750000002
3.0850000000000004	 0.2170440625
3.095	 0.21468843750000002
3.105	 0.21717046874999998
3.115	 0.21694625
3.125	 0.21631203125
3.135	 0.2191659375
3.145	 0.2167865625
3.155	 0.2192684375
3.1649999999999996	 0.2190753125
3.1750000000000003	 0.2187534375
3.185	 0.22142375
3.195	 0.21905859375
3.205	 0.22151671875000004
3.2150000000000003	 0.22122109375000004
3.225	 0.22077765625000004
3.235	 0.22349796875000005
3.2449999999999997	 0.22109703125000005
3.255	 0.22360984375000006
3.265	 0.22339531250000005
3.275	 0.22289234375000005
3.2849999999999997	 0.22553875000000007
3.295	 0.22317609375000005
3.305	 0.22569625000000004
3.315	 0.22555078125000005
3.3249999999999997	 0.22497140625000003
3.3350000000000004	 0.22774890625000005
3.345	 0.22538140625000005
3.355	 0.22792062500000004
3.365	 0.22781562500000005
3.375	 0.22727921875000007
3.385	 0.22990656250000008
3.395	 0.22755562500000007
3.405	 0.23020203125000008
3.415	 0.23003281250000004
3.4250000000000003	 0.22966078125000006
3.4349999999999996	 0.23232156250000005
3.445	 0.2299589062500001
3.455	 0.2324503125000001
3.465	 0.23249796875000006
3.475	 0.23193046875000006
3.4850000000000003	 0.23473671875000005
3.495	 0.23239796875000007
3.505	 0.23494187500000005
3.515	 0.23489421875000002
3.525	 0.23422187500000002
3.5349999999999997	 0.23702562500000005
3.5450000000000004	 0.23467484375
3.555	 0.23714000000000002
3.565	 0.23700171875000003
3.5749999999999997	 0.23647484375
3.585	 0.23934296875000005
3.5949999999999998	 0.23698500000000003
3.6049999999999995	 0.23952421875000007
3.615	 0.23938828125000003
3.625	 0.23886375
3.635	 0.24159375000000005
3.645	 0.23927156250000006
3.655	 0.24170593750000002
3.665	 0.24161781250000006
3.675	 0.24108140625
3.685	 0.24397578125
3.695	 0.24167031249999998
3.705	 0.24414750000000002
3.715	 0.2441665625
3.725	 0.2434846875
3.7350000000000003	 0.24630515625
3.745	 0.24396859375
3.755	 0.2463790625
3.765	 0.2462956249999999
3.775	 0.24536093749999993
3.785	 0.2484174999999999
3.7950000000000004	 0.2460929687499999
3.805	 0.2485224999999999
3.815	 0.24849874999999988
3.825	 0.24770234374999994
3.835	 0.2506348437499999
3.8449999999999993	 0.24833656249999994
3.8549999999999995	 0.25080187499999995
3.8649999999999998	 0.2507637499999999
3.8749999999999996	 0.24998640624999996
3.885	 0.25281171874999997
3.895	 0.25050624999999993
3.905	 0.25286656249999995
3.9149999999999996	 0.2530715624999999
3.925	 0.25227281249999994
3.935	 0.25521249999999995
3.945	 0.25291171874999996
3.955	 0.25528640625
3.9650000000000003	 0.25537234375
3.975	 0.2546546874999999
3.985	 0.25758
3.995	 0.25529828125
4.005	 0.25774921874999995
4.015	 0.2579685937499999
4.025	 0.25720562499999994
4.035	 0.2601478124999999
4.045	 0.2578232812499999
4.055	 0.26010249999999996
4.065	 0.260090625
4.075	 0.2593253125
4.085	 0.26228406249999997
4.095000000000001	 0.25997140625
4.105	 0.2622865625
4.115	 0.2625440625
4.124999999999999	 0.26150687499999997
4.135	 0.26440828125
4.145	 0.26208374999999995
4.155	 0.26440593749999997
4.165000000000001	 0.26483265624999996
4.175000000000001	 0.2639028125
4.1850000000000005	 0.26678046875
4.194999999999999	 0.26445828125
4.205	 0.26693781250000004
4.214999999999999	 0.26713093750000005
4.225	 0.266108125
4.234999999999999	 0.26909546875
4.245	 0.26681625000000003
4.255	 0.26909078124999997
4.265	 0.269250625
4.2749999999999995	 0.26837796875
4.285	 0.271358125
4.295	 0.26907156249999997
4.305	 0.27140796875
4.315	 0.27160828125
4.325	 0.2705403125
4.334999999999999	 0.27349906250000006
4.345	 0.27120078125000013
4.355	 0.27333000000000013
4.365	 0.27367093750000004
4.375	 0.2728150000000001
4.385	 0.27580953125
4.395	 0.27351593750000003
4.405	 0.27566171875
4.415	 0.27593593749999995
4.425000000000001	 0.2748368749999999
4.4350000000000005	 0.2778957812499999
4.445	 0.2755807812499999
4.455	 0.2777551562499999
4.465	 0.2782368749999999
4.475	 0.27696609375
4.484999999999999	 0.279958125
4.495	 0.27771687500000003
4.505	 0.27991984374999995
4.515	 0.28033484374999995
4.5249999999999995	 0.2792571875
4.535	 0.282235
4.545	 0.27999859374999997
4.555	 0.28210625
4.5649999999999995	 0.28264265624999996
4.575	 0.2814171875
4.584999999999999	 0.28438078125
4.595000000000001	 0.28213484375
4.605	 0.28434015625000003
4.615000000000001	 0.28473359375000007
4.625	 0.28348437500000007
4.635	 0.28644796875000006
4.645	 0.2841568750000001
4.655	 0.2862954687500001
4.665000000000001	 0.28686765625000005
4.675000000000001	 0.28562312500000014
4.6850000000000005	 0.2886964062500001
4.695	 0.28649343750000006
4.705	 0.28875609375000005
4.715	 0.2893496875
4.7250000000000005	 0.2882696875
4.735	 0.29126656250000005
4.745	 0.2889990625
4.755	 0.29104234375
4.764999999999999	 0.29175296875
4.774999999999999	 0.2905228125
4.784999999999999	 0.29356249999999995
4.795	 0.2913428125
4.805	 0.2933003125
4.815	 0.29382484374999995
4.825	 0.29276874999999997
4.834999999999999	 0.29574421874999995
4.845	 0.2934387499999999
4.855	 0.29562515624999997
4.865	 0.2961615624999999
4.875000000000001	 0.2949289062499999
4.885	 0.2979257812499999
4.8950000000000005	 0.2957657812499999
4.905	 0.29772546874999994
4.915	 0.29842640624999994
4.925000000000001	 0.29721765624999996
4.9350000000000005	 0.30024796875
4.945	 0.2980926562499999
4.955	 0.3000618749999999
4.965	 0.3006698437499999
4.975	 0.29945156249999993
4.985	 0.30243171874999997
4.995	 0.3002596874999999
5.005	 0.30231968749999993
5.015	 0.3029539062499999
5.0249999999999995	 0.30159484375
5.034999999999999	 0.30465609375
5.044999999999999	 0.3026653125
5.055	 0.30466328125
5.0649999999999995	 0.3051471875
5.074999999999999	 0.303788125
5.084999999999999	 0.30693765624999997
5.095	 0.3048585937499999
5.105	 0.306641875
5.114999999999999	 0.30757421874999996
5.125	 0.30620093749999994
5.135	 0.30919078124999994
5.145	 0.30708078124999993
5.155	 0.30896656249999993
5.165000000000001	 0.30988453124999993
5.175	 0.308499375
5.1850000000000005	 0.31153218750000006
5.195	 0.30945546875
5.205	 0.31128421875000006
5.215	 0.3121854687500001
5.2250000000000005	 0.3108168750000001
5.235000000000001	 0.3138328125000001
5.245	 0.3117704687500001
5.255	 0.3134918750000001
5.265	 0.31441687500000015
5.2749999999999995	 0.31314609375000013
5.284999999999999	 0.3161764062500001
5.295	 0.31404250000000006
5.305000000000001	 0.3157162500000001
5.3149999999999995	 0.31663406250000015
5.324999999999999	 0.3151439062500002
5.334999999999999	 0.3181837500000001
5.345	 0.3160021875000002
5.3549999999999995	 0.3177021875000002
5.365	 0.31847703125000015
5.375	 0.31710375000000013
5.385	 0.32014125000000015
5.395	 0.3181337500000001
5.405	 0.3198384375000001
5.415	 0.3207825000000001
5.425000000000001	 0.31929718750000013
5.4350000000000005	 0.322339375
5.445	 0.3202340625
5.455	 0.32201265625000003
5.464999999999999	 0.32284703124999997
5.4750000000000005	 0.32143562499999995
5.485000000000001	 0.32448015624999993
5.495000000000001	 0.3223748437499999
5.505000000000001	 0.3241654687499999
5.515	 0.3249832812499999
5.524999999999999	 0.32353374999999984
5.534999999999999	 0.3265973437499999
5.545	 0.32465187499999987
5.555000000000001	 0.3263231249999999
5.565	 0.3272243749999999
5.575	 0.32575093749999984
5.584999999999999	 0.32878124999999986
5.594999999999999	 0.3268834374999999
5.6049999999999995	 0.3285832812499999
5.614999999999999	 0.32953937499999997
5.625	 0.32817562499999997
5.635	 0.3312321875
5.645	 0.3292365625
5.654999999999999	 0.33077203125
5.665	 0.33182828124999997
5.675	 0.330340625
5.6850000000000005	 0.33343046875000004
5.695	 0.33151828125000005
5.705	 0.3331348437500001
5.715	 0.33417921875000006
5.725	 0.3326890625000001
5.735	 0.33578140625
5.745000000000001	 0.33397906250000003
5.755000000000001	 0.3354953125
5.765000000000001	 0.33656578125
5.7749999999999995	 0.3350828124999999
5.785	 0.3381584374999999
5.795	 0.3362510937499999
5.805	 0.3377078124999999
5.815	 0.33884749999999997
5.825	 0.33739546875
5.834999999999999	 0.3404378125
5.845	 0.33856625
5.8549999999999995	 0.34005156249999996
5.864999999999999	 0.34114124999999995
5.875	 0.33964875
5.885	 0.34270531249999997
5.895	 0.34090999999999994
5.905	 0.34251703124999994
5.915000000000001	 0.3435921875
5.925000000000001	 0.34207343749999997
5.935	 0.3451371875
5.945	 0.34337046875
5.955	 0.344834375
5.965	 0.34595250000000005
5.9750000000000005	 0.3444646875000001
5.985	 0.3475689062500001
5.995	 0.34576640625
6.005	 0.34719453125000005
6.015000000000001	 0.34837234375000004
6.0249999999999995	 0.34681312500000006
6.035	 0.34986015625000005
6.045	 0.3480553125000001
6.055	 0.3495145312500001
6.065	 0.3508187500000001
6.074999999999999	 0.3492309375000001
6.084999999999999	 0.3522898437500001
6.095	 0.3505279687500001
6.105	 0.35198484375000016
6.115	 0.35316968750000016
6.125	 0.3516771875000001
6.134999999999999	 0.3547360937500001
6.145	 0.35295031250000014
6.155	 0.35438796875000006
6.165	 0.35564671875000015
6.175000000000001	 0.3541065625000001
6.1850000000000005	 0.3571512500000001
6.194999999999999	 0.3553417187500001
6.205	 0.3567912500000001
6.214999999999999	 0.35797859375000013
6.225	 0.35636937500000015
6.235	 0.3594259375000001
6.245	 0.3577045312500002
6.255	 0.3589823437500001
6.265	 0.3601482812500001
6.2749999999999995	 0.35867234375000007
6.285	 0.3617121875
6.295000000000001	 0.3600075
6.305000000000001	 0.361295
6.315	 0.36248234374999994
6.325	 0.36077296875
6.334999999999999	 0.36382484374999996
6.345	 0.36216781249999996
6.355	 0.3634075
6.365	 0.3646424999999999
6.375	 0.36284718749999995
6.385	 0.36592984375
6.395	 0.36423703125
6.404999999999999	 0.3655340624999999
6.414999999999999	 0.36677859375
6.425	 0.365166875
6.4350000000000005	 0.36821859375
6.445	 0.366530625
6.455	 0.36784421875000006
6.465	 0.36913171875000006
6.475	 0.36744359375000013
6.485	 0.3704571875000001
6.495	 0.36877640625000013
6.505	 0.37009000000000014
6.515	 0.37151109375000013
6.5249999999999995	 0.3698945312500001
6.535	 0.3729225000000001
6.545	 0.37115343750000007
6.555000000000001	 0.3723575000000001
6.565	 0.37374031250000017
6.575	 0.37199265625000016
6.585	 0.37508250000000015
6.595	 0.37343031250000014
6.6049999999999995	 0.3747296875000001
6.615	 0.37609593750000014
6.625	 0.3743339062500001
6.635	 0.37738562500000006
6.645	 0.37581437500000003
6.654999999999999	 0.37703265625
6.664999999999999	 0.37837968749999995
6.675	 0.37674171875
6.685	 0.3798482812499999
6.695	 0.3782842187499999
6.705	 0.3793760937499999
6.715	 0.38086859375
6.7250000000000005	 0.37924968749999993
6.734999999999999	 0.3823109375
6.744999999999999	 0.3807134374999999
6.755	 0.3818364062499999
6.765	 0.3832931249999999
6.7749999999999995	 0.38153843749999994
6.785	 0.3846449999999999
6.795	 0.3830953124999999
6.805	 0.38432078124999985
6.815	 0.38576328124999987
6.825	 0.3840179687499999
6.835	 0.3870887499999998
6.845000000000001	 0.3854318749999999
6.855	 0.38650234374999987
6.864999999999999	 0.38794953124999987
6.875	 0.38625921874999986
6.885	 0.38933968749999986
6.895	 0.38780437499999987
6.905	 0.3890846874999999
6.915000000000001	 0.3905653124999999
6.925	 0.3887653124999999
6.935	 0.3918074999999999
6.945	 0.390303125
6.955	 0.39146421875
6.965	 0.39297578125
6.975	 0.39115421875000006
6.985	 0.39425125000000005
6.994999999999999	 0.3928351562500001
7.004999999999999	 0.3939175000000001
7.015	 0.39548156250000005
7.0249999999999995	 0.3935765625000001
7.035	 0.3967309375000001
7.045000000000001	 0.3952623437500001
7.055000000000001	 0.3964187500000001
7.065	 0.39786843750000006
7.075	 0.39612562500000004
7.085	 0.3992321875
7.095000000000001	 0.3977301562500001
7.105	 0.39879828125000005
7.115	 0.4005196875000001
7.125	 0.39865046875000015
7.135	 0.40176890625000017
7.145	 0.4003551562500002
7.155	 0.4012706250000001
7.165	 0.4029229687500001
7.175000000000001	 0.40116343750000005
7.1850000000000005	 0.40422234375000005
7.194999999999999	 0.40280609375000004
7.205	 0.4038884375
7.215	 0.4056646875
7.225	 0.40386234375
7.235	 0.40700000000000003
7.245	 0.40552421875000005
7.255	 0.40652796875
7.264999999999999	 0.40830187500000004
7.274999999999999	 0.40652093750000007
7.284999999999999	 0.40958937500000003
7.295	 0.40813031250000004
7.305000000000001	 0.40913406250000006
7.315	 0.41086500000000004
7.325	 0.40891468750000004
7.335	 0.4119640625
7.345000000000001	 0.41054546875000003
7.355	 0.41144671875000005
7.365	 0.4131871875
7.375000000000001	 0.41124171875
7.385	 0.41428390624999994
7.395	 0.4129870312499999
7.405	 0.413840625
7.415	 0.4155667187499999
7.425000000000001	 0.41364499999999993
7.4350000000000005	 0.4167778125
7.445	 0.4154093749999999
7.454999999999999	 0.4164082812499999
7.464999999999999	 0.4181415624999999
7.475	 0.4162009374999999
7.484999999999999	 0.4192884374999999
7.495	 0.4181465625
7.505	 0.4190978124999999
7.515	 0.4209884374999999
7.524999999999999	 0.41915734374999997
7.534999999999999	 0.42228062499999997
7.545	 0.4208715624999999
7.555	 0.4217895312499999
7.565	 0.42375640624999994
7.575	 0.4218276562499999
7.584999999999999	 0.4249651562499999
7.595	 0.42367531249999985
7.605	 0.4247385937499999
7.615	 0.42677937499999996
7.625000000000001	 0.42484093749999996
7.635000000000001	 0.4278640625
7.645	 0.4266029687499999
7.654999999999999	 0.42740406249999996
7.665	 0.4292804687499999
7.675000000000001	 0.427270625
7.6850000000000005	 0.43043203124999996
7.695	 0.4292231249999999
7.705	 0.430198125
7.715	 0.4321889062499999
7.725	 0.43018140624999995
7.734999999999999	 0.43322374999999996
7.745	 0.4319553124999999
7.754999999999999	 0.4326778125
7.765	 0.43465187499999997
7.7749999999999995	 0.432670625
7.784999999999999	 0.43571765625
7.794999999999999	 0.43463515625
7.805	 0.43547671875
7.815	 0.43726953124999995
7.825	 0.43533828124999996
7.835	 0.4383971875
7.845	 0.43717171875
7.855	 0.43783921875
7.865	 0.43988484375
7.875000000000001	 0.4378915625
7.885000000000001	 0.44101250000000003
7.8950000000000005	 0.43988
7.905	 0.4407025
7.915	 0.442865
7.925000000000001	 0.440871875
7.9350000000000005	 0.4440046875000001
7.945	 0.4428675
7.955	 0.44361375000000003
7.965	 0.4458787500000001
7.975	 0.4439021875000001
7.984999999999999	 0.4470779687500001
7.994999999999999	 0.44602406250000015
8.005	 0.4466726562500002
8.014999999999999	 0.4488375000000002
8.025	 0.4469278125000002
8.034999999999998	 0.4501082812500002
8.044999999999998	 0.4491068750000002
8.055	 0.44991031250000013
8.065000000000001	 0.45220640625000014
8.075000000000001	 0.4502346875000001
8.085	 0.4532745312500001
8.095	 0.4521157812500001
8.105	 0.4528812500000001
8.115	 0.4550484375000001
8.125	 0.4531290625000001
8.135000000000002	 0.45622359375000016
8.145000000000001	 0.45531046875000014
8.155000000000001	 0.45586593750000015
8.165	 0.45798546875000007
8.175	 0.45602796875000007
8.184999999999999	 0.4591464062500001
8.195	 0.4581140625
8.205	 0.45869578125
8.215	 0.46116328125
8.225	 0.45927984375
8.234999999999998	 0.46247703125000006
8.244999999999997	 0.46149000000000007
8.254999999999999	 0.46216234375000015
8.265	 0.46458234375000007
8.275	 0.46264390625000007
8.285000000000002	 0.4657909375000001
8.295	 0.4649754687500001
8.305	 0.46570500000000015
8.315	 0.4681750000000001
8.325	 0.4661770312500001
8.334999999999999	 0.4693695312500001
8.345	 0.4685135937500001
8.354999999999999	 0.46898812500000014
8.364999999999998	 0.4713460937500002
8.375	 0.4694768750000002
8.385000000000002	 0.4726789062500002
8.395000000000001	 0.47181578125000023
8.405000000000001	 0.47247390625000024
8.415000000000001	 0.4748342187500002
8.425	 0.4728648437500002
8.435	 0.4759690625000002
8.444999999999999	 0.4750273437500002
8.455	 0.4756329687500003
8.465	 0.4780100000000002
8.475	 0.47608359375000014
8.485	 0.47925453125000017
8.494999999999997	 0.4784225000000001
8.504999999999997	 0.47885640625000014
8.514999999999999	 0.48139328125000014
8.525	 0.47943578125000014
8.535000000000002	 0.4825590625000002
8.545000000000002	 0.48171265625000015
8.555000000000001	 0.4820798437500002
8.565	 0.4844854687500002
8.575	 0.4825328125000002
8.584999999999999	 0.48577281250000015
8.594999999999999	 0.4850814062500002
8.604999999999999	 0.4856154687500001
8.614999999999998	 0.4881070312500001
8.624999999999998	 0.4861353125
8.635	 0.48929921875000004
8.645000000000001	 0.4886101562500001
8.655000000000003	 0.48922281250000005
8.665000000000003	 0.49179062500000004
8.675000000000002	 0.4898904687500001
8.685	 0.49305437500000004
8.694999999999999	 0.4924082812500001
8.704999999999998	 0.49296140625000007
8.715	 0.4955648437500001
8.724999999999998	 0.49365265625000015
8.735	 0.49686421875000014
8.744999999999997	 0.4961417187500001
8.754999999999997	 0.49666859375000016
8.764999999999999	 0.4992912500000001
8.774999999999999	 0.4973959375000001
8.785	 0.5005215625000001
8.795000000000002	 0.49995171875000016
8.805000000000003	 0.5003737500000002
8.815000000000001	 0.5029462500000003
8.825	 0.5010460937500002
8.834999999999999	 0.5042026562500002
8.844999999999999	 0.5036042187500002
8.854999999999999	 0.5038712500000002
8.864999999999997	 0.5064509375000001
8.875	 0.5044671875000002
8.885	 0.5075762500000001
8.895	 0.5067967187500002
8.905000000000001	 0.5072782812500002
8.915000000000001	 0.5099820312500002
8.925000000000002	 0.5080056250000001
8.935000000000002	 0.5112195312500002
8.945000000000002	 0.5107451562500002
8.955	 0.5110240625000002
8.965	 0.51365625
8.974999999999998	 0.5116464062500001
8.984999999999998	 0.51478171875
8.994999999999997	 0.51442890625
9.004999999999999	 0.5148723437500001
9.014999999999999	 0.5175020312500002
9.024999999999999	 0.5155421875000001
9.035	 0.5187798437500001
9.045	 0.5182981250000002
9.055000000000001	 0.5187440625
9.065000000000003	 0.5214500000000001
9.075000000000003	 0.5194973437500001
9.085	 0.52266359375
9.094999999999999	 0.5222820312500001
9.104999999999999	 0.522685
9.114999999999997	 0.5254889062499999
9.124999999999998	 0.5235459375
9.135	 0.5268003124999999
9.145	 0.52655
9.155000000000001	 0.5269290624999999
9.165000000000001	 0.529754375
9.175000000000002	 0.52782078125
9.185000000000002	 0.5309775
9.195000000000002	 0.5307009374999998
9.205000000000002	 0.5310895312499999
9.215	 0.5337956249999999
9.225	 0.5318931249999999
9.234999999999998	 0.5349520312499998
9.244999999999997	 0.5345801562499999
9.254999999999997	 0.5350189062499999
9.264999999999997	 0.5378226562499999
9.274999999999999	 0.535858125
9.285	 0.53903859375
9.295	 0.53859765625
9.305	 0.53891953125
9.315000000000001	 0.5416993749999999
9.325000000000003	 0.5397895312499998
9.335	 0.5429342187499999
9.345	 0.5425884375
9.354999999999999	 0.5427529687499999
9.364999999999998	 0.5455067187499999
9.374999999999998	 0.5435517187499999
9.385	 0.54678953125
9.395	 0.54652484375
9.405000000000001	 0.54670125
9.415000000000001	 0.5494859375000001
9.425	 0.5475548437500002
9.435	 0.5506543750000001
9.445000000000002	 0.5505207812500001
9.455000000000002	 0.5507903125000002
9.465000000000002	 0.5535512500000002
9.475	 0.55158203125
9.485	 0.5547601562500001
9.494999999999997	 0.554674375
9.504999999999997	 0.55482453125
9.514999999999999	 0.5576475000000001
9.524999999999999	 0.5557115625
9.535	 0.55894921875
9.545	 0.5586059375
9.555	 0.5587179687499999
9.565	 0.5616003125
9.575000000000001	 0.5596453124999999
9.585	 0.5627184375000001
9.595	 0.562699375
9.605	 0.5630021875000001
9.614999999999998	 0.5658465625000001
9.624999999999998	 0.56385578125
9.635	 0.5668240625000001
9.645	 0.5667192187500001
9.655	 0.5668837500000001
9.665000000000001	 0.5698520312500001
9.675	 0.5679065625000002
9.685	 0.5710800000000001
9.695	 0.5710226562500001
9.705000000000002	 0.5713135937500001
9.715000000000002	 0.5742890625000001
9.725000000000001	 0.5723410937500001
9.735	 0.57553359375
9.745	 0.5755001562500001
9.754999999999999	 0.575619375
9.764999999999999	 0.578475625
9.774999999999999	 0.57656359375
9.784999999999998	 0.5795771875000001
9.795	 0.5794603125
9.805	 0.57956046875
9.815	 0.582414375
9.825	 0.5804665625000001
9.834999999999999	 0.5834896875
9.845	 0.58344921875
9.855	 0.5836948437499999
9.865	 0.586636875
9.875	 0.5846793749999999
9.885	 0.5876762499999999
9.895	 0.5876595312499999
9.905	 0.5878932812500001
9.915	 0.5908257812500001
9.925	 0.5888707812499999
9.935	 0.59200359375
9.945	 0.59200828125
9.955	 0.59217515625
9.965	 0.59511015625
9.975000000000001	 0.59312890625
9.985	 0.5961043749999999
9.995	 0.5962284375
10.004999999999999	 0.5963929687499999
10.014999999999999	 0.59929203125
10.024999999999999	 0.59732984375
10.034999999999998	 0.600429375
10.044999999999998	 0.6006534375
10.055	 0.60066765625
10.065	 0.60368828125
10.075	 0.6017546875
10.084999999999999	 0.604785
10.094999999999999	 0.604899375
10.104999999999999	 0.6049637499999999
10.114999999999998	 0.6079034374999999
10.125	 0.60593421875
10.135000000000002	 0.6088453125
10.145000000000001	 0.609045625
10.155000000000001	 0.60919578125
10.165000000000001	 0.612104375
10.175	 0.61011359375
10.185	 0.6131271875000001
10.195	 0.6132726562500003
10.205	 0.6132751562500002
10.215	 0.6163673437500002
10.225	 0.6144051562500001
10.235	 0.6172781250000001
10.245	 0.61736625
10.255	 0.6174209375
10.265	 0.620436875
10.275	 0.6185151562499999
10.284999999999998	 0.6212759374999998
10.294999999999998	 0.6214093749999998
10.305	 0.6212592187499998
10.315	 0.6243945312499998
10.325	 0.6223989062499996
10.334999999999999	 0.6253076562499995
10.344999999999999	 0.6254078124999995
10.354999999999999	 0.6252599999999997
10.364999999999998	 0.6283142187499997
10.375	 0.6263401562499998
10.385000000000002	 0.62926078125
10.395000000000001	 0.6293679687499999
10.405000000000001	 0.6293440625
10.415000000000001	 0.6324578125
10.425	 0.63049796875
10.435	 0.63341375
10.445	 0.6336259375000001
10.455	 0.63356625
10.465	 0.6365845312500003
10.475	 0.6346318750000002
10.485	 0.6376287500000001
10.495	 0.63776453125
10.504999999999999	 0.6376834375000001
10.515	 0.6408950000000001
10.525000000000002	 0.6389495312500001
10.535	 0.6418104687500001
10.545	 0.6418962500000003
10.555	 0.6417770312500002
10.565	 0.6448884375
10.575	 0.6429167187500001
10.584999999999999	 0.645744375
10.594999999999999	 0.6459114062500001
10.604999999999999	 0.645823125
10.614999999999998	 0.6489679687500002
10.624999999999998	 0.6469915625000002
10.635	 0.6498810937500002
10.645000000000001	 0.6501265625000002
10.655000000000003	 0.6500098437500003
10.665000000000003	 0.6531687500000003
10.675	 0.6511993750000004
10.685	 0.6540056250000003
10.695	 0.6542989062500002
10.705	 0.6542537500000002
10.715	 0.6573007812500001
10.725	 0.6553409375000001
10.735	 0.6582329687499999
10.744999999999997	 0.65859296875
10.754999999999997	 0.6584928124999999
10.765	 0.661856875
10.775000000000002	 0.65992328125
10.785000000000002	 0.66275328125
10.795000000000002	 0.6631037500000001
10.805	 0.6630846875
10.815	 0.6662746875000001
10.825	 0.6643196875
10.834999999999999	 0.66716875
10.844999999999999	 0.6675478125
10.854999999999999	 0.66718546875
10.864999999999998	 0.6704614062499998
10.874999999999998	 0.6685396874999998
10.885	 0.671376875
10.895000000000001	 0.671763125
10.905000000000003	 0.6714293750000001
10.915000000000003	 0.67455984375
10.925000000000002	 0.672819375
10.935000000000002	 0.6754873437499999
10.945	 0.6759045312499997
10.955	 0.6755206249999999
10.965	 0.6787749999999998
10.975	 0.6768295312499998
10.985	 0.6796309374999998
10.994999999999997	 0.6801412499999999
11.004999999999999	 0.6797406249999998
11.014999999999999	 0.6830354687499999
11.025	 0.6811114062500001
11.035000000000002	 0.6839653124999999
11.045000000000002	 0.68443734375
11.055000000000001	 0.68412734375
11.065	 0.6874174999999999
11.075	 0.6854745312499999
11.084999999999999	 0.6882998437499999
11.094999999999999	 0.6888768749999998
11.104999999999999	 0.6885574999999999
11.114999999999998	 0.6917356249999999
11.124999999999998	 0.6897973437499999
11.135	 0.6926321875
11.145	 0.6931925
11.155000000000001	 0.6925821874999999
11.165000000000003	 0.6958365624999999
11.175000000000002	 0.693900625
11.185000000000002	 0.696745
11.195	 0.6973720312499999
11.205	 0.6968998437499999
11.215	 0.70023765625
11.224999999999998	 0.6982993749999999
11.234999999999998	 0.7010840624999999
11.244999999999997	 0.70159671875
11.254999999999999	 0.7012367187499999
11.264999999999999	 0.70451484375
11.275	 0.7025479687499998
11.285000000000002	 0.7052087499999998
11.295000000000002	 0.7058667187499998
11.305000000000003	 0.7053423437499999
11.315000000000001	 0.70866828125
11.325	 0.7066918749999999
11.334999999999999	 0.7095148437499998
11.344999999999999	 0.7099629687499999
11.354999999999997	 0.7095170312499998
11.364999999999997	 0.7128596874999998
11.374999999999998	 0.7109070312499999
11.385	 0.7135296875
11.395	 0.714023125
11.405	 0.7132815625000001
11.415000000000001	 0.71661234375
11.425000000000002	 0.7146525
11.435000000000004	 0.7172417187500001
11.445000000000002	 0.717830625
11.455	 0.71739921875
11.465	 0.72067984375
11.474999999999998	 0.7188010937500001
11.484999999999998	 0.7214284375000001
11.494999999999997	 0.72209359375
11.504999999999999	 0.72155953125
11.514999999999999	 0.72489265625
11.524999999999999	 0.72293765625
11.535	 0.7256199999999999
11.545000000000002	 0.7264496874999999
11.555000000000003	 0.7258821875
11.565000000000003	 0.7292343749999999
11.575000000000001	 0.72754875
11.584999999999999	 0.7298375
11.594999999999999	 0.7305265625
11.604999999999997	 0.7297732812500001
11.614999999999997	 0.7331564062500001
11.624999999999998	 0.73125375
11.635	 0.73388828125
11.645	 0.7347895312499999
11.655	 0.7341696875
11.665000000000001	 0.73759109375
11.675000000000002	 0.7357290625000001
11.685000000000004	 0.7383015625000001
11.695000000000004	 0.7390287500000001
11.705000000000002	 0.7383803125
11.715	 0.7417395312500001
11.724999999999998	 0.7398368750000002
11.734999999999998	 0.7424307812500002
11.744999999999997	 0.7431626562500001
11.754999999999997	 0.7424259375
11.764999999999999	 0.74583046875
11.774999999999999	 0.74388734375
11.785	 0.74627390625
11.795	 0.74724421875
11.805000000000001	 0.7465981250000001
11.815000000000003	 0.7499693749999999
11.825000000000001	 0.7480429687500001
11.835	 0.7505248437500001
11.844999999999999	 0.7513975
11.854999999999997	 0.7506631250000001
11.864999999999997	 0.7540771875000001
11.874999999999998	 0.7521603125000001
11.884999999999998	 0.7547281250000001
11.895	 0.75557203125
11.905	 0.7547304687499998
11.915000000000001	 0.7581254687500001
11.925	 0.7563659375
11.935000000000002	 0.7588717187499998
11.945000000000004	 0.7598467187499999
11.955000000000004	 0.7590790625
11.965000000000002	 0.76248359375
11.975	 0.76059765625
11.984999999999998	 0.7630367187500001
11.994999999999997	 0.76408578125
12.004999999999997	 0.76316078125
12.014999999999999	 0.7665940625
12.025	 0.7648296874999999
12.035	 0.7673570312499998
12.045	 0.7682940624999998
12.055	 0.7675239062499998
12.065000000000001	 0.7709643749999997
12.075000000000003	 0.7691906249999999
12.085	 0.7716178124999999
12.095	 0.7725928124999998
12.104999999999999	 0.7717870312499999
12.114999999999997	 0.7751606249999998
12.124999999999998	 0.773384375
12.134999999999998	 0.77591171875
12.145	 0.7768367187499999
12.155	 0.7759473437500001
12.165000000000001	 0.7794067187500001
12.175	 0.7775779687500002
12.185	 0.7800003125000001
12.195000000000002	 0.7810470312500002
12.205000000000004	 0.7802126562500001
12.215000000000002	 0.7836650000000002
12.225	 0.7822893750000001
12.235	 0.7843564062500001
12.244999999999997	 0.7856176562500001
12.254999999999997	 0.7847832812500001
12.264999999999999	 0.78824765625
12.275	 0.7864690625
12.285	 0.78889859375
12.295	 0.7899906250000001
12.305	 0.7890989062500002
12.315000000000001	 0.7925654687500001
12.325000000000001	 0.7908512500000001
12.335	 0.79324015625
12.345	 0.7943701562500001
12.354999999999999	 0.7935618750000002
12.364999999999997	 0.7970284375000002
12.374999999999998	 0.7952737500000002
12.384999999999998	 0.7976651562500001
12.395	 0.7988978125000001
12.405	 0.7980132812499998
12.415000000000001	 0.8015490625
12.425	 0.79991109375
12.435	 0.8021642187499999
12.445	 0.80336828125
12.455000000000002	 0.8023859375000001
12.465000000000002	 0.8058453125000002
12.475000000000001	 0.8041501562500002
12.485	 0.8064842187500002
12.494999999999997	 0.8076048437500001
12.504999999999997	 0.80662265625
12.514999999999999	 0.8101321875000002
12.524999999999999	 0.8084440625000001
12.535	 0.8107996875000002
12.545	 0.8122087500000003
12.555	 0.8112528125000003
12.565000000000001	 0.8147481250000003
12.575000000000001	 0.8130648437500003
12.585000000000003	 0.8154801562500003
12.595	 0.8166507812500001
12.605	 0.8157042187500002
12.614999999999998	 0.8192042187500003
12.624999999999998	 0.8176425000000003
12.634999999999998	 0.8199121875000004
12.645	 0.8213928125000004
12.655	 0.8204223437500003
12.665	 0.8239700000000003
12.675	 0.8224345312500004
12.685	 0.8248545312500004
12.695	 0.8262110937500003
12.705000000000002	 0.8253289062500002
12.715000000000002	 0.8288503125000002
12.725000000000001	 0.8272718750000003
12.735000000000001	 0.8293390625000002
12.745	 0.8307290625000003
12.754999999999999	 0.8297850000000003
12.764999999999999	 0.8333612500000003
12.774999999999999	 0.8317756250000001
12.785	 0.8339476562500001
12.795	 0.8354378125
12.805	 0.8345437500000001
12.815000000000001	 0.8380723437500001
12.825000000000001	 0.836525
12.835	 0.8387137499999999
12.845	 0.8401537499999999
12.855	 0.8391546875
12.864999999999998	 0.8427190625
12.874999999999998	 0.8415579687500001
12.884999999999998	 0.8434414062500002
12.895	 0.8449267187500001
12.905	 0.8439371875000001
12.915	 0.8474728125000002
12.925	 0.8459229687500001
12.935	 0.8481449999999999
12.945	 0.8495396875
12.955000000000002	 0.84863125
12.965	 0.85224578125
12.975	 0.8507485937499999
12.985000000000001	 0.8528134374999998
12.995	 0.8543321875000001
13.004999999999999	 0.8533618749999999
13.014999999999999	 0.85693578125
13.024999999999999	 0.8556171875
13.035	 0.85777234375
13.045	 0.8593984375
13.055	 0.8585473437500001
13.065000000000001	 0.862161875
13.075000000000001	 0.8608743750000001
13.085	 0.8630392187500001
13.095	 0.86483703125
13.105	 0.8639643750000001
13.114999999999998	 0.8677123437500001
13.124999999999998	 0.866384375
13.135	 0.8688399999999998
13.145	 0.8707424999999998
13.155	 0.8699151562499997
13.165	 0.8736489062499997
13.175	 0.8723518749999997
13.185	 0.8746001562499999
13.195	 0.8764764062499999
13.205	 0.87567046875
13.215000000000002	 0.8795185937499999
13.225000000000001	 0.8782095312499998
13.235000000000001	 0.880784375
13.245	 0.8827395312499999
13.255	 0.8820171874999999
13.265	 0.8858892187499997
13.275	 0.8848640624999998
13.284999999999998	 0.8872123437499997
13.295	 0.8893032812499996
13.305	 0.8887406249999997
13.315	 0.8928843749999997
13.325000000000001	 0.8920521874999996
13.335	 0.8946318749999996
13.344999999999999	 0.8968562499999997
13.354999999999999	 0.8966224999999997
13.364999999999998	 0.9009617187499998
13.375	 0.9005206249999996
13.385	 0.9032790624999997
13.395	 0.9058515624999998
13.405	 0.9057801562499997
13.415	 0.9103196874999998
13.424999999999999	 0.9100145312499998
13.435	 0.9129256249999999
13.445	 0.9156628124999998
13.455	 0.9157367187499998
13.465000000000002	 0.9204073437499999
13.475	 0.9204001562499999
13.485	 0.92362828125
13.495	 0.9265775
13.505	 0.92680875
13.515	 0.9318346874999999
13.525	 0.9322853124999999
13.534999999999998	 0.935418125
13.545	 0.93880125
13.555	 0.9394068750000001
13.565	 0.9448118750000001
13.575000000000001	 0.9454150000000001
13.585	 0.949470625
13.594999999999999	 0.9533521875000002
13.604999999999999	 0.9545537500000001
13.614999999999998	 0.96066921875
13.625	 0.96219734375
13.635000000000002	 0.9670110937499999
13.645000000000001	 0.97194390625
13.655000000000001	 0.9741301562499999
13.665	 0.98125171875
13.674999999999999	 0.98394828125
13.685	 0.9899968749999999
13.695	 0.9960407812499998
13.705	 0.9997862499999999
13.715	 1.008548125
13.725	 1.012946875
13.735	 1.0209290624999998
13.745	 1.0293882812499997
13.755	 1.03541078125
13.765	 1.0468525
13.775	 1.0539001562499999
13.785	 1.0647362499999997
13.795	 1.0764759374999997
13.805	 1.0860626562499998
13.814999999999998	 1.1011568749999998
13.825000000000001	 1.1124459374999998
13.835	 1.1276714062499997
13.844999999999999	 1.1439387499999998
13.854999999999999	 1.1581126562499997
13.864999999999998	 1.1780707812499998
13.875	 1.1940234374999998
13.885	 1.2141315625
13.895000000000001	 1.23526734375
13.905	 1.2541334375000002
13.915	 1.2787501562499999
13.925	 1.2995451562499998
13.935	 1.323983125
13.945	 1.34914109375
13.955	 1.37189578125
13.965	 1.3999839062500001
13.975	 1.42373515625
13.985	 1.450874375
13.994999999999997	 1.4783903125
14.004999999999999	 1.5028878124999998
14.015	 1.5324707812499998
14.025000000000002	 1.5574999999999999
14.035	 1.58528765625
14.045	 1.6131396875000001
14.055	 1.6377945312500002
14.064999999999998	 1.6671676562500002
14.075	 1.6915960937500003
14.085	 1.7185325000000002
14.094999999999999	 1.7453498437500004
14.104999999999999	 1.7686718750000006
14.114999999999997	 1.7964737500000005
14.124999999999998	 1.8191307812500004
14.135	 1.8442982812500002
14.145000000000001	 1.8691701562500003
14.155000000000001	 1.8903559375000003
14.165000000000001	 1.9159478125000002
14.175	 1.9366759375000002
14.185	 1.959096875
14.195	 1.98160359375
14.205	 2.00022890625
14.215	 2.02316484375
14.225	 2.040955625
14.235	 2.06092078125
14.244999999999997	 2.0807596875
14.254999999999999	 2.09655015625
14.265	 2.11667984375
14.275000000000002	 2.13157859375
14.285	 2.1486089062500002
14.295	 2.1654150000000003
14.305	 2.17853046875
14.314999999999998	 2.19568234375
14.325	 2.2075223437500004
14.335	 2.2216628125000004
14.344999999999999	 2.2353934375000004
14.354999999999999	 2.2452687500000006
14.364999999999997	 2.25911140625
14.374999999999998	 2.26758
14.385	 2.2778153125000005
14.395000000000001	 2.2879409375
14.405000000000001	 2.29389421875
14.415000000000001	 2.30389109375
14.425	 2.3083710937500004
14.435	 2.31461296875
14.445	 2.3202945312500005
14.455	 2.3218085937500006
14.465	 2.327146875
14.475	 2.3269203125000004
14.485	 2.32828875
14.495	 2.3292401562500005
14.504999999999999	 2.32626234375
14.515	 2.32687984375
14.525000000000002	 2.3219970312499996
14.535000000000002	 2.31958890625
14.545000000000002	 2.3162390625
14.555000000000001	 2.3094632812499998
14.565	 2.30651390625
14.574999999999998	 2.2985578124999995
14.584999999999999	 2.293276874999999
14.594999999999999	 2.2875237499999996
14.604999999999999	 2.27891203125
14.614999999999998	 2.2747398437500004
14.624999999999998	 2.2659159375
14.635	 2.2602010937500006
14.645000000000001	 2.2546554687500007
14.655000000000001	 2.2465445312500005
14.665000000000001	 2.243082656250001
14.675	 2.2354295312500003
14.685	 2.2310617187500004
14.695	 2.2268965625000003
14.705	 2.2205189062499997
14.715	 2.2189453125000003
14.725	 2.21321859375
14.735	 2.2110084375000003
14.745	 2.2091226562500004
14.754999999999999	 2.204759687500001
14.765	 2.2052650000000003
14.775	 2.2016553125000007
14.785000000000002	 2.2014598437500004
14.795000000000002	 2.2014526562500003
14.805000000000001	 2.1989921875000005
14.815000000000001	 2.2012976562500004
14.824999999999998	 2.1997098437499996
14.834999999999999	 2.2008567187499994
14.844999999999999	 2.20239453125
14.854999999999999	 2.2016434375
14.864999999999998	 2.20544375
14.874999999999998	 2.2050551562500003
14.884999999999998	 2.2079375
14.895000000000001	 2.21111078125
14.905000000000001	 2.211604375
14.915000000000003	 2.2167709375000006
14.925000000000002	 2.2177532812500007
14.935	 2.2221759375
14.945	 2.22637453125
14.955	 2.2281603125000005
14.965	 2.2346285937500006
14.974999999999998	 2.2368482812500003
14.985	 2.2421292187500006
14.995	 2.24764859375
15.004999999999999	 2.2505857812500003
15.014999999999999	 2.2581484375000005
15.025	 2.2616245312500007
15.035000000000002	 2.2679712500000004
15.045000000000002	 2.2743990625
15.055000000000001	 2.277996875
15.065000000000001	 2.2862175
15.074999999999998	 2.28987953125
15.084999999999999	 2.296598125
15.094999999999999	 2.3032165625000003
15.104999999999999	 2.30689296875
15.114999999999998	 2.3149206250000005
15.124999999999998	 2.3183634375000004
15.134999999999998	 2.32423328125
15.145000000000001	 2.3296620312500003
15.155000000000001	 2.3325515625000004
15.165000000000003	 2.3395515625000005
15.175000000000002	 2.341089375
15.185	 2.3459221875
15.195	 2.349631874999999
15.205	 2.3503901562499996
15.215	 2.355244375
15.224999999999998	 2.3546959375
15.235	 2.3569799999999996
15.245	 2.35807921875
15.254999999999999	 2.35620046875
15.264999999999999	 2.3582651562499994
15.275	 2.3547484374999996
15.285000000000002	 2.3542859375
15.295000000000002	 2.3524237499999994
15.305000000000003	 2.3477412499999994
15.315000000000001	 2.3469757812499994
15.325	 2.34077921875
15.334999999999999	 2.3376965625
15.344999999999999	 2.3333621875
15.354999999999999	 2.3262167187500005
15.364999999999998	 2.3233079687500005
15.374999999999998	 2.3150729687500005
15.384999999999998	 2.310101875
15.395	 2.3044035937499996
15.405000000000001	 2.2958634374999995
15.415000000000003	 2.2916624999999993
15.425000000000002	 2.282294999999999
15.435000000000002	 2.2763274999999994
15.445	 2.2698376562499996
15.455	 2.2606228124999994
15.465	 2.2558878124999997
15.474999999999998	 2.246425
15.485	 2.2400185937500003
15.495	 2.2330901562500003
15.504999999999999	 2.2236868750000003
15.514999999999999	 2.2188851562500003
15.525	 2.2089551562499996
15.535000000000002	 2.2024868749999995
15.545000000000002	 2.1957825
15.555000000000003	 2.1863339062500002
15.565000000000001	 2.18142953125
15.575	 2.1714112500000002
15.584999999999999	 2.16494296875
15.594999999999999	 2.1580693749999997
15.604999999999999	 2.1485134374999992
15.614999999999998	 2.1434804687499995
15.624999999999998	 2.1335289062499996
15.634999999999998	 2.12692703125
15.645	 2.1199890624999997
15.655000000000001	 2.11020671875
15.665000000000003	 2.1050329687500007
15.675000000000002	 2.094828593750001
15.685000000000002	 2.0880742187500005
15.695000000000002	 2.0811148437500004
15.705	 2.0712418750000006
15.715	 2.0661134375000008
15.724999999999998	 2.0560068750000005
15.734999999999998	 2.0493382812500007
15.744999999999997	 2.0424670312500006
15.754999999999999	 2.0329517187500006
15.764999999999999	 2.0280617187500005
15.775	 2.0185917187500007
15.785	 2.0124332812500003
15.795000000000002	 2.005881562500001
15.805000000000003	 1.9966618750000005
15.815000000000003	 1.9922798437500004
15.825000000000001	 1.9831364062500003
15.834999999999999	 1.9773620312500007
15.844999999999999	 1.9714039062500008
15.854999999999999	 1.9628304687500007
15.864999999999997	 1.9589895312500005
15.874999999999998	 1.9504732812500007
15.884999999999998	 1.9453329687500007
15.895	 1.940011406250001
15.905	 1.9318718750000008
15.915000000000001	 1.9286246875000008
15.925000000000002	 1.9205423437500009
15.935000000000002	 1.9160887500000006
15.945000000000002	 1.9113537500000006
15.955	 1.9040104687500006
15.965	 1.9014570312500005
15.974999999999998	 1.8941660937500004
15.984999999999998	 1.8903632812500002
15.994999999999997	 1.8864484375000004
16.005	 1.8797726562500001
16.014999999999997	 1.87794640625
16.025	 1.87134703125
16.035	 1.86799015625
16.045	 1.86482640625
16.055000000000003	 1.8589446875000002
16.065000000000005	 1.8579098437500001
16.075000000000003	 1.85219484375
16.085	 1.8495651562500002
16.095	 1.8472000000000002
16.105	 1.8420071875000001
16.115	 1.8416662499999998
16.124999999999996	 1.83693375
16.134999999999998	 1.8348500000000003
16.145	 1.8332812500000002
16.154999999999998	 1.8287010937500001
16.165	 1.8291396875
16.175	 1.8249434375000002
16.185000000000002	 1.8237275000000004
16.195000000000004	 1.8228525000000004
16.205000000000002	 1.8190950000000004
16.215	 1.8201989062500004
16.224999999999998	 1.8166487500000004
16.235	 1.8161670312500005
16.244999999999997	 1.8159239062500003
16.254999999999995	 1.8127601562500004
16.264999999999997	 1.8144743750000005
16.274999999999995	 1.81144890625
16.284999999999997	 1.8114107812500002
16.294999999999998	 1.8117040625
16.305	 1.8090529687499999
16.315	 1.8113037499999998
16.325000000000003	 1.8089648437499999
16.335000000000004	 1.8095512499999997
16.345000000000002	 1.8104645312499996
16.355	 1.8085334374999997
16.365	 1.81135875
16.375	 1.8096040624999998
16.384999999999998	 1.81079140625
16.395	 1.81231484375
16.404999999999998	 1.8108653124999998
16.415	 1.8143176562499999
16.425	 1.8132281249999997
16.435000000000002	 1.8151284374999996
16.445000000000004	 1.81737203125
16.455000000000002	 1.8165446875
16.465	 1.8207670312499997
16.474999999999998	 1.8204665624999998
16.485	 1.82322265625
16.494999999999997	 1.82646265625
16.504999999999995	 1.8266343749999998
16.514999999999997	 1.8318295312499995
16.524999999999995	 1.8325446874999995
16.534999999999997	 1.8363760937499998
16.544999999999995	 1.8409799999999998
16.554999999999996	 1.8423865624999998
16.565	 1.8490693749999998
16.575000000000003	 1.8512604687499998
16.585000000000004	 1.8566701562499999
16.595000000000002	 1.862838125
16.605000000000004	 1.8662165625000005
16.615000000000002	 1.87483546875
16.625	 1.8790959375
16.635	 1.88658953125
16.645	 1.8948865625000002
16.654999999999998	 1.9004226562500002
16.665	 1.9113017187500003
16.675	 1.9180132812500001
16.685000000000002	 1.9277860937500004
16.695	 1.9384243750000005
16.705000000000002	 1.9460943750000004
16.715	 1.9590834375000006
16.725	 1.9679239062500002
16.735	 1.9796326562500002
16.744999999999997	 1.9921639062500005
16.754999999999995	 2.0016671875000003
16.764999999999997	 2.0164348437500004
16.774999999999995	 2.0272804687500003
16.784999999999997	 2.04025515625
16.794999999999995	 2.0544696875
16.804999999999993	 2.0653225000000006
16.814999999999998	 2.0813562500000007
16.825000000000003	 2.0930554687500007
16.835000000000004	 2.1074393750000002
16.845000000000006	 2.1225170312500006
16.855000000000004	 2.1343425000000007
16.865000000000002	 2.151310781250001
16.875000000000004	 2.163827812500001
16.885	 2.179089062500001
16.895	 2.194946250000001
16.904999999999998	 2.207429843750001
16.915	 2.2249917187500006
16.925	 2.2381500000000005
16.935000000000002	 2.2538714062500005
16.945	 2.2703389062500006
16.955000000000002	 2.283244375
16.965	 2.301056718750001
16.975	 2.3144392187500005
16.985	 2.3302343750000003
16.994999999999997	 2.3466256250000006
17.004999999999995	 2.3594596875000007
17.014999999999997	 2.3771717187500006
17.024999999999995	 2.3902942187500007
17.034999999999993	 2.4056556250000005
17.044999999999995	 2.4216845312500004
17.054999999999993	 2.4336984375000004
17.064999999999998	 2.4506857812500003
17.075000000000003	 2.4630048437500003
17.085000000000004	 2.4774457812500006
17.095000000000006	 2.4923993750000006
17.105000000000008	 2.5035145312500005
17.115000000000006	 2.51924296875
17.125000000000004	 2.53013390625
17.135000000000005	 2.5427773437499996
17.145000000000003	 2.55608578125
17.155	 2.56515046875
17.165	 2.5788309375
17.175	 2.58749984375
17.185000000000002	 2.5978804687499997
17.195	 2.60873328125
17.205000000000002	 2.6151873437499993
17.215	 2.6261665625
17.225	 2.6320865625
17.235	 2.6396754687499997
17.244999999999997	 2.6474526562499996
17.254999999999995	 2.6507379687499992
17.264999999999997	 2.65841515625
17.274999999999995	 2.6610496875
17.284999999999993	 2.6653078124999996
17.29499999999999	 2.6698782812499995
17.304999999999993	 2.669811406249999
17.314999999999994	 2.6741624999999996
17.325	 2.6734782812499995
17.335000000000004	 2.674443906249999
17.345000000000006	 2.675905468749999
17.355000000000008	 2.672879999999999
17.365000000000006	 2.674415468749999
17.375000000000004	 2.671134843749999
17.385000000000005	 2.6695374999999983
17.395000000000003	 2.668674374999999
17.405000000000005	 2.663460156249999
17.415	 2.6629165624999986
17.425	 2.658162499999999
17.435	 2.654471874999999
17.445	 2.6522521874999985
17.455000000000002	 2.645793437499999
17.465	 2.644246093749999
17.474999999999998	 2.638168749999999
17.485	 2.6342134374999993
17.494999999999997	 2.63128578125
17.504999999999995	 2.6244407812499997
17.514999999999997	 2.6226359374999997
17.524999999999995	 2.6164203124999994
17.534999999999993	 2.6124887499999994
17.54499999999999	 2.6098279687499994
17.55499999999999	 2.603083124999999
17.564999999999994	 2.601590624999999
17.575	 2.5958470312499995
17.585	 2.5921706249999996
17.595000000000006	 2.5899271874999994
17.605000000000008	 2.583952343749999
17.615000000000006	 2.583105937499999
17.625000000000007	 2.578232656249999
17.635000000000005	 2.575262031249999
17.645000000000003	 2.5738671874999994
17.655000000000005	 2.568710312499999
17.665	 2.5687556249999997
17.675	 2.5647406249999993
17.685	 2.5628737499999996
17.695	 2.5625614062499995
17.705000000000002	 2.5584034375
17.715	 2.5593665625
17.724999999999998	 2.5564579687499998
17.735	 2.5555710937500002
17.744999999999997	 2.5559810937500003
17.754999999999995	 2.5526623437500002
17.764999999999997	 2.5546698437499997
17.774999999999995	 2.55279828125
17.784999999999993	 2.55289375
17.79499999999999	 2.55451734375
17.80499999999999	 2.5522309375
17.81499999999999	 2.5552707812500004
17.824999999999996	 2.5543957812499998
17.835	 2.5555020312499996
17.845000000000002	 2.55822234375
17.855000000000008	 2.55711125
17.86500000000001	 2.5613096875
17.875000000000007	 2.56150984375
17.885000000000005	 2.5637843750000004
17.895000000000007	 2.5678876562500013
17.905000000000005	 2.5679853125000007
17.915000000000003	 2.5734045312500005
17.925	 2.57491609375
17.935	 2.5781300000000003
17.945	 2.5834896875
17.955000000000002	 2.58481046875
17.965	 2.59128828125
17.975	 2.593708125
17.985	 2.59796859375
17.994999999999997	 2.6041626562499998
18.004999999999995	 2.6062296875
18.014999999999997	 2.6135134375
18.024999999999995	 2.6168703125
18.034999999999993	 2.6218460937500003
18.04499999999999	 2.6287315624999996
18.05499999999999	 2.63138046875
18.06499999999999	 2.6389909375000005
18.074999999999992	 2.642982031250001
18.084999999999997	 2.6477790625000006
18.095000000000002	 2.654666875000001
18.105000000000004	 2.6571775000000004
18.115000000000006	 2.6647496875
18.125000000000007	 2.668149531250001
18.13500000000001	 2.6729654687500006
18.145000000000007	 2.679340781250001
18.15500000000001	 2.6812339062500006
18.165000000000003	 2.6880096875000006
18.175000000000004	 2.69065609375
18.185000000000002	 2.6945446875
18.195	 2.7000068750000006
18.205000000000002	 2.7008890625
18.215	 2.70674703125
18.225	 2.708435
18.235	 2.7111959374999994
18.244999999999997	 2.7155112499999996
18.254999999999995	 2.715358593749999
18.264999999999997	 2.7201531249999995
18.274999999999995	 2.7208921874999996
18.284999999999993	 2.7228353124999995
18.29499999999999	 2.72634484375
18.30499999999999	 2.7253245312499996
18.31499999999999	 2.7293300000000005
18.324999999999992	 2.7291131250000005
18.334999999999997	 2.7304650000000006
18.345	 2.7333689062500004
18.355000000000004	 2.7318787500000004
18.365000000000006	 2.7354264062500007
18.375000000000007	 2.7351140625
18.38500000000001	 2.73606546875
18.39500000000001	 2.73893359375
18.40500000000001	 2.7374006250000007
18.415000000000006	 2.7409434375000004
18.425000000000004	 2.7406501562500005
18.435000000000002	 2.7417731250000004
18.445	 2.7449535937500005
18.455000000000002	 2.74366140625
18.465	 2.7476025
18.475	 2.7477098437500005
18.485	 2.7492046875000002
18.494999999999997	 2.75275234375
18.504999999999995	 2.751886875
18.514999999999993	 2.7561951562500004
18.524999999999995	 2.7566146874999995
18.534999999999993	 2.75835265625
18.54499999999999	 2.7623485937499996
18.55499999999999	 2.7619028124999994
18.56499999999999	 2.7665353125
18.574999999999992	 2.7676271875
18.584999999999994	 2.7695798437500008
18.595	 2.773742656250001
18.605000000000004	 2.7735828125000004
18.615000000000006	 2.7786850000000007
18.625000000000007	 2.7802251562500007
18.63500000000001	 2.7827523437500004
18.64500000000001	 2.787411093750001
18.65500000000001	 2.7875540625000004
18.66500000000001	 2.7928946875
18.675000000000008	 2.7946090625000006
18.685000000000006	 2.7972721875000013
18.695000000000004	 2.8021812500000007
18.705000000000002	 2.8026651562500007
18.715	 2.8083704687500015
18.725	 2.8105520312500007
18.735	 2.8132676562500007
18.744999999999997	 2.818598593750001
18.754999999999995	 2.8194043750000013
18.764999999999993	 2.8253553125000006
18.774999999999995	 2.8276203125000015
18.784999999999993	 2.831070312500001
18.79499999999999	 2.836797031250001
18.80499999999999	 2.837974843750001
18.81499999999999	 2.84416421875
18.824999999999992	 2.84687984375
18.834999999999994	 2.85076125
18.845	 2.8568100000000003
18.855	 2.8582929687500003
18.865000000000002	 2.8649353125
18.875000000000007	 2.8681825
18.88500000000001	 2.8722428125
18.89500000000001	 2.8786825000000005
18.905000000000012	 2.8805231250000003
18.91500000000001	 2.88747296875
18.925000000000008	 2.8909085937500003
18.935000000000006	 2.8952978125000004
18.945000000000004	 2.9020164062500005
18.955000000000002	 2.9040953125000004
18.965	 2.91143140625
18.975	 2.9151243750000004
18.985	 2.919628125
18.994999999999997	 2.9267306250000003
19.004999999999995	 2.9291314062500002
19.014999999999993	 2.9365818750000003
19.02499999999999	 2.9407135937500004
19.034999999999993	 2.94550828125
19.04499999999999	 2.9527728125000006
19.05499999999999	 2.955331093750001
19.06499999999999	 2.962948593750001
19.074999999999992	 2.967266250000001
19.084999999999994	 2.972189687500001
19.095	 2.979683125000001
19.105	 2.9824035937500013
19.115000000000002	 2.990271406250001
19.125000000000004	 2.9947346875000016
19.135000000000005	 2.9997796875000016
19.145000000000007	 3.007230312500001
19.155000000000012	 3.009933906250001
19.16500000000001	 3.0178565625000013
19.175000000000008	 3.022298281250001
19.185000000000006	 3.027319375000001
19.195000000000004	 3.034710312500001
19.205000000000002	 3.037473593750001
19.215	 3.045188906250001
19.225	 3.0496903125000006
19.235	 3.0547232812500007
19.244999999999997	 3.0621334375000004
19.254999999999995	 3.0647440625000004
19.264999999999993	 3.07229
19.27499999999999	 3.07646953125
19.284999999999993	 3.0811782812499997
19.29499999999999	 3.0884643749999996
19.30499999999999	 3.0910106249999996
19.31499999999999	 3.0984778124999997
19.324999999999992	 3.10250234375
19.334999999999994	 3.10709421875
19.344999999999995	 3.1142229687499996
19.355	 3.1165332812499997
19.365000000000002	 3.1239790624999997
19.375000000000004	 3.1283278125
19.385000000000005	 3.1324525
19.395000000000007	 3.1395240624999996
19.40500000000001	 3.1417579687499995
19.41500000000001	 3.14909171875
19.42500000000001	 3.15303984375
19.43500000000001	 3.1574315625000002
19.445000000000007	 3.16449828125
19.455000000000005	 3.1666440625000005
19.465000000000003	 3.1737751562500005
19.475	 3.1774896875000005
19.485	 3.1817334375
19.494999999999997	 3.1885712500000003
19.504999999999995	 3.1905740625000005
19.514999999999993	 3.1976050000000007
19.52499999999999	 3.2014268750000006
19.534999999999993	 3.2056087500000006
19.54499999999999	 3.2124228125000007
19.55499999999999	 3.2143707812500013
19.56499999999999	 3.221285000000001
19.574999999999992	 3.2248517187500005
19.584999999999994	 3.2288260937500004
19.594999999999995	 3.2355137500000004
19.605	 3.2373806250000006
19.615	 3.244290000000001
19.625000000000004	 3.247983125000001
19.635000000000005	 3.2516167187500002
19.645000000000007	 3.258244843750001
19.65500000000001	 3.2600306249999997
19.66500000000001	 3.2668065624999993
19.67500000000001	 3.2704543749999995
19.68500000000001	 3.27424296875
19.695000000000007	 3.2807946875
19.705000000000005	 3.2825398437500004
19.715000000000003	 3.2892490625
19.725	 3.29289203125
19.735	 3.2966232812500005
19.744999999999997	 3.3032178125000007
19.754999999999995	 3.3048962500000005
19.764999999999993	 3.311548125
19.77499999999999	 3.3150360937500003
19.784999999999993	 3.318765
19.79499999999999	 3.3253717187499996
19.80499999999999	 3.3269787500000003
19.81499999999999	 3.33361875
19.824999999999992	 3.3372093750000005
19.834999999999994	 3.3408190625000005
19.844999999999995	 3.3472325000000005
19.855	 3.348827500000001
19.865	 3.355381562500001
19.875	 3.358843437500001
19.885000000000005	 3.362481718750001
19.895000000000007	 3.3689906250000012
19.90500000000001	 3.3705785937500012
19.91500000000001	 3.377182812500002
19.92500000000001	 3.380797187500001
19.93500000000001	 3.3844115625000013
19.945000000000007	 3.390932343750001
19.955000000000005	 3.3925154687500014
19.965000000000003	 3.3991840625000007
19.975	 3.402910625000001
19.985	 3.406496406250001
19.994999999999997	 3.4130146875
20.005	 3.4145571875000003
20.014999999999997	 3.4210565625000005
20.024999999999995	 3.4249618750000006
20.034999999999993	 3.4280159375000014
20.04499999999999	 3.4347035937500014
20.05499999999999	 3.436224687500001
20.06499999999999	 3.4425976562500016
20.074999999999992	 3.4461118750000015
20.084999999999994	 3.449557031250001
20.094999999999995	 3.4560754687500013
20.104999999999997	 3.4575726562500013
20.115	 3.464093437500001
20.125	 3.467612500000001
20.135000000000005	 3.471260312500001
20.145000000000003	 3.477819218750001
20.155000000000005	 3.479304531250001
20.165000000000006	 3.485741875000001
20.175000000000008	 3.4892181250000007
20.18500000000001	 3.492629843750001
20.19500000000001	 3.499145781250001
20.20500000000001	 3.500652500000001
20.215000000000007	 3.507113750000001
20.225000000000005	 3.510771093750001
20.235000000000003	 3.514297343750001
20.245	 3.5208370312500006
20.255	 3.522320000000001
20.264999999999997	 3.528776250000001
20.274999999999995	 3.532526562500001
20.284999999999993	 3.536005000000001
20.29499999999999	 3.542585468750001
20.30499999999999	 3.5440898437500006
20.31499999999999	 3.5504984375000004
20.324999999999992	 3.5542081249999997
20.334999999999994	 3.5576103124999996
20.344999999999995	 3.56411671875
20.354999999999997	 3.565611562499999
20.365	 3.572037031249999
20.375	 3.575718281249999
20.385	 3.579170624999999
20.395000000000003	 3.5858606249999987
20.405000000000005	 3.5873745312499987
20.415000000000006	 3.593849999999999
20.425000000000008	 3.597569374999999
20.43500000000001	 3.6009285937499986
20.44500000000001	 3.607523124999999
20.45500000000001	 3.6090442187499985
20.465000000000007	 3.615359843749998
20.475000000000005	 3.619145937499998
20.485000000000003	 3.622622031249998
20.495	 3.6291832812499982
20.505	 3.6306876562499983
20.514999999999997	 3.637105937499998
20.524999999999995	 3.6408299999999985
20.534999999999993	 3.6441249999999985
20.54499999999999	 3.650750624999998
20.55499999999999	 3.6522621874999976
20.56499999999999	 3.6586423437499977
20.574999999999992	 3.662452343749998
20.584999999999994	 3.665768749999998
20.594999999999995	 3.672375312499998
20.604999999999997	 3.6738510937499984
20.615	 3.6800737499999987
20.625	 3.684031562499998
20.635	 3.687381406249998
20.645000000000003	 3.6939642187499984
20.655	 3.695449531249998
20.665000000000006	 3.701758124999998
20.675000000000008	 3.7060401562499985
20.68500000000001	 3.7086342187499985
20.69500000000001	 3.7154268749999986
20.70500000000001	 3.716890781249998
20.715000000000007	 3.7231779687499977
20.725000000000005	 3.726880624999998
20.735000000000003	 3.730156406249998
20.745	 3.7368656249999983
20.755	 3.7383439062499986
20.764999999999997	 3.744709687499998
20.774999999999995	 3.7483814062499983
20.784999999999993	 3.7514640624999984
20.79499999999999	 3.7581779687499988
20.80499999999999	 3.7596393749999986
20.81499999999999	 3.7658882812499987
20.824999999999992	 3.7697601562499985
20.834999999999994	 3.7728524999999986
20.844999999999995	 3.779475781249999
20.854999999999997	 3.7810229687499985
20.865	 3.787245781249998
20.875	 3.7910342187499984
20.885	 3.7940860937499985
20.895000000000003	 3.8007189062499993
20.905000000000005	 3.8022090624999993
20.915000000000006	 3.808536718749999
20.925000000000008	 3.812375312499999
20.93500000000001	 3.8153220312499987
20.94500000000001	 3.8220264062499982
20.95500000000001	 3.823528437499999
20.965000000000007	 3.829715468749999
20.97500000000001	 3.833587343749999
20.985000000000007	 3.836774999999999
20.995000000000005	 3.8435054687499988
21.005000000000003	 3.844924062499999
21.014999999999997	 3.851087031249999
21.024999999999995	 3.8549112499999993
21.034999999999993	 3.8578390624999996
21.04499999999999	 3.86453859375
21.05499999999999	 3.86598109375
21.06499999999999	 3.8719915625000003
21.074999999999992	 3.87586828125
21.084999999999994	 3.8789915625000004
21.094999999999995	 3.8857150000000007
21.104999999999997	 3.887176562500001
21.115	 3.893368281250001
21.125	 3.897276093750001
21.135	 3.9005162500000012
21.145000000000003	 3.9070728125000014
21.155	 3.9085342187500016
21.165000000000003	 3.914721093750002
21.175000000000004	 3.918588125000002
21.185000000000006	 3.9215182812500013
21.195000000000007	 3.928244062500001
21.20500000000001	 3.929705625000001
21.21500000000001	 3.9357900000000017
21.22500000000001	 3.939721562500002
21.235000000000007	 3.942604062500002
21.245000000000005	 3.9492320312500016
21.255000000000003	 3.9506696875000014
21.264999999999997	 3.956639687500002
21.274999999999995	 3.9604353125000014
21.284999999999993	 3.963351093750002
21.29499999999999	 3.9699481250000015
21.30499999999999	 3.9713785937500017
21.31499999999999	 3.9774917187500014
21.324999999999992	 3.9819357812500016
21.334999999999994	 3.9843007812500018
21.344999999999995	 3.9910598437500013
21.354999999999997	 3.992518906250001
21.365	 3.9985485937500007
21.375	 4.002580312500001
21.385	 4.00545078125
21.395000000000003	 4.012133593750001
21.405	 4.013568906250001
21.415000000000003	 4.01958890625
21.425000000000004	 4.02368015625
21.435000000000006	 4.0262551562499995
21.445000000000007	 4.03285703125
21.45500000000001	 4.034249375000001
21.46500000000001	 4.040214687500001
21.47500000000001	 4.044298749999999
21.485000000000007	 4.047143125
21.495000000000005	 4.053721093749999
21.505000000000003	 4.0551325
21.515	 4.06118125
21.524999999999995	 4.0652128125
21.534999999999993	 4.06794984375
21.54499999999999	 4.07458265625
21.55499999999999	 4.075939218749999
21.56499999999999	 4.081849531249999
21.574999999999992	 4.08596703125
21.584999999999994	 4.08867296875
21.594999999999995	 4.095262968749999
21.604999999999997	 4.096643437499999
21.615	 4.102558749999999
21.625	 4.106447343749999
21.635	 4.108888749999999
21.645000000000003	 4.115588281249999
21.655	 4.117023593749999
21.665000000000003	 4.1228815625
21.675000000000004	 4.12698953125
21.685000000000006	 4.129490625
21.695000000000007	 4.1361234375
21.70500000000001	 4.13770890625
21.71500000000001	 4.143538281250001
21.72500000000001	 4.14763671875
21.735000000000007	 4.150225937500001
21.745000000000005	 4.156930312500001
21.755000000000003	 4.158370312500001
21.765	 4.1642496875
21.775	 4.16820265625
21.784999999999993	 4.170787031250001
21.79499999999999	 4.177486718750002
21.80499999999999	 4.17889828125
21.81499999999999	 4.18492546875
21.824999999999992	 4.189116875
21.834999999999994	 4.191524843750001
21.844999999999995	 4.198171875000002
21.854999999999997	 4.199571406250001
21.865	 4.205434062500002
21.875	 4.209673125000002
21.885	 4.212291093750001
21.895000000000003	 4.218969218750002
21.905	 4.220328125000001
21.915000000000003	 4.226169375000001
21.925	 4.230430000000002
21.935000000000002	 4.2330884375
21.945000000000004	 4.2397975
21.955000000000005	 4.241158749999999
21.965000000000007	 4.246947499999999
21.97500000000001	 4.251394062499999
21.98500000000001	 4.25354703125
21.995000000000005	 4.26021078125
22.005000000000003	 4.26167703125
22.015	 4.2672178125
22.025	 4.271375937499999
22.034999999999997	 4.273853125
22.04499999999999	 4.280516875
22.05499999999999	 4.281992656250001
22.06499999999999	 4.2877528125
22.074999999999992	 4.292087187499999
22.084999999999994	 4.29455
22.094999999999995	 4.301273437499999
22.104999999999997	 4.30271828125
22.115	 4.30852859375
22.125	 4.3126628125
22.135	 4.3150660937500005
22.145000000000003	 4.321753750000001
22.155	 4.323189062500001
22.165000000000003	 4.32888015625
22.175	 4.33330046875
22.185000000000002	 4.33578234375
22.195000000000004	 4.342555781250001
22.205000000000005	 4.34406734375
22.215000000000007	 4.3498585937500005
22.22500000000001	 4.3541596875
22.23500000000001	 4.356567656249999
22.245000000000005	 4.36332671875
22.255000000000003	 4.36490015625
22.265	 4.37060078125
22.275	 4.375135625
22.284999999999997	 4.37759125
22.29499999999999	 4.384250312500001
22.30499999999999	 4.38577625
22.31499999999999	 4.391174062499998
22.324999999999992	 4.395684843749999
22.334999999999994	 4.398073749999998
22.344999999999995	 4.404730468749998
22.354999999999993	 4.406313593749998
22.365	 4.411804374999998
22.375	 4.416219843749998
22.385	 4.418491874999998
22.395000000000003	 4.425200937499998
22.405	 4.426679062499998
22.415000000000003	 4.432169843749997
22.425	 4.436749999999997
22.435000000000002	 4.439007812499998
22.445000000000004	 4.445759687499998
22.455000000000005	 4.447264218749999
22.465000000000007	 4.452735937499998
22.47500000000001	 4.457349374999999
22.48500000000001	 4.459740781249999
22.495000000000008	 4.4664523437499986
22.505000000000006	 4.467930624999998
22.515000000000004	 4.473452343749999
22.525000000000002	 4.47787015625
22.534999999999997	 4.480147031249999
22.544999999999995	 4.48690625
22.55499999999999	 4.4885728125
22.56499999999999	 4.494223281249998
22.574999999999992	 4.498743593749999
22.584999999999994	 4.501044374999998
22.594999999999995	 4.507782187499998
22.604999999999993	 4.509386718749997
22.615	 4.514956249999997
22.625	 4.519772343749997
22.634999999999998	 4.5218895312499985
22.645000000000003	 4.528727343749998
22.655	 4.530532187499998
22.665000000000003	 4.536013281249999
22.675000000000004	 4.540567031249998
22.685000000000002	 4.542963125
22.695000000000004	 4.5498009375
22.705000000000005	 4.551436562499999
22.715000000000007	 4.556963124999999
22.72500000000001	 4.561693437499999
22.73500000000001	 4.564072812499998
22.745000000000008	 4.570915312499999
22.755000000000006	 4.572548437499999
22.765000000000004	 4.5783109374999995
22.775000000000002	 4.583079374999999
22.784999999999997	 4.58537296875
22.794999999999995	 4.592184531249999
22.80499999999999	 4.59399890625
22.81499999999999	 4.599535
22.824999999999992	 4.60426046875
22.834999999999994	 4.606670937500001
22.844999999999995	 4.613575625
22.854999999999993	 4.61534703125
22.864999999999995	 4.620849687500001
22.874999999999996	 4.62575390625
22.884999999999998	 4.62815484375
22.895000000000003	 4.63504046875
22.905	 4.636974062499999
22.915000000000003	 4.6424934375
22.925000000000004	 4.6472475
22.935000000000002	 4.649755624999999
22.945	 4.6567268749999995
22.955000000000002	 4.658905937499999
22.965000000000003	 4.664470624999999
22.975000000000005	 4.669429687499998
22.985000000000007	 4.672018906249999
22.995000000000008	 4.679016406249998
23.005000000000006	 4.681042968749998
23.015000000000004	 4.686614843749998
23.025000000000002	 4.69179328125
23.035	 4.6943896875
23.044999999999995	 4.701425468749998
23.054999999999993	 4.703533125
23.06499999999999	 4.70929796875
23.074999999999992	 4.71439296875
23.084999999999994	 4.7168892187500004
23.094999999999995	 4.723939218750001
23.104999999999993	 4.7260659375000005
23.114999999999995	 4.7317140625
23.124999999999996	 4.736882968750001
23.134999999999998	 4.7395603125
23.145000000000003	 4.74672953125
23.155	 4.7488778125
23.165000000000003	 4.75478109375
23.175000000000004	 4.7600334375
23.185000000000002	 4.76260125
23.195	 4.76981578125
23.205000000000002	 4.7718732812499995
23.215000000000003	 4.7775715624999995
23.225000000000005	 4.782907343749999
23.235000000000007	 4.7855275
23.245000000000008	 4.79245125
23.255000000000006	 4.7947590625
23.265000000000004	 4.8004071875
23.275000000000002	 4.805847968749999
23.285	 4.808255937499999
23.294999999999995	 4.81479578125
23.304999999999993	 4.81706078125
23.31499999999999	 4.822365625
23.324999999999992	 4.8276346875
23.334999999999994	 4.83036703125
23.344999999999995	 4.836604062499999
23.354999999999993	 4.8389929687499995
23.364999999999995	 4.8438971875000005
23.374999999999996	 4.849254531250001
23.384999999999998	 4.851848593750001
23.395000000000003	 4.857737500000001
23.405	 4.85996203125
23.415000000000003	 4.864532500000001
23.425000000000004	 4.86970375
23.435000000000002	 4.8724479687499995
23.445	 4.878003125
23.455000000000002	 4.8802371875
23.465000000000003	 4.884407187500001
23.475000000000005	 4.8890706250000004
23.485000000000007	 4.89173375
23.495000000000005	 4.896900312500001
23.505000000000006	 4.8993203125
23.515000000000004	 4.90311359375
23.525000000000002	 4.907471875
23.535	 4.90985125
23.544999999999998	 4.914650625
23.554999999999993	 4.917068124999999
23.564999999999994	 4.920537187499999
23.574999999999992	 4.924523593749999
23.584999999999994	 4.926464375
23.594999999999995	 4.930872812499999
23.604999999999993	 4.932932812499999
23.614999999999995	 4.935979843749999
23.624999999999996	 4.93954890625
23.634999999999998	 4.941160624999999
23.645	 4.945211406249999
23.655	 4.946913749999999
23.665000000000003	 4.949472031249999
23.675000000000004	 4.9526596875
23.685000000000002	 4.953904218749999
23.695	 4.9576020312499995
23.705000000000002	 4.958787031249999
23.715000000000003	 4.961111562499999
23.725000000000005	 4.9640465625
23.735000000000007	 4.9649215625
23.745000000000005	 4.9682784375
23.755000000000006	 4.969225
23.765000000000004	 4.97105125
23.775000000000002	 4.973545156249999
23.785	 4.9740076562499995
23.794999999999998	 4.976987812499999
23.804999999999993	 4.9774407812499994
23.814999999999994	 4.978949999999999
23.824999999999992	 4.981174375
23.834999999999994	 4.981219687499999
23.844999999999995	 4.98380421875
23.854999999999993	 4.98402828125
23.864999999999995	 4.985096406249999
23.874999999999996	 4.98695609375
23.884999999999998	 4.98695609375
23.895	 4.98917578125
23.905	 4.98917578125
23.915000000000003	 4.9900340624999995
23.925000000000004	 4.9917078125
23.935000000000002	 4.9917078125
23.945	 4.99358421875
23.955000000000002	 4.99358421875
23.965	 4.99402296875
23.975	 4.99502671875
23.985000000000003	 4.99502671875
23.995000000000005	 4.99650734375
24.005000000000006	 4.99650734375
24.015000000000004	 4.9965478125
24.025000000000006	 4.99734890625
24.035000000000004	 4.99734890625
24.044999999999998	 4.99844796875
24.054999999999996	 4.99844796875
24.064999999999994	 4.99844796875
24.074999999999992	 4.99879125
24.084999999999994	 4.99879125
24.094999999999995	 4.99957796875
24.104999999999993	 4.99957796875
24.114999999999995	 4.99957796875
24.124999999999996	 4.99957796875
24.134999999999998	 4.99957796875
24.145	 4.9999546875
24.155	 4.9999546875
24.165000000000003	 4.9999546875
24.175000000000004	 4.9999546875
24.185000000000002	 4.9999546875
24.195	 5.0
24.205000000000002	 5.0
24.215	 5.0
24.225	 5.0
24.235000000000003	 5.0
24.245000000000005	 5.0
24.255000000000006	 5.0
24.265000000000004	 5.0
24.275000000000006	 5.0
24.285000000000004	 5.0
24.294999999999998	 5.0
24.304999999999996	 5.0
24.314999999999994	 5.0
24.324999999999992	 5.0
24.334999999999994	 5.0
24.344999999999995	 5.0
24.354999999999993	 5.0
24.364999999999995	 5.0
24.374999999999996	 5.0
24.384999999999998	 5.0
24.395	 5.0
24.405	 5.0
24.415000000000003	 5.0
24.425000000000004	 5.0
24.435000000000002	 5.0
24.445	 5.0
24.455000000000002	 5.0
24.465	 5.0
24.475	 5.0
24.485000000000003	 5.0
24.495	 5.0
24.505000000000003	 5.0
24.515000000000004	 5.0
24.525000000000006	 5.0
24.535000000000004	 5.0
24.545	 5.0
24.554999999999996	 5.0
24.564999999999998	 5.0
24.574999999999996	 5.0
24.584999999999994	 5.0
24.594999999999995	 5.0
24.604999999999993	 5.0
24.614999999999995	 5.0
24.624999999999996	 5.0
24.634999999999998	 5.0
24.645	 5.0
24.654999999999998	 5.0
24.665000000000003	 5.0
24.675000000000004	 5.0
