0.32499999999999996	 0.7425378125000003
0.33499999999999996	 0.6941578125000003
0.3449999999999999	 0.6475828125000002
0.355	 0.6024001562500001
0.36499999999999994	 0.5595539062500002
0.375	 0.5192039062499998
0.38499999999999995	 0.48104265625000003
0.39499999999999996	 0.44648640625
0.40499999999999997	 0.4139040625
0.415	 0.38254484375
0.425	 0.3524540625
0.435	 0.32652125000000004
0.44500000000000006	 0.3041432812500001
0.455	 0.28470265625000013
0.4650000000000001	 0.26772734375000007
0.47500000000000003	 0.2527975
0.48500000000000004	 0.23954140625
0.49500000000000005	 0.22778500000000002
0.505	 0.21731375
0.515	 0.20803453125
0.5250000000000001	 0.19977812499999997
0.5350000000000001	 0.19239437499999995
0.5450000000000002	 0.18575687499999993
0.555	 0.17979171874999997
0.5650000000000001	 0.17441765625
0.5750000000000001	 0.16954906250000001
0.585	 0.16509296875000004
0.5949999999999999	 0.16110906250000004
0.6049999999999999	 0.15747328125000004
0.6149999999999999	 0.15417359375000006
0.6249999999999999	 0.15115765625000005
0.635	 0.1484278125
0.645	 0.14592921875
0.655	 0.14370234374999996
0.6649999999999999	 0.14172343749999997
0.6749999999999999	 0.14003296875
0.6849999999999999	 0.13861203125
0.695	 0.1374796875
0.705	 0.13640453125
0.715	 0.13549374999999997
0.725	 0.134606875
0.7349999999999999	 0.13383687499999997
0.7449999999999999	 0.13307859374999997
0.7549999999999999	 0.13237531249999998
0.7649999999999999	 0.13159328125
0.7749999999999999	 0.13087328125
0.785	 0.13011499999999998
0.7950000000000002	 0.1293615625
0.805	 0.12856281249999998
0.8150000000000001	 0.1278975
0.8250000000000001	 0.1271275
0.8350000000000001	 0.1265409375
0.845	 0.12586625
0.855	 0.125313125
0.865	 0.1246503125
0.875	 0.12426656250000001
0.885	 0.12381828125000004
0.895	 0.12360359375000002
0.905	 0.12332703125000002
0.9149999999999999	 0.12320781250000003
0.925	 0.1230384375
0.935	 0.12305265625
0.9450000000000001	 0.122990625
0.9550000000000001	 0.12305968750000001
0.965	 0.12307156250000001
0.975	 0.123169375
0.985	 0.12322890624999996
0.995	 0.12334578124999998
1.005	 0.12336718749999996
1.0150000000000001	 0.12349359374999998
1.0250000000000001	 0.12346968749999998
1.035	 0.12352203124999998
1.045	 0.12354343749999999
1.0550000000000002	 0.12363875
1.065	 0.123674375
1.075	 0.12382687500000002
1.0850000000000002	 0.12394609375000003
1.095	 0.12416781250000002
1.105	 0.12439421875000002
1.1150000000000002	 0.12475656250000004
1.125	 0.12517390625000005
1.135	 0.12568890625000007
1.145	 0.12617515625000006
1.155	 0.12669968750000005
1.1650000000000003	 0.12714312500000005
1.1749999999999998	 0.12764609375000008
1.1849999999999998	 0.12803937500000004
1.195	 0.12849953125000002
1.205	 0.12883093750000005
1.2149999999999999	 0.12920296875000004
1.2249999999999999	 0.12948187500000005
1.235	 0.12977750000000005
1.245	 0.12998250000000003
1.2550000000000001	 0.13024953125000002
1.2650000000000001	 0.13041640625000003
1.275	 0.13067625000000005
1.285	 0.13085265625000003
1.295	 0.13106968750000003
1.305	 0.13119359375000003
1.3149999999999997	 0.13132953125000002
1.325	 0.13132953125000002
1.335	 0.13130078125
1.345	 0.13130312500000005
1.355	 0.13144140625000003
1.365	 0.13156781250000005
1.375	 0.13184187500000003
1.385	 0.13212328125000003
1.3949999999999998	 0.13256437500000004
1.4049999999999998	 0.13306984375000003
1.415	 0.13366593750000005
1.425	 0.13433593750000003
1.435	 0.13514421875000004
1.445	 0.13597390625000005
1.455	 0.13679406250000004
1.4650000000000003	 0.13769046875000002
1.475	 0.13854890625000002
1.485	 0.13942859375
1.495	 0.14030109375
1.5050000000000001	 0.14114749999999998
1.5150000000000001	 0.14188656249999998
1.5250000000000001	 0.14265421874999998
1.535	 0.14327656249999998
1.545	 0.14385109374999996
1.555	 0.14436124999999997
1.5649999999999997	 0.14483093749999998
1.575	 0.14520765624999998
1.5849999999999997	 0.1455415625
1.5949999999999998	 0.14585156249999998
1.605	 0.14610421875000001
1.6150000000000002	 0.1463759375
1.625	 0.14660250000000002
1.635	 0.14686468749999998
1.645	 0.147079375
1.655	 0.14732734374999995
1.665	 0.14763968749999998
1.6749999999999998	 0.14794015624999995
1.6849999999999998	 0.14820015624999994
1.695	 0.14851015624999997
1.7049999999999998	 0.14877015624999992
1.715	 0.14904921874999993
1.725	 0.14928515625
1.7349999999999999	 0.14958328125
1.745	 0.14978359374999997
1.755	 0.15000296874999997
1.765	 0.15013640625
1.775	 0.15032953125
1.785	 0.15046078125000004
1.7950000000000002	 0.15063953125000004
1.8050000000000002	 0.15074921875000002
1.815	 0.15089953125000005
1.825	 0.15101640625
1.835	 0.151188125
1.845	 0.1513621875
1.855	 0.15156953125
1.8650000000000002	 0.15176984375000002
1.875	 0.15202015625
1.885	 0.15225140625
1.895	 0.15251140625
1.9049999999999998	 0.15277843750000003
1.915	 0.15302875000000002
1.925	 0.15326968750000003
1.935	 0.15357000000000004
1.945	 0.15378703125000004
1.9549999999999998	 0.15403500000000003
1.965	 0.15422812500000002
1.9750000000000003	 0.15445234375000003
1.9849999999999999	 0.15463828125
1.995	 0.15479796875000001
2.005	 0.15496484375000005
2.015	 0.15512703125000005
2.025	 0.15527250000000004
2.0349999999999997	 0.1554346875
2.045	 0.15557765625000003
2.055	 0.15576593750000006
2.065	 0.15589468750000002
2.0749999999999997	 0.15605203125000003
2.085	 0.15621171875000003
2.0949999999999998	 0.15641437500000005
2.105	 0.15655750000000002
2.1149999999999998	 0.15673859375000002
2.125	 0.15690546875000005
2.135	 0.15713203125
2.145	 0.15732984375
2.155	 0.15756109375000002
2.165	 0.15771609374999998
2.1750000000000003	 0.15795453125
2.185	 0.15815484374999997
2.195	 0.1584053125
2.2049999999999996	 0.15861515625
2.215	 0.15888218750000002
2.225	 0.15912765625
2.235	 0.15942328125
2.245	 0.15968078125000001
2.255	 0.1599740625
2.265	 0.16026250000000003
2.2750000000000004	 0.16058687500000005
2.285	 0.16088968750000002
2.2950000000000004	 0.16121875000000002
2.3050000000000006	 0.16150968750000003
2.3150000000000004	 0.16186484375000004
2.325	 0.16214843750000005
2.3350000000000004	 0.16243218750000005
2.345	 0.16271828125
2.3549999999999995	 0.16304250000000003
2.3649999999999998	 0.16329296875
2.375	 0.16356953125
2.3849999999999993	 0.16382703124999998
2.3949999999999996	 0.16409890624999998
2.405	 0.16436125
2.4149999999999996	 0.16462593749999999
2.425	 0.16486671874999997
2.4349999999999996	 0.16512187499999997
2.445	 0.16536984375
2.4549999999999996	 0.16562249999999995
2.465	 0.165891875
2.4749999999999996	 0.16615171874999998
2.4850000000000003	 0.1663734375
2.495	 0.16664296874999998
2.505	 0.16686703125000002
2.515	 0.16712218750000005
2.5250000000000004	 0.16732953125000002
2.535	 0.16757984375000004
2.5450000000000004	 0.16776093750000007
2.5550000000000006	 0.16801609375000007
2.5650000000000004	 0.16821390625000002
2.575	 0.16843093750000007
2.5850000000000004	 0.16865265625000006
2.595	 0.16890062500000005
2.605	 0.16910328125000007
2.615	 0.16934875000000008
2.625	 0.16957531250000005
2.635	 0.16982578125000006
2.645	 0.17003078125000007
2.655	 0.17029062500000006
2.6649999999999996	 0.17050515625000007
2.6750000000000003	 0.17073640625000006
2.6849999999999996	 0.17093906250000002
2.6949999999999994	 0.17121093750000005
2.7049999999999996	 0.17145171875000004
2.7149999999999994	 0.17170437500000002
2.724999999999999	 0.17193093750000002
2.735	 0.17220750000000004
2.745	 0.1724696875
2.755	 0.17277734375
2.765	 0.17305390624999997
2.775	 0.17334234375000002
2.785	 0.17361421875000002
2.7950000000000004	 0.17389796874999996
2.8050000000000006	 0.17416031250000003
2.8150000000000004	 0.17446781249999999
2.825	 0.17481343749999997
2.8350000000000004	 0.17512093750000002
2.845	 0.17541187500000002
2.855	 0.17575046874999997
2.865	 0.17605328125000003
2.875	 0.17636562500000003
2.885	 0.17665421875000004
2.8949999999999996	 0.17696890625000006
2.905	 0.17731218750000005
2.915	 0.17766734375000004
2.925	 0.17799156250000006
2.935	 0.17836343750000005
2.9450000000000003	 0.1786518750000001
2.955	 0.1789953125000001
2.965	 0.1793434375000001
2.9749999999999996	 0.1797201562500001
2.9849999999999994	 0.18004437500000012
2.9949999999999997	 0.18036859375000008
3.005	 0.1807070312500001
3.0149999999999997	 0.18104312500000008
3.025	 0.18137218750000006
3.0349999999999997	 0.18172734375000005
3.045	 0.18205156250000004
3.055	 0.18243062500000004
3.0650000000000004	 0.18279531250000003
3.075	 0.18317203125000003
3.0850000000000004	 0.18350109375
3.095	 0.18385390625
3.105	 0.18418296875
3.115	 0.18456203125
3.125	 0.18490296875
3.135	 0.18529625
3.145	 0.18566109374999998
3.155	 0.186045
3.1649999999999996	 0.18641468749999998
3.1750000000000003	 0.18681515624999995
3.185	 0.18719187499999998
3.195	 0.18758046874999995
3.205	 0.18792374999999997
3.2150000000000003	 0.18828843750000002
3.225	 0.18864375000000003
3.235	 0.18903000000000003
3.2449999999999997	 0.18940906250000006
3.255	 0.18976437500000007
3.265	 0.19010046875000006
3.275	 0.19047703125000004
3.2849999999999997	 0.19085609375000004
3.295	 0.19123046875000005
3.305	 0.19157859375000005
3.315	 0.19194578125000006
3.3249999999999997	 0.19228921875000002
3.3350000000000004	 0.19263718750000003
3.345	 0.19298062500000004
3.355	 0.19334781250000005
3.365	 0.19369593750000005
3.375	 0.19406078125000004
3.385	 0.19439453125000006
3.395	 0.19475453125000003
3.405	 0.19505031250000004
3.415	 0.19529359375000005
3.4250000000000003	 0.19545093750000006
3.4349999999999996	 0.19558203125000004
3.445	 0.19549609375000004
3.455	 0.19493578125000005
3.465	 0.19357921875000003
3.475	 0.19208906250000005
3.4850000000000003	 0.19079921875000005
3.495	 0.1894521875
3.505	 0.18817906250000005
3.515	 0.18713953125000005
3.525	 0.18633125000000006
3.5349999999999997	 0.1857328125
3.5450000000000004	 0.18520828125
3.555	 0.18489593750000002
3.565	 0.18472421875
3.5749999999999997	 0.1848171875
3.585	 0.185415625
3.5949999999999998	 0.18632390624999995
3.6049999999999995	 0.18764484374999998
3.615	 0.18914203124999995
3.625	 0.19051531249999995
3.635	 0.19180999999999998
3.645	 0.19292343749999996
3.655	 0.19395343749999996
3.665	 0.19487124999999994
3.675	 0.1957701562499999
3.685	 0.19660218749999991
3.695	 0.1974651562499999
3.705	 0.1982281249999999
3.715	 0.19901484374999995
3.725	 0.19974906249999996
3.7350000000000003	 0.20049296874999992
3.745	 0.20116296874999992
3.755	 0.2018471874999999
3.765	 0.20253140624999996
3.775	 0.20325140624999993
3.785	 0.20390468749999993
3.7950000000000004	 0.20452921874999994
3.805	 0.20503937499999997
3.815	 0.20545187499999998
3.825	 0.20581437499999997
3.835	 0.20610046874999996
3.8449999999999993	 0.20636999999999997
3.8549999999999995	 0.20657031249999994
3.8649999999999998	 0.20669656249999993
3.8749999999999996	 0.20685859374999996
3.885	 0.20706359374999994
3.895	 0.20736156249999996
3.905	 0.20772874999999996
3.9149999999999996	 0.20813890624999998
3.925	 0.2086134375
3.935	 0.20914515625000002
3.945	 0.20973875
3.955	 0.2103275
3.9650000000000003	 0.21095453125
3.975	 0.21154109375
3.985	 0.21215859374999999
3.995	 0.21275703124999998
4.005	 0.21339828124999996
4.015	 0.21401812499999998
4.025	 0.2147025
4.035	 0.21535328124999997
4.045	 0.21604218749999998
4.055	 0.2167740625
4.065	 0.21759906250000002
4.075	 0.21843828124999998
4.085	 0.219446875
4.095000000000001	 0.22088453125000002
4.105	 0.22302796875
4.115	 0.22534546875
4.124999999999999	 0.227476875
4.135	 0.22955109375
4.145	 0.23159906250000004
4.155	 0.23339921875000003
4.165000000000001	 0.234989375
4.175000000000001	 0.23639374999999999
4.1850000000000005	 0.23765984374999996
4.194999999999999	 0.23878765625
4.205	 0.239834375
4.214999999999999	 0.24065937499999998
4.225	 0.24100031249999995
4.234999999999999	 0.24096453124999992
4.245	 0.24055203124999994
4.255	 0.23997031249999995
4.265	 0.23948874999999997
4.2749999999999995	 0.23908093749999998
4.285	 0.23882828124999997
4.295	 0.23865187499999996
4.305	 0.23853749999999999
4.315	 0.23842062499999997
4.325	 0.23836109375
4.334999999999999	 0.2382515625
4.345	 0.238194375
4.355	 0.2381371875
4.365	 0.23811578125000002
4.375	 0.23812062500000003
4.385	 0.23808953125000004
4.395	 0.23804906250000005
4.405	 0.23796328125000005
4.415	 0.23783218750000004
4.425000000000001	 0.23774156250000003
4.4350000000000005	 0.23772500000000005
4.445	 0.23779171875000005
4.455	 0.23796093750000002
4.465	 0.23818734375000003
4.475	 0.23852593750000003
4.484999999999999	 0.23884765625000004
4.495	 0.23929828125000005
4.505	 0.23978234375000002
4.515	 0.24028312500000004
4.5249999999999995	 0.24068140625000004
4.535	 0.24106046875000003
4.545	 0.24134890625000002
4.555	 0.24164453125000002
4.5649999999999995	 0.24180421875
4.575	 0.24195671875
4.584999999999999	 0.24202828125
4.595000000000001	 0.24214750000000002
4.605	 0.242238125
4.615000000000001	 0.24240734375
4.625	 0.2425003125
4.635	 0.24268859375000001
4.645	 0.24277921875000003
4.655	 0.24294374999999999
4.665000000000001	 0.2430246875
4.675000000000001	 0.24318921875
4.6850000000000005	 0.24331562499999998
4.695	 0.243546875
4.705	 0.24364687499999998
4.715	 0.24387578124999998
4.7250000000000005	 0.24405453124999998
4.735	 0.24434781249999998
4.745	 0.24462906249999997
4.755	 0.24501765624999997
4.764999999999999	 0.24532046875
4.774999999999999	 0.24572578125
4.784999999999999	 0.24608828125
4.795	 0.246553125
4.805	 0.24692515625
4.815	 0.24738046875
4.825	 0.24776671875
4.834999999999999	 0.24815296874999998
4.845	 0.24841515624999996
4.855	 0.24872265624999995
4.865	 0.24892296874999997
4.875000000000001	 0.24921859374999994
4.885	 0.24943546874999997
4.8950000000000005	 0.249740625
4.905	 0.24998374999999995
4.915	 0.2503318749999999
4.925000000000001	 0.2505989062499999
4.9350000000000005	 0.2509803124999999
4.945	 0.2513164062499999
4.955	 0.25177890624999993
4.965	 0.25214359374999995
4.975	 0.25266812499999997
4.985	 0.25308296874999997
4.995	 0.2535931249999999
5.005	 0.254003125
5.015	 0.25450140625
5.0249999999999995	 0.25493296875
5.034999999999999	 0.25552187499999995
5.044999999999999	 0.25606078125
5.055	 0.2566903125
5.0649999999999995	 0.25719578125000003
5.074999999999999	 0.2577965625
5.084999999999999	 0.25833546874999996
5.095	 0.25894828124999997
5.105	 0.25948234375
5.114999999999999	 0.26012125
5.125	 0.2606625
5.135	 0.26125609375
5.145	 0.26173765624999995
5.155	 0.26226218749999997
5.165000000000001	 0.26272703124999996
5.175	 0.26329453124999996
5.1850000000000005	 0.26374046874999996
5.195	 0.26428640624999994
5.205	 0.2647346874999999
5.215	 0.2652831249999999
5.2250000000000005	 0.26572890624999995
5.235000000000001	 0.2662724999999999
5.245	 0.26669921874999997
5.255	 0.26723812499999994
5.265	 0.26765765624999993
5.2749999999999995	 0.2681703124999999
5.284999999999999	 0.2685374999999998
5.295	 0.2689451562499999
5.305000000000001	 0.2693148437499999
5.3149999999999995	 0.26977265624999996
5.324999999999999	 0.27012546875
5.334999999999999	 0.2705403125
5.345	 0.2708765624999999
5.3549999999999995	 0.27131281249999994
5.365	 0.27169671874999995
5.375	 0.27213546874999994
5.385	 0.27248359374999986
5.395	 0.2729579687499999
5.405	 0.2732774999999999
5.415	 0.2737590624999999
5.425000000000001	 0.27417390624999993
5.4350000000000005	 0.27454578124999995
5.445	 0.274881875
5.455	 0.27527046875
5.464999999999999	 0.27557078125
5.4750000000000005	 0.27592828124999996
5.485000000000001	 0.27619062499999997
5.495000000000001	 0.27656015624999997
5.505000000000001	 0.27687718749999995
5.515	 0.27735656249999996
5.524999999999999	 0.2777070312499999
5.534999999999999	 0.27812671874999995
5.545	 0.2784295312499999
5.555000000000001	 0.2788229687499999
5.565	 0.27915203124999993
5.575	 0.27959078125
5.584999999999999	 0.2799293749999999
5.594999999999999	 0.28031328125
5.6049999999999995	 0.2806375
5.614999999999999	 0.28092359375000003
5.625	 0.28122640625000006
5.635	 0.28161984375000004
5.645	 0.28197046875000004
5.654999999999999	 0.2823662500000001
5.665	 0.2826857812500001
5.675	 0.2830934375000001
5.6850000000000005	 0.2834200000000001
5.695	 0.28382531250000004
5.705	 0.28421625
5.715	 0.2846525
5.725	 0.28497437499999995
5.735	 0.28539390624999994
5.745000000000001	 0.2857229687499999
5.755000000000001	 0.2860996874999999
5.765000000000001	 0.2864264062499999
5.7749999999999995	 0.28681515624999987
5.785	 0.28717765624999986
5.795	 0.28760437499999986
5.805	 0.28800499999999984
5.815	 0.2884174999999999
5.825	 0.28877265624999987
5.834999999999999	 0.2891518749999999
5.845	 0.2894951562499999
5.8549999999999995	 0.2898837499999999
5.864999999999999	 0.2902437499999999
5.875	 0.2906634374999999
5.885	 0.2910090624999999
5.895	 0.29142859374999996
5.905	 0.29176484374999995
5.915000000000001	 0.29211296875
5.925000000000001	 0.29247781249999993
5.935	 0.29284984374999995
5.945	 0.29319312499999994
5.955	 0.29359609374999995
5.965	 0.29392046875
5.9750000000000005	 0.2942925
5.985	 0.2946
5.995	 0.29500765624999997
6.005	 0.29533421875
6.015000000000001	 0.2957920312500001
6.0249999999999995	 0.2960829687500001
6.035	 0.2964882812500001
6.045	 0.29686500000000016
6.055	 0.2973204687500002
6.065	 0.2975659375000001
6.074999999999999	 0.29795218750000013
6.084999999999999	 0.29832656250000017
6.095	 0.29877718750000015
6.105	 0.2991206250000002
6.115	 0.2995903125000001
6.125	 0.3000218750000001
6.134999999999999	 0.30044625000000014
6.145	 0.3007990625000001
6.155	 0.30119000000000007
6.165	 0.30146656250000003
6.175000000000001	 0.30188140625000004
6.1850000000000005	 0.302281875
6.194999999999999	 0.30276109374999993
6.205	 0.30317109375
6.214999999999999	 0.30369562499999997
6.225	 0.30408187499999995
6.235	 0.30457296874999995
6.245	 0.30496406249999997
6.255	 0.30546468749999994
6.265	 0.30586046875
6.2749999999999995	 0.30630874999999996
6.285	 0.30666390624999995
6.295000000000001	 0.3071001562499999
6.305000000000001	 0.307450625
6.315	 0.30789171875
6.325	 0.30822078124999996
6.334999999999999	 0.30870953125
6.345	 0.3090815625
6.355	 0.30950359375
6.365	 0.30983249999999996
6.375	 0.3102403125
6.385	 0.31055499999999997
6.395	 0.31103906249999996
6.404999999999999	 0.31138234375000007
6.414999999999999	 0.31181859375000004
6.425	 0.31214515625000006
6.4350000000000005	 0.3125409375
6.445	 0.3127721875000001
6.455	 0.3131989062500001
6.465	 0.31353031250000013
6.475	 0.31405953125000013
6.485	 0.3144601562500001
6.495	 0.3149584375000001
6.505	 0.31530656250000005
6.515	 0.31573093750000003
6.5249999999999995	 0.31608625
6.535	 0.31652734374999997
6.545	 0.3168825
6.555000000000001	 0.31733062500000003
6.565	 0.31767625
6.575	 0.31818171874999995
6.585	 0.3185345312499999
6.595	 0.3189540624999999
6.6049999999999995	 0.3193020312499999
6.615	 0.31977406249999996
6.625	 0.320115
6.635	 0.32055609374999994
6.645	 0.32091609374999996
6.654999999999999	 0.32132140624999994
6.664999999999999	 0.321724375
6.675	 0.32218937500000006
6.685	 0.3224945312500001
6.695	 0.3228640625000001
6.705	 0.3232335937500001
6.715	 0.3237128125000001
6.7250000000000005	 0.32414437500000004
6.734999999999999	 0.32452359375000006
6.744999999999999	 0.3248668750000001
6.755	 0.32528656250000004
6.765	 0.3255082812500001
6.7749999999999995	 0.3259470312500001
6.785	 0.32627140625000006
6.795	 0.32667906250000006
6.805	 0.32706531250000004
6.815	 0.32757078125
6.825	 0.32788078125000003
6.835	 0.32825984375000006
6.845000000000001	 0.32823125
6.855	 0.3288725
6.864999999999999	 0.32883906250000006
6.875	 0.32954718750000006
6.885	 0.32952812500000006
6.895	 0.3302504687500001
6.905	 0.3302409375000001
6.915000000000001	 0.33095609375
6.925	 0.33093468750000005
6.935	 0.33167859375000003
6.945	 0.33182171875
6.955	 0.33249640625
6.965	 0.33245578124999997
6.975	 0.33306609374999996
6.985	 0.332920625
6.994999999999999	 0.33359062500000003
7.004999999999999	 0.3334953124999999
7.015	 0.33416515625000004
7.0249999999999995	 0.33411750000000007
7.035	 0.33473734374999997
7.045000000000001	 0.334785
7.055000000000001	 0.33560750000000006
7.065	 0.33574093750000006
7.075	 0.33664687500000007
7.085	 0.3369043749999999
7.095000000000001	 0.33780796874999997
7.105	 0.33791296875000004
7.115	 0.33864484375
7.125	 0.33864718749999995
7.135	 0.33935046875
7.145	 0.33934093750000005
7.155	 0.34002281249999994
7.165	 0.33991796874999985
7.175000000000001	 0.3404710937499999
7.1850000000000005	 0.34029703125
7.194999999999999	 0.34085015625
7.205	 0.34066421874999997
7.215	 0.3412053124999999
7.225	 0.34097171874999993
7.235	 0.34146281249999993
7.245	 0.34118874999999993
7.255	 0.3416249999999999
7.264999999999999	 0.3414509374999999
7.274999999999999	 0.34193968749999987
7.284999999999999	 0.34171562499999986
7.295	 0.34226624999999994
7.305000000000001	 0.34208015624999993
7.315	 0.3425426562499999
7.325	 0.34237328124999994
7.335	 0.34296687499999995
7.345000000000001	 0.34278328124999996
7.355	 0.3433770312499999
7.365	 0.34306937499999984
7.375000000000001	 0.3435032812499998
7.385	 0.3433053124999998
7.395	 0.34385124999999983
7.405	 0.34373203124999985
7.415	 0.3442874999999998
7.425000000000001	 0.3440967187499998
7.4350000000000005	 0.3446714062499998
7.445	 0.3445068749999999
7.454999999999999	 0.3450479687499999
7.464999999999999	 0.34487390624999986
7.475	 0.3456273437499998
7.484999999999999	 0.34599921874999984
7.495	 0.3465190624999998
7.505	 0.3469531249999998
7.515	 0.3475206249999998
7.524999999999999	 0.34800703124999977
7.534999999999999	 0.3486365624999998
7.545	 0.3490632812499998
7.555	 0.3497214062499998
7.565	 0.3502364062499998
7.575	 0.35088484374999984
7.584999999999999	 0.35132578124999986
7.595	 0.3519528124999999
7.605	 0.35253218749999987
7.615	 0.3532068749999999
7.625000000000001	 0.3538171874999999
7.635000000000001	 0.3545251562499999
7.645	 0.35517359374999996
7.654999999999999	 0.35592937499999994
7.665	 0.35652546874999996
7.675000000000001	 0.35719296875
7.6850000000000005	 0.35773421875
7.695	 0.35833750000000003
7.705	 0.35876906250000007
7.715	 0.35926031250000007
7.725	 0.3595606250000001
7.734999999999999	 0.3601971875
7.745	 0.36056671875
7.754999999999999	 0.36119140625000007
7.765	 0.3616825000000001
7.7749999999999995	 0.36231906249999996
7.784999999999999	 0.362879375
7.794999999999999	 0.36364703125
7.805	 0.3642596875
7.815	 0.36505124999999994
7.825	 0.365633125
7.835	 0.36649390624999995
7.845	 0.36720203125
7.855	 0.36809609374999996
7.865	 0.36890906249999994
7.875000000000001	 0.36989140624999994
7.885000000000001	 0.37064468749999996
7.8950000000000005	 0.3716484375
7.905	 0.37243765625
7.915	 0.37349156250000004
7.925000000000001	 0.37418296875
7.9350000000000005	 0.37504843750000005
7.945	 0.3756970312500001
7.955	 0.3766101562500001
7.965	 0.37729203125000005
7.975	 0.37809078125000006
7.984999999999999	 0.3787440625000001
7.994999999999999	 0.37956421875000007
8.005	 0.38026765625000003
8.014999999999999	 0.38134531250000003
8.025	 0.3821417187500001
8.034999999999998	 0.38290703125000014
8.044999999999998	 0.3835864062500001
8.055	 0.38454015625000015
8.065000000000001	 0.3852171875000001
8.075000000000001	 0.3860396875000001
8.085	 0.38667390625000014
8.095	 0.3874296875000001
8.105	 0.3880925000000001
8.115	 0.3887648437500001
8.125	 0.38920125000000005
8.135000000000002	 0.38983546875
8.145000000000001	 0.39023359375
8.155000000000001	 0.39074859375
8.165	 0.39099890625
8.175	 0.3915948437499999
8.184999999999999	 0.39199296874999995
8.195	 0.3926175
8.205	 0.39301328125
8.215	 0.3934996875
8.225	 0.39381687499999996
8.234999999999998	 0.39453687499999995
8.244999999999997	 0.3948803125
8.254999999999999	 0.39545484375
8.265	 0.39584828125
8.275	 0.396239375
8.285000000000002	 0.3965803125
8.295	 0.39710484375
8.305	 0.39744812500000004
8.315	 0.39810390625
8.325	 0.39841140625
8.334999999999999	 0.39892390625
8.345	 0.39925296875
8.354999999999999	 0.39988468750000006
8.364999999999998	 0.40040921875
8.375	 0.40082656250000004
8.385000000000002	 0.40121750000000006
8.395000000000001	 0.40172531250000004
8.405000000000001	 0.4020615625000001
8.415000000000001	 0.40261468750000007
8.425	 0.40291984375
8.435	 0.40346109375
8.444999999999999	 0.4038378125
8.455	 0.40435046875
8.465	 0.40481765625
8.475	 0.40540890625
8.485	 0.40583328124999996
8.494999999999997	 0.4065056249999999
8.504999999999997	 0.4068131249999999
8.514999999999999	 0.4073376562499999
8.525	 0.40771921874999995
8.535000000000002	 0.40830578124999994
8.545000000000002	 0.40880406249999995
8.555000000000001	 0.4092593749999999
8.565	 0.40966234374999994
8.575	 0.41024890624999993
8.584999999999999	 0.41066609374999996
8.594999999999999	 0.41113343749999987
8.604999999999999	 0.4115268749999999
8.614999999999998	 0.41216812499999983
8.624999999999998	 0.41260453124999985
8.635	 0.4130860937499999
8.645000000000001	 0.41341499999999987
8.655000000000003	 0.41396328124999987
8.665000000000003	 0.4142803124999999
8.675000000000002	 0.41475953125
8.685	 0.41521015624999996
8.694999999999999	 0.41573937499999997
8.704999999999998	 0.41621624999999995
8.715	 0.41689328124999997
8.724999999999998	 0.41738921874999996
8.735	 0.41809734374999996
8.744999999999997	 0.41857187500000004
8.754999999999997	 0.419241875
8.764999999999999	 0.41961859375000005
8.774999999999999	 0.42020984375000003
8.785	 0.42069375000000003
8.795000000000002	 0.42140421875
8.805000000000003	 0.4219882812500001
8.815000000000001	 0.42259875000000013
8.825	 0.42309953125000005
8.834999999999999	 0.42364312500000006
8.844999999999999	 0.4240770312500001
8.854999999999999	 0.42479937500000015
8.864999999999997	 0.4253571875000001
8.875	 0.4259151562500001
8.885	 0.42642531250000015
8.895	 0.42711437500000016
8.905000000000001	 0.4275959375000002
8.915000000000001	 0.42827546875000017
8.925000000000002	 0.42879531250000014
8.935000000000002	 0.4295250000000001
8.945000000000002	 0.43005421875000016
8.955	 0.4307026562500001
8.965	 0.4312320312500001
8.974999999999998	 0.4319926562500001
8.984999999999998	 0.4325100000000001
8.994999999999997	 0.43319671875000015
9.004999999999999	 0.4336712500000001
9.014999999999999	 0.4344412500000001
9.024999999999999	 0.4350087500000001
9.035	 0.4357217187500001
9.045	 0.4362818750000001
9.055000000000001	 0.43707343750000005
9.065000000000003	 0.4376481250000001
9.075000000000003	 0.43838718750000005
9.085	 0.4389737500000001
9.094999999999999	 0.43978906250000005
9.104999999999999	 0.440375625
9.114999999999997	 0.44113625
9.124999999999998	 0.4416178125
9.135	 0.44231640625
9.145	 0.44300781250000004
9.155000000000001	 0.44378031250000005
9.165000000000001	 0.44438109375
9.175000000000002	 0.44511296875
9.185000000000002	 0.445549375
9.195000000000002	 0.4464434375
9.205000000000002	 0.44704187500000003
9.215	 0.44782156250000005
9.225	 0.44841765625
9.234999999999998	 0.44923546875000003
9.244999999999997	 0.44983625
9.254999999999997	 0.45064937499999996
9.264999999999997	 0.4512334374999999
9.274999999999999	 0.4522848437499999
9.285	 0.4529357812499999
9.295	 0.4537296874999999
9.305	 0.45430187499999997
9.315000000000001	 0.45537234374999996
9.325000000000003	 0.45623546875
9.335	 0.45703656249999997
9.345	 0.45758968749999995
9.354999999999999	 0.45838609374999995
9.364999999999998	 0.45899890624999995
9.374999999999998	 0.45988343749999994
9.385	 0.46045796875
9.395	 0.46126375
9.405000000000001	 0.4619526562499999
9.415000000000001	 0.46270609375
9.425	 0.46327828125
9.435	 0.46406499999999995
9.445000000000002	 0.46465625
9.455000000000002	 0.46555265625000003
9.465000000000002	 0.46613671875
9.475	 0.4669521875
9.485	 0.46752671874999996
9.494999999999997	 0.46830406249999995
9.504999999999997	 0.4688548437499999
9.514999999999999	 0.4696320312499999
9.524999999999999	 0.4701828124999999
9.535	 0.4709457812499999
9.545	 0.47148937499999993
9.555	 0.4723857812499999
9.565	 0.4728506249999999
9.575000000000001	 0.4736015624999999
9.585	 0.4741404687499999
9.595	 0.47492968749999986
9.605	 0.4754542187499999
9.614999999999998	 0.4761860937499998
9.624999999999998	 0.47671062499999983
9.635	 0.47750453124999975
9.645	 0.4780004687499998
9.655	 0.4787062499999998
9.665000000000001	 0.4792403124999998
9.675	 0.48004374999999977
9.685	 0.4805754687499998
9.695	 0.48120499999999977
9.705000000000002	 0.4817365624999998
9.715000000000002	 0.4824899999999998
9.725000000000001	 0.4829501562499998
9.735	 0.48372984374999983
9.745	 0.48417328124999987
9.754999999999999	 0.4849218749999999
9.764999999999999	 0.4854559374999999
9.774999999999999	 0.4862021874999999
9.784999999999998	 0.4866504687499999
9.795	 0.4874109375
9.805	 0.48794265624999994
9.815	 0.48866031249999997
9.825	 0.4891990625
9.834999999999999	 0.48977374999999995
9.845	 0.4903245312499999
9.855	 0.49110890625000003
9.865	 0.49165484374999996
9.875	 0.49250124999999995
9.885	 0.4929637499999999
9.895	 0.4936193749999999
9.905	 0.49417015624999994
9.915	 0.49484015624999994
9.925	 0.4953956249999999
9.935	 0.4962443749999999
9.945	 0.49682374999999995
9.955	 0.49757718749999996
9.965	 0.49786328125
9.975000000000001	 0.4983615625
9.985	 0.49893375
9.995	 0.4996846875
10.004999999999999	 0.500178125
10.014999999999999	 0.5008504687499999
10.024999999999999	 0.5014107812499999
10.034999999999998	 0.5021403125
10.044999999999998	 0.5026815625000001
10.055	 0.5034921875
10.065	 0.50406921875
10.075	 0.5048082812500001
10.084999999999999	 0.505328125
10.094999999999999	 0.5059575000000001
10.104999999999999	 0.5064915624999999
10.114999999999998	 0.5072164062500001
10.125	 0.5077671875
10.135000000000002	 0.50852296875
10.145000000000001	 0.50905703125
10.155000000000001	 0.5098081250000001
10.165000000000001	 0.5103659375
10.175	 0.511143125
10.185	 0.5117296875000001
10.195	 0.5125331250000003
10.205	 0.5132721875000003
10.215	 0.5140709375000002
10.225	 0.5146526562500001
10.235	 0.5153917187500001
10.245	 0.5159710937500002
10.255	 0.5167603125
10.265	 0.51734921875
10.275	 0.51808109375
10.284999999999998	 0.51864375
10.294999999999998	 0.51939
10.305	 0.51996453125
10.315	 0.5207203125000001
10.325	 0.5213045312500001
10.334999999999999	 0.5221723437500002
10.344999999999999	 0.5227803125000001
10.354999999999999	 0.52361953125
10.364999999999998	 0.5242107812500001
10.375	 0.52496890625
10.385000000000002	 0.52560078125
10.395000000000001	 0.5263565625
10.405000000000001	 0.52693109375
10.415000000000001	 0.52768453125
10.425	 0.5282376562500001
10.435	 0.52898640625
10.445	 0.529591875
10.455	 0.5304143750000001
10.465	 0.5310009375000001
10.475	 0.5318471875
10.485	 0.5325075
10.495	 0.53328
10.504999999999999	 0.53386171875
10.515	 0.5346221875
10.525000000000002	 0.5352684375000001
10.535	 0.5361314062500001
10.545	 0.5367035937500001
10.555	 0.5374903125000001
10.565	 0.5380673437500001
10.575	 0.5386825
10.584999999999999	 0.5392309375
10.594999999999999	 0.540086875
10.604999999999999	 0.54065671875
10.614999999999998	 0.54172015625
10.624999999999998	 0.5425475
10.635	 0.5433771875
10.645000000000001	 0.5439493749999998
10.655000000000003	 0.54472671875
10.665000000000003	 0.54530609375
10.675	 0.5462026562500001
10.685	 0.5467820312500001
10.695	 0.5475615625000002
10.705	 0.5480812500000002
10.715	 0.5488895312500002
10.725	 0.5494712500000002
10.735	 0.5502746875000001
10.744999999999997	 0.5508301562500002
10.754999999999997	 0.5515929687500002
10.765	 0.5521603125000001
10.775000000000002	 0.55296140625
10.785000000000002	 0.553516875
10.795000000000002	 0.5543512500000001
10.805	 0.55491875
10.815	 0.5557103124999999
10.825	 0.5562490624999998
10.834999999999999	 0.5570549999999997
10.844999999999999	 0.5575271874999999
10.854999999999999	 0.5583664062499998
10.864999999999998	 0.5589481249999998
10.874999999999998	 0.55973734375
10.885	 0.5602856249999999
10.895000000000001	 0.561058125
10.905000000000003	 0.56163515625
10.915000000000003	 0.5624529687500001
10.925000000000002	 0.5630131250000001
10.935000000000002	 0.5638379687500001
10.945	 0.5644078125
10.955	 0.5652328125000001
10.965	 0.5657810937500002
10.975	 0.5666012500000002
10.985	 0.5672854687500001
10.994999999999997	 0.56801265625
11.004999999999999	 0.5685895312499999
11.014999999999999	 0.5694431249999999
11.025	 0.570034375
11.035000000000002	 0.57084734375
11.045000000000002	 0.5714410937499999
11.055000000000001	 0.5722684374999999
11.065	 0.5728048437499998
11.075	 0.5736178124999998
11.084999999999999	 0.5741685937499998
11.094999999999999	 0.5749578124999999
11.104999999999999	 0.5755037499999999
11.114999999999998	 0.5763382812499999
11.124999999999998	 0.5768414062499999
11.135	 0.5776424999999998
11.145	 0.5782099999999999
11.155000000000001	 0.5790301562499999
11.165000000000003	 0.5796142187499999
11.175000000000002	 0.5804248437499999
11.185000000000002	 0.5809803124999998
11.195	 0.581774375
11.205	 0.58234421875
11.215	 0.58322875
11.224999999999998	 0.5838128125000001
11.234999999999998	 0.5845018750000001
11.244999999999997	 0.5850596875
11.254999999999999	 0.58584640625
11.264999999999999	 0.5861659375000001
11.275	 0.5867357812500001
11.285000000000002	 0.5873056250000002
11.295000000000002	 0.5881114062500001
11.305000000000003	 0.5886882812500002
11.315000000000001	 0.5894178125000002
11.325	 0.5899685937500001
11.334999999999999	 0.5907959375000001
11.344999999999999	 0.5914278125000001
11.354999999999997	 0.5922337500000001
11.364999999999997	 0.5927796875000001
11.374999999999998	 0.5935928125000002
11.385	 0.5941770312500001
11.395	 0.5951068750000003
11.405	 0.59568875
11.415000000000001	 0.5965040625
11.425000000000002	 0.5970906250000001
11.435000000000004	 0.5978368750000002
11.445000000000002	 0.5984042187500002
11.455	 0.5992053125000001
11.465	 0.5997775000000001
11.474999999999998	 0.6006023437500001
11.484999999999998	 0.6012270312500002
11.494999999999997	 0.6019493750000001
11.504999999999999	 0.6024620312500002
11.514999999999999	 0.6032415625000002
11.524999999999999	 0.6038232812500001
11.535	 0.6046385937500002
11.545000000000002	 0.6051892187500001
11.555000000000003	 0.6060070312500001
11.565000000000003	 0.6065793750000001
11.575000000000001	 0.6073900000000002
11.584999999999999	 0.6079145312500001
11.594999999999999	 0.6087346875
11.604999999999997	 0.60929265625
11.614999999999997	 0.6100937499999999
11.624999999999998	 0.6106017187499999
11.635	 0.61143140625
11.645	 0.6120084375
11.655	 0.612785625
11.665000000000001	 0.6133243749999999
11.675000000000002	 0.6141421874999998
11.685000000000004	 0.6147
11.695000000000004	 0.6155678125
11.705000000000002	 0.6161234375
11.715	 0.6170079687500001
11.724999999999998	 0.6175348437500001
11.734999999999998	 0.6184265625000002
11.744999999999997	 0.6189534375000001
11.754999999999997	 0.6197735937500001
11.764999999999999	 0.6203767187500001
11.774999999999999	 0.62121109375
11.785	 0.6217617187500001
11.795	 0.6225771875
11.805000000000001	 0.6231303125000001
11.815000000000003	 0.624076875
11.825000000000001	 0.6246253124999999
11.835	 0.625416875
11.844999999999999	 0.62594859375
11.854999999999997	 0.62683546875
11.864999999999997	 0.62732421875
11.874999999999998	 0.6282087499999999
11.884999999999998	 0.6287739062499998
11.895	 0.6296465625
11.905	 0.6302043749999999
11.915000000000001	 0.6312534375000001
11.925	 0.632033125
11.935000000000002	 0.6329390625000001
11.945000000000004	 0.6333992187500002
11.955000000000004	 0.6343528125000001
11.965000000000002	 0.6349250000000002
11.975	 0.6357832812500002
11.984999999999998	 0.6362887500000001
11.994999999999997	 0.63711359375
12.004999999999997	 0.6377334375000002
12.014999999999999	 0.6385798437500002
12.025	 0.63915671875
12.035	 0.6398982812500001
12.045	 0.6404679687500001
12.055	 0.6413501562500001
12.065000000000001	 0.6418960937500002
12.075000000000003	 0.6428187500000002
12.085	 0.6434101562500002
12.095	 0.6443829687500001
12.104999999999999	 0.64494578125
12.114999999999997	 0.6457875000000001
12.124999999999998	 0.6462809375000002
12.134999999999998	 0.6470557812500002
12.145	 0.6476279687500002
12.155	 0.6485506250000002
12.165000000000001	 0.6491109375000002
12.175	 0.64999546875
12.185	 0.650481875
12.195000000000002	 0.6513878124999999
12.205000000000004	 0.6519504687499998
12.215000000000002	 0.6528565624999999
12.225	 0.6534954687499999
12.235	 0.6544609374999999
12.244999999999997	 0.6550449999999999
12.254999999999997	 0.6559367187499999
12.264999999999999	 0.6563968749999999
12.275	 0.6572193749999998
12.285	 0.6577034374999999
12.295	 0.6585904687499999
12.305	 0.6591721875
12.315000000000001	 0.6600781250000001
12.325000000000001	 0.6606289062500001
12.335	 0.6615229687500002
12.345	 0.6621142187500001
12.354999999999999	 0.6629964062500001
12.364999999999997	 0.6636164062500001
12.374999999999998	 0.66454390625
12.384999999999998	 0.6651900000000001
12.395	 0.66606984375
12.405	 0.6665753125
12.415000000000001	 0.6674360937500001
12.425	 0.6679654687500001
12.435	 0.6688809375
12.445	 0.66946265625
12.455000000000002	 0.6702685937499999
12.465000000000002	 0.67080984375
12.475000000000001	 0.6717467187499999
12.485	 0.67236171875
12.494999999999997	 0.6732129687499999
12.504999999999997	 0.6739115625
12.514999999999999	 0.6748746875
12.524999999999999	 0.67545640625
12.535	 0.67633609375
12.545	 0.67694171875
12.555	 0.6777046875
12.565000000000001	 0.6780528125
12.575000000000001	 0.6786584375
12.585000000000003	 0.6793403125
12.595	 0.6801128125000001
12.605	 0.6806610937500002
12.614999999999998	 0.6815432812500002
12.624999999999998	 0.6821559375000003
12.634999999999998	 0.6830929687500003
12.645	 0.6836843750000003
12.655	 0.6846451562500002
12.665	 0.6852507812500004
12.675	 0.6861876562500003
12.685	 0.6867932812500003
12.695	 0.6876348437500003
12.705000000000002	 0.6882142187500002
12.715000000000002	 0.6891059375000002
12.725000000000001	 0.6897139062500001
12.735000000000001	 0.6905221875
12.745	 0.6911229687500001
12.754999999999999	 0.6920335937500001
12.764999999999999	 0.6926940625000001
12.774999999999999	 0.6937335937500001
12.785	 0.69442734375
12.795	 0.6954024999999999
12.805	 0.6960725000000001
12.815000000000001	 0.6969857812500001
12.825000000000001	 0.6977487500000001
12.835	 0.6985951562500001
12.845	 0.6992579687500001
12.855	 0.7001687500000001
12.864999999999998	 0.7007743750000002
12.874999999999998	 0.7015921875000001
12.884999999999998	 0.7022264062500002
12.895	 0.7031275000000002
12.905	 0.7038450000000003
12.915	 0.7048392187500002
12.925	 0.7056354687500003
12.935	 0.7065604687500002
12.945	 0.7072710937500001
12.955000000000002	 0.7081962500000001
12.965	 0.7089615625000001
12.975	 0.7098031250000002
12.985000000000001	 0.7105612500000003
12.995	 0.7114981250000001
13.004999999999999	 0.7122490625000001
13.014999999999999	 0.7131431250000001
13.024999999999999	 0.7138275
13.035	 0.7148764062499999
13.045	 0.7156775
13.055	 0.7167049999999999
13.065000000000001	 0.7175846874999998
13.075000000000001	 0.7186242187499998
13.085	 0.7194610937499999
13.095	 0.7205029687499999
13.105	 0.721399375
13.114999999999998	 0.7225128124999999
13.124999999999998	 0.7233854687499999
13.135	 0.72449640625
13.145	 0.7253832812499998
13.155	 0.7264585937499999
13.165	 0.7273860937499999
13.175	 0.7286617187499999
13.185	 0.7296703124999999
13.195	 0.7311437499999999
13.205	 0.7322928124999998
13.215000000000002	 0.7338592187499998
13.225000000000001	 0.7351681249999998
13.235000000000001	 0.7365820312499999
13.245	 0.7379124999999997
13.255	 0.7394001562499999
13.265	 0.74072109375
13.275	 0.7422875
13.284999999999998	 0.743675
13.295	 0.74522953125
13.305	 0.7466934375
13.315	 0.74841015625
13.325000000000001	 0.7499121875
13.335	 0.7517218749999999
13.344999999999999	 0.7533193749999999
13.354999999999999	 0.7551337499999999
13.364999999999998	 0.7567835937499999
13.375	 0.75863359375
13.385	 0.7603978124999999
13.395	 0.7624220312500001
13.405	 0.7641862500000001
13.415	 0.7661818750000001
13.424999999999999	 0.7680129687500001
13.435	 0.7700085937500002
13.445	 0.7719517187500001
13.455	 0.7742428125000002
13.465000000000002	 0.7763932812500001
13.475	 0.7788895312500002
13.485	 0.7811854687500002
13.495	 0.7838651562500002
13.505	 0.7864925000000001
13.515	 0.7895037500000002
13.525	 0.7924315625000001
13.534999999999998	 0.7956835937500002
13.545	 0.7988760937500001
13.555	 0.8024810937500001
13.565	 0.8060478125000002
13.575000000000001	 0.8101604687500003
13.585	 0.8142159375000001
13.594999999999999	 0.81873625
13.604999999999999	 0.8233043750000001
13.614999999999998	 0.8284518750000001
13.625	 0.83369234375
13.635000000000002	 0.8395384374999999
13.645000000000001	 0.8455776562499999
13.655000000000001	 0.8523034374999999
13.665	 0.8592890624999998
13.674999999999999	 0.8670139062499999
13.685	 0.8750557812499999
13.695	 0.88398703125
13.705	 0.8933450000000001
13.715	 0.90367796875
13.725	 0.9144831250000001
13.735	 0.926346875
13.745	 0.9388590625
13.755	 0.9524942187500001
13.765	 0.9666682812499999
13.775	 0.9820010937499999
13.785	 0.997991875
13.795	 1.01509609375
13.805	 1.0328964062500001
13.814999999999998	 1.05170046875
13.825000000000001	 1.0711434375
13.835	 1.09156640625
13.844999999999999	 1.1121324999999997
13.854999999999999	 1.1342720312499999
13.864999999999998	 1.15592046875
13.875	 1.17900640625
13.885	 1.2016942187500002
13.895000000000001	 1.2256315625
13.905	 1.24887734375
13.915	 1.2731531250000003
13.925	 1.2965706250000002
13.935	 1.3208940625000003
13.945	 1.3441779687500002
13.955	 1.36817484375
13.965	 1.3910606250000002
13.975	 1.4144851562500003
13.985	 1.4367439062500003
13.994999999999997	 1.4594414062500003
14.004999999999999	 1.4808275000000002
14.015	 1.50267390625
14.025000000000002	 1.5231826562500002
14.035	 1.5439131250000002
14.045	 1.5633323437500002
14.055	 1.5831067187500003
14.064999999999998	 1.6014815625000005
14.075	 1.6202259375000005
14.085	 1.6375421875000002
14.094999999999999	 1.6551184375000005
14.104999999999999	 1.6712881250000002
14.114999999999997	 1.6877985937500002
14.124999999999998	 1.7029690625000005
14.135	 1.7183804687500004
14.145000000000001	 1.7324018750000005
14.155000000000001	 1.746656875
14.165000000000001	 1.7596101562500002
14.175	 1.77285671875
14.185	 1.7847109375
14.195	 1.7968678125000002
14.205	 1.8076968750000002
14.215	 1.8187118750000004
14.225	 1.8284654687500006
14.235	 1.8384957812500007
14.244999999999997	 1.8471600000000008
14.254999999999999	 1.8560910937500006
14.265	 1.8636035937500006
14.275000000000002	 1.871316406250001
14.285	 1.8776057812500007
14.295	 1.8840525000000004
14.305	 1.8891475000000002
14.314999999999998	 1.8942234375000007
14.325	 1.897857031250001
14.335	 1.901526250000001
14.344999999999999	 1.9036290625000007
14.354999999999999	 1.9056843750000008
14.364999999999997	 1.9062256250000005
14.374999999999998	 1.9066904687500006
14.385	 1.9055412500000006
14.395000000000001	 1.9042228125000005
14.405000000000001	 1.9014737500000005
14.415000000000001	 1.8986270312500007
14.425	 1.8942353125000004
14.435	 1.8899079687500004
14.445	 1.8841143750000002
14.455	 1.8783803125
14.465	 1.8713303125000003
14.475	 1.8644709375
14.485	 1.856860625
14.495	 1.84899765625
14.504999999999999	 1.8408509375
14.515	 1.8327160937500002
14.525000000000002	 1.82448359375
14.535000000000002	 1.8162748437500003
14.545000000000002	 1.8081757812500001
14.555000000000001	 1.8003556250000001
14.565	 1.7928192187500003
14.574999999999998	 1.78572140625
14.584999999999999	 1.7790290624999998
14.594999999999999	 1.77284203125
14.604999999999999	 1.7671343750000001
14.614999999999998	 1.7620156250000003
14.624999999999998	 1.7574117187499998
14.635	 1.7533395312500002
14.645000000000001	 1.74973703125
14.655000000000001	 1.7466899999999999
14.665000000000001	 1.7440268750000003
14.675	 1.7419765625
14.685	 1.7403315625000002
14.695	 1.7391109375
14.705	 1.7382264062500001
14.715	 1.7377425000000004
14.725	 1.7375207812500002
14.735	 1.7376590625000001
14.745	 1.7380571875
14.754999999999999	 1.7386746875000003
14.765	 1.7395592187500002
14.775	 1.7406940625
14.785000000000002	 1.7420006250000002
14.795000000000002	 1.7435837500000002
14.805000000000001	 1.7453242187499998
14.815000000000001	 1.74735796875
14.824999999999998	 1.7495560937499999
14.834999999999999	 1.75204515625
14.844999999999999	 1.7546701562499998
14.854999999999999	 1.7575478125
14.864999999999998	 1.7605615624999997
14.874999999999998	 1.7638493749999997
14.884999999999998	 1.7673015625
14.895000000000001	 1.770975625
14.905000000000001	 1.7747856249999996
14.915000000000003	 1.7788245312499995
14.925000000000002	 1.7829754687499997
14.935	 1.7873195312499994
14.945	 1.7917493749999995
14.955	 1.7963079687499994
14.965	 1.8009189062499995
14.974999999999998	 1.8056132812499992
14.985	 1.8103173437499995
14.995	 1.8150451562499996
15.004999999999999	 1.81969671875
15.014999999999999	 1.8242934375
15.025	 1.8287614062499997
15.035000000000002	 1.8331196874999998
15.045000000000002	 1.8372181249999997
15.055000000000001	 1.8411615625000002
15.065000000000001	 1.84485
15.074999999999998	 1.8482140625
15.084999999999999	 1.8512562500000003
15.094999999999999	 1.8539123437500002
15.104999999999999	 1.8561534375000002
15.114999999999998	 1.8579654687500002
15.124999999999998	 1.8592862500000005
15.134999999999998	 1.86011359375
15.145000000000001	 1.86042109375
15.155000000000001	 1.8602495312500005
15.165000000000003	 1.8593626562500003
15.175000000000002	 1.8580918750000002
15.185	 1.8562370312500003
15.195	 1.853874375
15.205	 1.8509370312500002
15.215	 1.84752046875
15.224999999999998	 1.8436128125
15.235	 1.839245
15.245	 1.8344075
15.254999999999999	 1.8291956250000003
15.264999999999999	 1.8235809375000003
15.275	 1.8177443750000002
15.285000000000002	 1.8116456250000004
15.295000000000002	 1.80535859375
15.305000000000003	 1.7988570312499998
15.315000000000001	 1.79224328125
15.325	 1.7855078125000001
15.334999999999999	 1.77872234375
15.344999999999999	 1.7718893749999998
15.354999999999999	 1.7650610937499998
15.364999999999998	 1.75826140625
15.374999999999998	 1.7515117187499996
15.384999999999998	 1.7447835937499996
15.395	 1.7381698437499997
15.405000000000001	 1.7316039062499995
15.415000000000003	 1.7251260937499997
15.425000000000002	 1.7187198437499995
15.435000000000002	 1.7123849999999998
15.445	 1.706105
15.455	 1.6998870312499998
15.465	 1.6937334375
15.474999999999998	 1.6875751562500003
15.485	 1.6814048437500002
15.495	 1.6752918750000005
15.504999999999999	 1.6691810937500005
15.514999999999999	 1.66305375
15.525	 1.6569050000000005
15.535000000000002	 1.6507371875000005
15.545000000000002	 1.6446003125000006
15.555000000000003	 1.6383728125000006
15.565000000000001	 1.6321381250000007
15.575	 1.6258439062500003
15.584999999999999	 1.6195162500000004
15.594999999999999	 1.6132195312500004
15.604999999999999	 1.6069204687500005
15.614999999999998	 1.6006357812500003
15.624999999999998	 1.5943392187500003
15.634999999999998	 1.5881117187500002
15.645	 1.5818817187500003
15.655000000000001	 1.5756732812500003
15.665000000000003	 1.5695317187500002
15.675000000000002	 1.5634615625000001
15.685000000000002	 1.5574892187500002
15.695000000000002	 1.5515740625
15.705	 1.5457423437500002
15.715	 1.5400107812500003
15.724999999999998	 1.5343770312500005
15.734999999999998	 1.52886
15.744999999999997	 1.5234359375000002
15.754999999999999	 1.5181501562500002
15.764999999999999	 1.5129454687500001
15.775	 1.5079171874999997
15.785	 1.50292234375
15.795000000000002	 1.4980275
15.805000000000003	 1.49324953125
15.815000000000003	 1.48855984375
15.825000000000001	 1.4840440625000002
15.834999999999999	 1.4795689062500001
15.844999999999999	 1.47522734375
15.854999999999999	 1.4709645312500002
15.864999999999997	 1.4667803124999998
15.874999999999998	 1.46274390625
15.884999999999998	 1.45883140625
15.895	 1.4550500000000002
15.905	 1.4513996875000004
15.915000000000001	 1.447880625
15.925000000000002	 1.4444331250000002
15.935000000000002	 1.4411071875
15.945000000000002	 1.43791703125
15.955	 1.43482234375
15.965	 1.4318565625000002
15.974999999999998	 1.4290289062500001
15.984999999999998	 1.42633234375
15.994999999999997	 1.42376453125
16.005	 1.4213064062500003
16.014999999999997	 1.418929375
16.025	 1.416688125
16.035	 1.41459484375
16.045	 1.4125992187499996
16.055000000000003	 1.4107562499999997
16.065000000000005	 1.4090253124999998
16.075000000000003	 1.40740421875
16.085	 1.4058568749999998
16.095	 1.4044048437499994
16.105	 1.4030649999999998
16.115	 1.4018276562499996
16.124999999999996	 1.4007285937499996
16.134999999999998	 1.3996962499999999
16.145	 1.39876890625
16.154999999999998	 1.3978843749999996
16.165	 1.3970974999999997
16.175	 1.3963989062499995
16.185000000000002	 1.3957479687499994
16.195000000000004	 1.3952067187499995
16.205000000000002	 1.3947632812499995
16.215	 1.3943937499999992
16.224999999999998	 1.3940909374999992
16.235	 1.3938668749999994
16.244999999999997	 1.3937285937499997
16.254999999999995	 1.3936595312499998
16.264999999999997	 1.39369046875
16.274999999999995	 1.39376203125
16.284999999999997	 1.39396234375
16.294999999999998	 1.3942842187499997
16.305	 1.394691875
16.315	 1.39517109375
16.325000000000003	 1.39577671875
16.335000000000004	 1.3964537500000003
16.345000000000002	 1.3972453125000006
16.355	 1.3981512500000006
16.365	 1.3991740625000006
16.375	 1.4003207812500007
16.384999999999998	 1.4015843750000008
16.395	 1.4029648437500009
16.404999999999998	 1.404505000000001
16.415	 1.4061334375000007
16.425	 1.4079787500000005
16.435000000000002	 1.4100220312500005
16.445000000000004	 1.4122703125000005
16.455000000000002	 1.4146710937500002
16.465	 1.4172793750000003
16.474999999999998	 1.4202023437500002
16.485	 1.42334703125
16.494999999999997	 1.4267587500000003
16.504999999999995	 1.4304660937500002
16.514999999999997	 1.4345310937500002
16.524999999999995	 1.4389298437500002
16.534999999999997	 1.44366015625
16.544999999999995	 1.4487576562499997
16.554999999999996	 1.4541721874999998
16.565	 1.4600206249999996
16.575000000000003	 1.4662456249999998
16.585000000000004	 1.4728642187499998
16.595000000000002	 1.479885625
16.605000000000004	 1.48727890625
16.615000000000002	 1.49499171875
16.625	 1.5030907812499998
16.635	 1.5115021875
16.645	 1.52022359375
16.654999999999998	 1.52926453125
16.665	 1.53857
16.675	 1.5480876562499999
16.685000000000002	 1.55780328125
16.695	 1.5677048437499999
16.705000000000002	 1.5777875
16.715	 1.5880465625
16.725	 1.5984749999999996
16.735	 1.6090321875
16.744999999999997	 1.619691875
16.754999999999995	 1.6304517187500003
16.764999999999997	 1.6412996875000003
16.774999999999995	 1.6522096875
16.784999999999997	 1.6632221875000002
16.794999999999995	 1.6743420312499997
16.804999999999993	 1.6855239062499998
16.814999999999998	 1.6967320312499998
16.825000000000003	 1.7080020312499997
16.835000000000004	 1.7193126562499998
16.845000000000006	 1.73066859375
16.855000000000004	 1.7420696875
16.865000000000002	 1.7535090625
16.875000000000004	 1.7649389062499998
16.885	 1.7763829687500001
16.895	 1.7877745312499997
16.904999999999998	 1.7991590624999996
16.915	 1.81049578125
16.925	 1.8218110937499998
16.935000000000002	 1.83301671875
16.945	 1.84414125
16.955000000000002	 1.8551418749999997
16.965	 1.8660207812499998
16.975	 1.87673765625
16.985	 1.88731390625
16.994999999999997	 1.89766609375
17.004999999999995	 1.9078179687499999
17.014999999999997	 1.9177624999999996
17.024999999999995	 1.92745421875
17.034999999999993	 1.9368287499999999
17.044999999999995	 1.9459506249999994
17.054999999999993	 1.9547529687499996
17.064999999999998	 1.9632192187499995
17.075000000000003	 1.9712992187499994
17.085000000000004	 1.9790024999999996
17.095000000000006	 1.9863220312499996
17.105000000000008	 1.9931981249999995
17.115000000000006	 1.9995710937499998
17.125000000000004	 2.0055554687499995
17.135000000000005	 2.011008125
17.145000000000003	 2.0159696875
17.155	 2.0203709375
17.165	 2.02424296875
17.175	 2.0275259375
17.185000000000002	 2.0302509375
17.195	 2.03244203125
17.205000000000002	 2.0340584374999997
17.215	 2.03509078125
17.225	 2.0356009375
17.235	 2.0355532812500003
17.244999999999997	 2.03502875
17.254999999999995	 2.0340107812500006
17.264999999999997	 2.0325492187500003
17.274999999999995	 2.0306609375
17.284999999999993	 2.0283817187500004
17.29499999999999	 2.0257590625
17.304999999999993	 2.0228337499999998
17.314999999999994	 2.01956984375
17.325	 2.01612703125
17.335000000000004	 2.012424375
17.345000000000006	 2.0085978125
17.355000000000008	 2.00459234375
17.365000000000006	 2.0005153125
17.375000000000004	 1.9963359375000003
17.385000000000005	 1.992120625
17.395000000000003	 1.9878528125000001
17.405000000000005	 1.9836328125
17.415	 1.9794151562500002
17.425	 1.9752857812500002
17.435	 1.9712254687500002
17.445	 1.9672271875
17.455000000000002	 1.9633528125000002
17.465	 1.959616875
17.474999999999998	 1.9559976562499999
17.485	 1.9525167187499999
17.494999999999997	 1.94915265625
17.504999999999995	 1.94597453125
17.514999999999997	 1.94292515625
17.524999999999995	 1.94007609375
17.534999999999993	 1.9374106249999998
17.54499999999999	 1.93495015625
17.55499999999999	 1.93265890625
17.564999999999994	 1.93054890625
17.575	 1.9286057812499997
17.585	 1.9268606249999998
17.595000000000006	 1.92525375
17.605000000000008	 1.9238590625
17.615000000000006	 1.9226265625
17.625000000000007	 1.9215178125
17.635000000000005	 1.9205475
17.645000000000003	 1.9197678125000002
17.655000000000005	 1.919093125
17.665	 1.9186401562500002
17.675	 1.9183135937500002
17.685	 1.9181610937500004
17.695	 1.9181062500000003
17.705000000000002	 1.9182303125000002
17.715	 1.9184735937500002
17.724999999999998	 1.9189265625
17.735	 1.9194773437500001
17.744999999999997	 1.9202378125000001
17.754999999999995	 1.9211390625000002
17.764999999999997	 1.9222143750000005
17.774999999999995	 1.9235185937500003
17.784999999999993	 1.9250039062500004
17.79499999999999	 1.9265965625000003
17.80499999999999	 1.9284084375000003
17.81499999999999	 1.9303921875000003
17.824999999999996	 1.9326071875000004
17.835	 1.9349270312500004
17.845000000000002	 1.9374925
17.855000000000008	 1.9402104687500001
17.86500000000001	 1.9431454687500003
17.875000000000007	 1.9461948437500007
17.885000000000005	 1.9494445312500004
17.895000000000007	 1.9528325000000006
17.905000000000005	 1.9563850000000005
17.915000000000003	 1.9600184375000005
17.925	 1.9638450000000003
17.935	 1.9677026562500004
17.945	 1.9716746875000004
17.955000000000002	 1.9757182812500003
17.965	 1.9798262500000003
17.975	 1.9839651562500005
17.985	 1.9881279687500004
17.994999999999997	 1.9922598437500005
18.004999999999995	 1.9963964062500001
18.014999999999997	 2.0004685937500004
18.024999999999995	 2.0045075000000003
18.034999999999993	 2.0084248437500003
18.04499999999999	 2.0122800000000005
18.05499999999999	 2.0159826562500003
18.06499999999999	 2.0195660937500004
18.074999999999992	 2.0229015625000004
18.084999999999997	 2.02621078125
18.095000000000002	 2.0292601562500003
18.105000000000004	 2.0321854687500003
18.115000000000006	 2.03488671875
18.125000000000007	 2.03742828125
18.13500000000001	 2.0397170312500004
18.145000000000007	 2.0418293750000007
18.15500000000001	 2.043693750000001
18.165000000000003	 2.0454009375
18.175000000000004	 2.0468432812500006
18.185000000000002	 2.0481521875000004
18.195	 2.0491845312500003
18.205000000000002	 2.0501287500000003
18.215	 2.05086078125
18.225	 2.0515259375
18.235	 2.0520479687500006
18.244999999999997	 2.0525485937500005
18.254999999999995	 2.0529228125000003
18.264999999999997	 2.0533090625000003
18.274999999999995	 2.05365234375
18.284999999999993	 2.0539789062500002
18.29499999999999	 2.0542625
18.30499999999999	 2.0546296875000003
18.31499999999999	 2.055013593750001
18.324999999999992	 2.0554903125
18.334999999999997	 2.0559839062500003
18.345	 2.0565870312500003
18.355000000000004	 2.0572092187500006
18.365000000000006	 2.057953125
18.375000000000007	 2.0587589062500005
18.38500000000001	 2.05971734375
18.39500000000001	 2.0607710937500006
18.40500000000001	 2.061910625
18.415000000000006	 2.0630525000000004
18.425000000000004	 2.064373281250001
18.435000000000002	 2.0657607812500003
18.445	 2.0673034375000006
18.455000000000002	 2.0688626562500008
18.465	 2.0705482812500007
18.475	 2.0722576562500006
18.485	 2.0740553125
18.494999999999997	 2.07583390625
18.504999999999995	 2.07771265625
18.514999999999993	 2.07959375
18.524999999999995	 2.08155109375
18.534999999999993	 2.0835012499999994
18.54499999999999	 2.0855326562500003
18.55499999999999	 2.0875473437500003
18.56499999999999	 2.08964296875
18.574999999999992	 2.091698125
18.584999999999994	 2.0938510937499997
18.595	 2.0959920312499998
18.605000000000004	 2.0982354687500004
18.615000000000006	 2.1004479687499997
18.625000000000007	 2.1027390624999995
18.63500000000001	 2.10503015625
18.64500000000001	 2.10746203125
18.65500000000001	 2.10984625
18.66500000000001	 2.11238296875
18.675000000000008	 2.1149053125
18.685000000000006	 2.1175303124999996
18.695000000000004	 2.1201671875
18.705000000000002	 2.1229018749999997
18.715	 2.1256484375000007
18.725	 2.1284117187500007
18.735	 2.1310771875000003
18.744999999999997	 2.1336856249999996
18.754999999999995	 2.1359887499999997
18.764999999999993	 2.1382965625000003
18.774999999999995	 2.1405996875000004
18.784999999999993	 2.14308875
18.79499999999999	 2.1456589062500004
18.80499999999999	 2.14844359375
18.81499999999999	 2.1513618750000005
18.824999999999992	 2.1544517187500003
18.834999999999994	 2.157639375
18.845	 2.16097953125
18.855	 2.16442703125
18.865000000000002	 2.1680057812499998
18.875000000000007	 2.17164171875
18.88500000000001	 2.1753706250000002
18.89500000000001	 2.17913765625
18.905000000000012	 2.183105
18.91500000000001	 2.1871653125
18.925000000000008	 2.19140203125
18.935000000000006	 2.1956864062499997
18.945000000000004	 2.2000446875
18.955000000000002	 2.2043528125000003
18.965	 2.2087040625000003
18.975	 2.212993125
18.985	 2.2173109375
18.994999999999997	 2.2215285937499996
19.004999999999995	 2.2257223437499998
19.014999999999993	 2.2297540624999996
19.02499999999999	 2.23383109375
19.034999999999993	 2.2377578124999995
19.04499999999999	 2.24178
19.05499999999999	 2.2456806249999994
19.06499999999999	 2.2495954687499995
19.074999999999992	 2.253324375
19.084999999999994	 2.2569078124999993
19.095	 2.26031234375
19.105	 2.2635739062499995
19.115000000000002	 2.2665875
19.125000000000004	 2.2694007812500003
19.135000000000005	 2.2719065625000003
19.145000000000007	 2.2743335937500007
19.155000000000012	 2.2764721875
19.16500000000001	 2.2784081250000003
19.175000000000008	 2.2802821875000006
19.185000000000006	 2.2824159375000006
19.195000000000004	 2.2846332812500005
19.205000000000002	 2.2871225000000006
19.215	 2.2897593750000005
19.225	 2.292637031250001
19.235	 2.295602968750001
19.244999999999997	 2.2988384375000006
19.254999999999995	 2.3021501562500006
19.264999999999993	 2.3057121875
19.27499999999999	 2.309219375
19.284999999999993	 2.3128625
19.29499999999999	 2.31651015625
19.30499999999999	 2.3202748437499996
19.31499999999999	 2.3240634375
19.324999999999992	 2.3279687499999997
19.334999999999994	 2.3318503125000003
19.344999999999995	 2.3358937500000003
19.355	 2.3399159375000003
19.365000000000002	 2.3441217187500003
19.375000000000004	 2.3484181250000002
19.385000000000005	 2.3530123437500006
19.395000000000007	 2.3579260937500006
19.40500000000001	 2.363140312500001
19.41500000000001	 2.3684379687500012
19.42500000000001	 2.3741267187500004
19.43500000000001	 2.3797200000000007
19.445000000000007	 2.3850843750000004
19.455000000000005	 2.3900125000000005
19.465000000000003	 2.394704531250001
19.475	 2.3990414062500003
19.485	 2.403225625
19.494999999999997	 2.40706890625
19.504999999999995	 2.4108071875
19.514999999999993	 2.4141498437499997
19.52499999999999	 2.4172803124999995
19.534999999999993	 2.4200984375
19.54499999999999	 2.4227209374999994
19.55499999999999	 2.42501203125
19.56499999999999	 2.4273270312500004
19.574999999999992	 2.4294465625
19.584999999999994	 2.4316257812499997
19.594999999999995	 2.4337215624999997
19.605	 2.4358959374999998
19.615	 2.4379750000000002
19.625000000000004	 2.4400921875
19.635000000000005	 2.4420234374999996
19.645000000000007	 2.4441096875000006
19.65500000000001	 2.4461623437499997
19.66500000000001	 2.44845359375
19.67500000000001	 2.4509093749999997
19.68500000000001	 2.4536057812499994
19.695000000000007	 2.4563999999999995
19.705000000000005	 2.4594565624999993
19.715000000000003	 2.4626228125000003
19.725	 2.4660440625
19.735	 2.46968953125
19.744999999999997	 2.4736020312499996
19.754999999999995	 2.4775621875
19.764999999999993	 2.4818918749999996
19.77499999999999	 2.4862884375
19.784999999999993	 2.49095421875
19.79499999999999	 2.49572734375
19.80499999999999	 2.5009798437499997
19.81499999999999	 2.506110625
19.824999999999992	 2.5112532812499997
19.834999999999994	 2.5161623437499996
19.844999999999995	 2.52104515625
19.855	 2.5255535937499998
19.865	 2.5299285937500002
19.875	 2.5338959375
19.885000000000005	 2.5377368750000002
19.895000000000007	 2.541210625
19.90500000000001	 2.5447821875
19.91500000000001	 2.5481487499999997
19.92500000000001	 2.551531875
19.93500000000001	 2.5547315625
19.945000000000007	 2.5579096875000005
19.955000000000005	 2.5606920312500003
19.965000000000003	 2.56328125
19.975	 2.5653459374999996
19.985	 2.5672009374999996
19.994999999999997	 2.56878640625
20.005	 2.570576875
20.014999999999997	 2.57223859375
20.024999999999995	 2.57413171875
20.034999999999993	 2.5758840625
20.04499999999999	 2.57778671875
20.05499999999999	 2.5794485937500005
20.06499999999999	 2.5809625
20.074999999999992	 2.5823190625
20.084999999999994	 2.5840857812499998
20.094999999999995	 2.58598359375
20.104999999999997	 2.5882748437500003
20.115	 2.590575625
20.125	 2.5932221875
20.135000000000005	 2.5958090624999994
20.145000000000003	 2.5985985937499994
20.155000000000005	 2.6014762499999993
20.165000000000006	 2.604766406249999
20.175000000000008	 2.6080089062499994
20.18500000000001	 2.611585312499999
20.19500000000001	 2.6150424999999986
20.20500000000001	 2.618678437499999
20.215000000000007	 2.6220974999999993
20.225000000000005	 2.625692812499999
20.235000000000003	 2.6290473437499995
20.245	 2.6325448437499994
20.255	 2.63585640625
20.264999999999997	 2.6395209375
20.274999999999995	 2.64311390625
20.284999999999993	 2.6469953125
20.29499999999999	 2.6506979687500003
20.30499999999999	 2.6546460937500007
20.31499999999999	 2.6580696875000007
20.324999999999992	 2.6616484375000002
20.334999999999994	 2.6646382812500002
20.344999999999995	 2.6676184375000003
20.354999999999997	 2.67016703125
20.365	 2.6728945312500003
20.375	 2.6752000000000002
20.385	 2.67759359375
20.395000000000003	 2.6798634375000008
20.405000000000005	 2.6824287500000006
20.415000000000006	 2.6849701562500004
20.425000000000008	 2.6876882812500003
20.43500000000001	 2.6901345312500005
20.44500000000001	 2.6927356250000005
20.45500000000001	 2.6951603125
20.465000000000007	 2.6978521874999997
20.475000000000005	 2.7000646875
20.485000000000003	 2.7024965624999995
20.495	 2.7045923437499995
20.505	 2.7069907812499996
20.514999999999997	 2.7092581249999994
20.524999999999995	 2.7117829687499992
20.534999999999993	 2.7139907812499993
20.54499999999999	 2.7163868749999995
20.55499999999999	 2.7184681249999993
20.56499999999999	 2.720871406249999
20.574999999999992	 2.722900312499999
20.584999999999994	 2.7252392187499983
20.594999999999995	 2.7275065624999986
20.604999999999997	 2.730265156249999
20.615	 2.733016406249999
20.625	 2.736225468749999
20.635	 2.739258124999999
20.645000000000003	 2.7424339062499996
20.655	 2.7451853125
20.665000000000006	 2.7481870312499996
20.675000000000008	 2.7507190624999995
20.68500000000001	 2.753458437499999
20.69500000000001	 2.75586171875
20.70500000000001	 2.7585296874999994
20.715000000000007	 2.7607231249999997
20.725000000000005	 2.7632503125
20.735000000000003	 2.76531984375
20.745	 2.7677493750000006
20.755	 2.7698856250000006
20.764999999999997	 2.7723007812500007
20.774999999999995	 2.7744870312500005
20.784999999999993	 2.7771478125000004
20.79499999999999	 2.7793175
20.80499999999999	 2.7818828125000006
20.81499999999999	 2.7841001562500005
20.824999999999992	 2.7866703125000005
20.834999999999994	 2.7886371875000004
20.844999999999995	 2.791595937500001
20.854999999999997	 2.793591406250001
20.865	 2.7965359375000016
20.875	 2.7985218750000014
20.885	 2.8016785937500015
20.895000000000003	 2.8037957812500007
20.905000000000005	 2.806878437500001
20.915000000000006	 2.809076562500001
20.925000000000008	 2.8121593750000007
20.93500000000001	 2.8141596875000006
20.94500000000001	 2.817101875000001
20.95500000000001	 2.819061718750001
20.965000000000007	 2.8220706250000007
20.97500000000001	 2.824154375000001
20.985000000000007	 2.827389687500001
20.995000000000005	 2.829654687500001
21.005000000000003	 2.833009218750001
21.014999999999997	 2.835236093750001
21.024999999999995	 2.838552500000002
21.034999999999993	 2.840910468750001
21.04499999999999	 2.8443295312500014
21.05499999999999	 2.8465015625000016
21.06499999999999	 2.8498059375000016
21.074999999999992	 2.8519517187500014
21.084999999999994	 2.8552514062500016
21.094999999999995	 2.857435312500001
21.104999999999997	 2.860513281250001
21.115	 2.862597031250001
21.125	 2.865794218750001
21.135	 2.8679757812500006
21.145000000000003	 2.8713017187500007
21.155	 2.873399843750001
21.165000000000003	 2.876701875000001
21.175000000000004	 2.878919062500001
21.185000000000006	 2.882104218750001
21.195000000000007	 2.8843168750000006
21.20500000000001	 2.88765953125
21.21500000000001	 2.8898696875
21.22500000000001	 2.8932814062500003
21.235000000000007	 2.89547484375
21.245000000000005	 2.89891046875
21.255000000000003	 2.9011754687500004
21.264999999999997	 2.9047303125000004
21.274999999999995	 2.90706921875
21.284999999999993	 2.9105859375
21.29499999999999	 2.9129534374999997
21.30499999999999	 2.9163865624999996
21.31499999999999	 2.9186778125000004
21.324999999999992	 2.9221039062500003
21.334999999999994	 2.9242448437500004
21.344999999999995	 2.9275015625000007
21.354999999999997	 2.9296689062500003
21.365	 2.9328112500000003
21.375	 2.9349856250000004
21.385	 2.9382328125000003
21.395000000000003	 2.9402998437500005
21.405	 2.943547031250001
21.415000000000003	 2.945587968750001
21.425000000000004	 2.9488065625000006
21.435000000000006	 2.9509451562500004
21.445000000000007	 2.954163906250001
21.45500000000001	 2.9563906250000005
21.46500000000001	 2.9597235937500006
21.47500000000001	 2.9621150000000007
21.485000000000007	 2.964985625000001
21.495000000000005	 2.9674198437500006
21.505000000000003	 2.9703857812500005
21.515	 2.9729154687500006
21.524999999999995	 2.9758121875000008
21.534999999999993	 2.9782965625
21.54499999999999	 2.98120765625
21.55499999999999	 2.9835346874999997
21.56499999999999	 2.9864695312499996
21.574999999999992	 2.9889729687499997
21.584999999999994	 2.9918696874999995
21.594999999999995	 2.9943803124999997
21.604999999999997	 2.99729609375
21.615	 2.99971359375
21.625	 3.0026390625
21.635	 3.00514015625
21.645000000000003	 3.0081442187500005
21.655	 3.0107478125000005
21.665000000000003	 3.0139235937500004
21.675000000000004	 3.0166820312500007
21.685000000000006	 3.0196382812500002
21.695000000000007	 3.0221035937500007
21.70500000000001	 3.0250195312500003
21.71500000000001	 3.02757765625
21.72500000000001	 3.0305126562500004
21.735000000000007	 3.0329064062500004
21.745000000000005	 3.0358389062500004
21.755000000000003	 3.038349375
21.765	 3.0413009375
21.775	 3.043804218750001
21.784999999999993	 3.0467464062500005
21.79499999999999	 3.0493045312500002
21.80499999999999	 3.0522609375000003
21.81499999999999	 3.0548240625000003
21.824999999999992	 3.0578115625000004
21.834999999999994	 3.0603434375
21.844999999999995	 3.06327109375
21.854999999999997	 3.065826875000001
21.865	 3.068807031250001
21.875	 3.0713532812500004
21.885	 3.0742404687500002
21.895000000000003	 3.07682734375
21.905	 3.0797075000000005
21.915000000000003	 3.0822490625000007
21.925	 3.0852150000000007
21.935000000000002	 3.087694531250001
21.945000000000004	 3.0905484375000003
21.955000000000005	 3.0931067187500005
21.965000000000007	 3.096063125
21.97500000000001	 3.0986404687500007
21.98500000000001	 3.1016517187500003
21.995000000000005	 3.1042360937500004
22.005000000000003	 3.1073070312500004
22.015	 3.1098556250000007
22.025	 3.1128526562500003
22.034999999999997	 3.1154825000000006
22.04499999999999	 3.1184484374999997
22.05499999999999	 3.1211378124999998
22.06499999999999	 3.1240728124999997
22.074999999999992	 3.1266190625
22.084999999999994	 3.1296303125
22.094999999999995	 3.13205515625
22.104999999999997	 3.13498296875
22.115	 3.13756265625
22.125	 3.1406025000000004
22.135	 3.1431368749999997
22.145000000000003	 3.14612421875
22.155	 3.14863953125
22.165000000000003	 3.15163171875
22.175	 3.15416375
22.185000000000002	 3.15721078125
22.195000000000004	 3.1598690625
22.205000000000005	 3.16287796875
22.215000000000007	 3.1654504687499996
22.22500000000001	 3.16844984375
22.23500000000001	 3.170953125
22.245000000000005	 3.17390234375
22.255000000000003	 3.1765464062500004
22.265	 3.1795862500000003
22.275	 3.1821634375
22.284999999999997	 3.18516046875
22.29499999999999	 3.1876542187500005
22.30499999999999	 3.1906510937500006
22.31499999999999	 3.1930734375000003
22.324999999999992	 3.1958534375000003
22.334999999999994	 3.1986190625000006
22.344999999999995	 3.20164453125
22.354999999999993	 3.20433640625
22.365	 3.20737375
22.375	 3.2099701562500003
22.385	 3.2130028125000005
22.395000000000003	 3.2156421875000007
22.405	 3.2186318750000007
22.415000000000003	 3.221206875000001
22.425	 3.224184687500001
22.435000000000002	 3.226778750000001
22.445000000000004	 3.2297709375000005
22.455000000000005	 3.232374375000001
22.465000000000007	 3.235509531250001
22.47500000000001	 3.2382276562500008
22.48500000000001	 3.2412579687500007
22.495000000000008	 3.243882968750001
22.505000000000006	 3.24690859375
22.515000000000004	 3.2494978125000005
22.525000000000002	 3.25259015625
22.534999999999997	 3.2552390625000003
22.544999999999995	 3.258319375
22.55499999999999	 3.2609062500000006
22.56499999999999	 3.263891250000001
22.574999999999992	 3.2665257812500004
22.584999999999994	 3.2696109375000004
22.594999999999995	 3.2722645312500003
22.604999999999993	 3.27524234375
22.615	 3.27794125
22.625	 3.28098578125
22.634999999999998	 3.28368
22.645000000000003	 3.2867626562499996
22.655	 3.2894782812499996
22.665000000000003	 3.29252046875
22.675000000000004	 3.2951978125
22.685000000000002	 3.2982829687499997
22.695000000000004	 3.3008410937499995
22.705000000000005	 3.303837968749999
22.715000000000007	 3.306522656249999
22.72500000000001	 3.309564843749999
22.73500000000001	 3.3122135937499992
22.745000000000008	 3.315324999999999
22.755000000000006	 3.3179953124999995
22.765000000000004	 3.321199687499999
22.775000000000002	 3.3239224999999992
22.784999999999997	 3.3270409374999996
22.794999999999995	 3.3297732812499996
22.80499999999999	 3.3328965624999993
22.81499999999999	 3.335597812499999
22.824999999999992	 3.3386901562499998
22.834999999999994	 3.3413699999999995
22.844999999999995	 3.3444621874999996
22.854999999999993	 3.34716359375
22.864999999999995	 3.3503345312499992
22.874999999999996	 3.3530668749999997
22.884999999999998	 3.35613296875
22.895000000000003	 3.3588534374999997
22.905	 3.3620554687499995
22.915000000000003	 3.36476640625
22.925000000000004	 3.367999375
22.935000000000002	 3.37080328125
22.945	 3.3740434375
22.955000000000002	 3.37672796875
22.965000000000003	 3.3801875000000003
22.975000000000005	 3.38305328125
22.985000000000007	 3.3863053124999998
22.995000000000008	 3.38902328125
23.005000000000006	 3.3922039062500002
23.015000000000004	 3.3949909375000002
23.025000000000002	 3.3981118750000006
23.035	 3.4008584375000006
23.044999999999995	 3.404110468750001
23.054999999999993	 3.4068928125000006
23.06499999999999	 3.410192500000001
23.074999999999992	 3.412986718750001
23.084999999999994	 3.4162625000000006
23.094999999999995	 3.4190615625
23.104999999999993	 3.4223612500000007
23.114999999999995	 3.4251506250000006
23.124999999999996	 3.4284170312500004
23.134999999999998	 3.431251875
23.145000000000003	 3.43455640625
23.155	 3.4373959375000003
23.165000000000003	 3.4406932812499997
23.175000000000004	 3.4434517187499996
23.185000000000002	 3.4467681249999993
23.195	 3.4496123437499997
23.205000000000002	 3.4529524999999994
23.215000000000003	 3.4558159374999997
23.225000000000005	 3.45917046875
23.235000000000007	 3.462021875
23.245000000000008	 3.46539546875
23.255000000000006	 3.46823265625
23.265000000000004	 3.4716134375000003
23.275000000000002	 3.4745006250000006
23.285	 3.4779410937499997
23.294999999999995	 3.48088078125
23.304999999999993	 3.4843306249999997
23.31499999999999	 3.4871868750000004
23.324999999999992	 3.490634375
23.334999999999994	 3.4935359375000004
23.344999999999995	 3.4970096875
23.354999999999993	 3.4999207812499997
23.364999999999995	 3.5033540624999997
23.374999999999996	 3.5063271874999997
23.384999999999998	 3.5096364062499994
23.395000000000003	 3.5125879687499992
23.405	 3.515906718749999
23.415000000000003	 3.518848749999999
23.425000000000004	 3.522301093749999
23.435000000000002	 3.525231249999999
23.445	 3.528681249999999
23.455000000000002	 3.5316757812499993
23.465000000000003	 3.535137499999999
23.475000000000005	 3.5382203124999996
23.485000000000007	 3.5417393749999992
23.495000000000005	 3.544752968749999
23.505000000000006	 3.5481503124999993
23.515000000000004	 3.5511806249999993
23.525000000000002	 3.5546757812499994
23.535	 3.5576964062499994
23.544999999999998	 3.5610532812499995
23.554999999999993	 3.56408109375
23.564999999999994	 3.5674856249999998
23.574999999999992	 3.57052546875
23.584999999999994	 3.5739492187500006
23.594999999999995	 3.57698671875
23.604999999999993	 3.5804128125
23.614999999999995	 3.5833478125000005
23.624999999999996	 3.5865712500000004
23.634999999999998	 3.5895632812500007
23.645	 3.5930370312500006
23.655	 3.5961078125000006
23.665000000000003	 3.5996078125000013
23.675000000000004	 3.6026595312500014
23.685000000000002	 3.606092812500001
23.695	 3.609113593750001
23.705000000000002	 3.612482500000001
23.715000000000003	 3.6155176562500015
23.725000000000005	 3.618893750000001
23.735000000000007	 3.6219835937500013
23.745000000000005	 3.625371562500001
23.755000000000006	 3.6283518750000012
23.765000000000004	 3.631818437500001
23.775000000000002	 3.634872500000001
23.785	 3.638296093750001
23.794999999999998	 3.641448125000001
23.804999999999993	 3.644897968750001
23.814999999999994	 3.647987812500001
23.824999999999992	 3.651430625000001
23.834999999999994	 3.654511093750001
23.844999999999995	 3.6579848437500004
23.854999999999993	 3.6611295312500003
23.864999999999995	 3.66452703125
23.874999999999996	 3.6675478124999996
23.884999999999998	 3.6710049999999996
23.895	 3.6740806249999998
23.905	 3.67745671875
23.915000000000003	 3.6804775
23.925000000000004	 3.68394875
23.935000000000002	 3.68694578125
23.945	 3.69034328125
23.955000000000002	 3.69343328125
23.965	 3.696783125
23.975	 3.69993265625
23.985000000000003	 3.70334203125
23.995000000000005	 3.7064342187500006
24.005000000000006	 3.7098889062500002
24.015000000000004	 3.71294546875
24.025000000000006	 3.71647890625
24.035000000000004	 3.7195473437499995
24.044999999999998	 3.7229853124999996
24.054999999999996	 3.7260276562499994
24.064999999999994	 3.7293512499999997
24.074999999999992	 3.7323957812499997
24.084999999999994	 3.7358384374999996
24.094999999999995	 3.7388520312499995
24.104999999999993	 3.7423210937499993
24.114999999999995	 3.745210781249999
24.124999999999996	 3.7486082812499992
24.134999999999998	 3.7516265624999994
24.145	 3.755138593749999
24.155	 3.7582760937499993
24.165000000000003	 3.7617976562499997
24.175000000000004	 3.7648757812499993
24.185000000000002	 3.76833515625
24.195	 3.77135125
24.205000000000002	 3.77484171875
24.215	 3.7778385937500003
24.225	 3.7813028125000003
24.235000000000003	 3.784306875
24.245000000000005	 3.7876137500000007
24.255000000000006	 3.7904579687500006
24.265000000000004	 3.794100937500001
24.275000000000006	 3.797295781250001
24.285000000000004	 3.8007551562500006
24.294999999999998	 3.803842812500001
24.304999999999996	 3.807357031250001
24.314999999999994	 3.81036828125
24.324999999999992	 3.8138659375
24.334999999999994	 3.81704875
24.344999999999995	 3.820584375
24.354999999999993	 3.8236050000000006
24.364999999999995	 3.8271693750000004
24.374999999999996	 3.8301378125000003
24.384999999999998	 3.8336735937500004
24.395	 3.8366895312500007
24.405	 3.8402039062500006
24.415000000000003	 3.8432246875000007
24.425000000000004	 3.846700781250001
24.435000000000002	 3.8495903125000006
24.445	 3.853073593750001
24.455000000000002	 3.8561373437500004
24.465	 3.8596278125000008
24.475	 3.862679531250001
24.485000000000003	 3.8662009375000013
24.495	 3.86922890625
24.505000000000003	 3.8728314062500004
24.515000000000004	 3.8760334375
24.525000000000006	 3.879588125
24.535000000000004	 3.8826159375
24.545	 3.8862017187499998
24.554999999999996	 3.8892295312500003
24.564999999999998	 3.892734375
24.574999999999996	 3.8957598437500005
24.584999999999994	 3.899264531250001
24.594999999999995	 3.9022732812500003
24.604999999999993	 3.9057470312500007
24.614999999999995	 3.9087178125000004
24.624999999999996	 3.9122131250000005
24.634999999999998	 3.9152339062500014
24.645	 3.918690937500001
24.654999999999998	 3.921733125000001
24.665000000000003	 3.925182968750001
24.675000000000004	 3.9281846875000013
