0.16499999999999998	 0.023870937499999995
0.175	 0.02392343749999999
0.18499999999999997	 0.0232796875
0.19499999999999995	 0.025916562499999997
0.20499999999999996	 0.0229075
0.21499999999999997	 0.025301249999999994
0.22499999999999998	 0.0244096875
0.23499999999999996	 0.0236565625
0.24499999999999997	 0.0260359375
0.25499999999999995	 0.0223640625
0.26499999999999996	 0.024805312500000003
0.27499999999999997	 0.024047187500000004
0.285	 0.023417500000000004
0.29499999999999993	 0.0259684375
0.305	 0.022482812500000005
0.315	 0.024714374999999997
0.325	 0.024309062499999996
0.335	 0.023736874999999998
0.34500000000000003	 0.026035000000000003
0.35500000000000004	 0.022735312499999997
0.36500000000000005	 0.0251671875
0.375	 0.0245378125
0.385	 0.024065624999999997
0.395	 0.0265784375
0.4050000000000001	 0.023197812499999998
0.4150000000000001	 0.02542
0.42500000000000004	 0.024428124999999995
0.43500000000000005	 0.023669999999999997
0.445	 0.026325937499999993
0.455	 0.022592499999999998
0.46499999999999997	 0.0251959375
0.47500000000000003	 0.024480625
0.48500000000000004	 0.0238225
0.495	 0.0260921875
0.505	 0.0226684375
0.515	 0.025043125
0.525	 0.023965624999999994
0.5350000000000001	 0.023398125000000002
0.545	 0.025715625
0.555	 0.0226540625
0.565	 0.025271874999999996
0.575	 0.024570937500000004
0.5849999999999999	 0.023526875
0.5949999999999999	 0.026092187500000006
0.6049999999999999	 0.022706875
0.6149999999999999	 0.025086250000000004
0.625	 0.024294687500000006
0.6350000000000001	 0.023655625000000007
0.6450000000000001	 0.026154062500000005
0.655	 0.0223153125
0.665	 0.02498093750000001
0.6749999999999999	 0.024265625000000006
0.6849999999999999	 0.02360781250000001
0.695	 0.02586312500000001
0.705	 0.022382187500000008
0.715	 0.0248665625
0.7249999999999999	 0.023989062500000005
0.7349999999999999	 0.02348343750000001
0.7449999999999999	 0.026010625000000006
0.7549999999999999	 0.022968125000000006
0.765	 0.0252284375
0.775	 0.024513125
0.7850000000000001	 0.024065000000000003
0.795	 0.026315625
0.805	 0.022939687500000003
0.815	 0.0256384375
0.825	 0.024870937500000002
0.835	 0.024551562500000006
0.845	 0.027088125000000005
0.8550000000000001	 0.023759687500000005
0.865	 0.02639656250000001
0.8750000000000001	 0.025276250000000004
0.885	 0.024851875000000002
0.895	 0.027355312500000006
0.905	 0.024375000000000008
0.915	 0.0268690625
0.925	 0.025986875000000003
0.9349999999999999	 0.0258296875
0.945	 0.028399687499999996
0.955	 0.025119062499999994
0.9649999999999999	 0.027665625
0.975	 0.027169687499999998
0.985	 0.02657375
0.995	 0.0289103125
1.0050000000000001	 0.0259109375
1.015	 0.02862406249999999
1.025	 0.027708749999999997
1.035	 0.027136562500000003
1.0450000000000002	 0.029415937499999996
1.055	 0.025815937500000004
1.065	 0.0283528125
1.075	 0.027060625000000005
1.085	 0.026698125000000007
1.095	 0.028925000000000003
1.105	 0.025706250000000003
1.115	 0.028495937500000006
1.125	 0.027547187500000004
1.135	 0.027299374999999997
1.1449999999999998	 0.029750312500000004
1.1549999999999998	 0.026135937499999994
1.165	 0.028601249999999995
1.1749999999999998	 0.027519062499999997
1.185	 0.027094687499999992
1.195	 0.029297499999999994
1.205	 0.02613624999999999
1.215	 0.02858249999999999
1.225	 0.027657499999999988
1.235	 0.027209062500000002
1.2449999999999999	 0.0297028125
1.255	 0.0260884375
1.2650000000000001	 0.028582499999999993
1.2750000000000001	 0.0275528125
1.285	 0.027199687499999996
1.295	 0.029688749999999996
1.3050000000000002	 0.026026562499999996
1.315	 0.028591875
1.325	 0.027299687500000003
1.335	 0.026879999999999998
1.345	 0.029316562499999997
1.355	 0.026050312499999995
1.365	 0.028863749999999997
1.375	 0.028162812499999995
1.385	 0.0277621875
1.395	 0.030279999999999994
1.4049999999999998	 0.02670375
1.415	 0.029521875
1.4249999999999998	 0.0283871875
1.435	 0.0280103125
1.445	 0.030322812499999997
1.455	 0.0270803125
1.4649999999999999	 0.029674375
1.475	 0.028787187500000002
1.485	 0.028691875000000006
1.495	 0.031223749999999998
1.505	 0.028248125000000002
1.515	 0.0309421875
1.525	 0.029721562499999996
1.535	 0.029521250000000006
1.545	 0.032038750000000005
1.5550000000000002	 0.028944375
1.5650000000000002	 0.0315003125
1.575	 0.0303796875
1.585	 0.030150624999999997
1.5949999999999998	 0.0326634375
1.605	 0.029196874999999997
1.615	 0.031757499999999994
1.625	 0.031185312499999996
1.635	 0.030856562499999993
1.645	 0.033140625
1.655	 0.030122499999999997
1.665	 0.03275937499999999
1.6749999999999998	 0.031781874999999994
1.685	 0.031643437499999996
1.695	 0.034123125
1.705	 0.030780312499999993
1.7149999999999999	 0.0333171875
1.725	 0.032544687499999995
1.735	 0.032391875
1.745	 0.034790312500000004
1.755	 0.031233125
1.7650000000000001	 0.03394625
1.775	 0.0324728125
1.785	 0.03219625000000001
1.795	 0.03465218750000001
1.8050000000000002	 0.031114062500000008
1.8150000000000002	 0.033665
1.8249999999999997	 0.03219625
1.835	 0.031976875
1.845	 0.034365625000000004
1.855	 0.030760937500000002
1.865	 0.033297812499999996
1.8749999999999998	 0.0319196875
1.885	 0.0316859375
1.895	 0.034213125
1.905	 0.03081812499999999
1.915	 0.03345031249999999
1.9249999999999998	 0.0323203125
1.935	 0.0320153125
1.945	 0.0344471875
1.9549999999999998	 0.030679999999999992
1.9649999999999999	 0.03339781249999999
1.9749999999999999	 0.031948124999999994
1.985	 0.03164281249999999
1.995	 0.03407937499999999
2.005	 0.030708124999999992
2.015	 0.033254374999999996
2.025	 0.03208625
2.035	 0.03188593749999999
2.0449999999999995	 0.03424625
2.0549999999999997	 0.03077968749999999
2.065	 0.03329249999999999
2.075	 0.032300624999999986
2.085	 0.03207656249999999
2.0949999999999998	 0.034637187499999986
2.105	 0.0312371875
2.115	 0.033826249999999995
2.125	 0.03267218749999999
2.1350000000000002	 0.032438749999999995
2.145	 0.034737187499999995
2.1550000000000002	 0.03146624999999999
2.165	 0.033984062499999995
2.175	 0.03286343749999999
2.185	 0.032682187499999994
2.195	 0.03511875
2.2049999999999996	 0.031943124999999996
2.215	 0.0345896875
2.2249999999999996	 0.03342125
2.2350000000000003	 0.0331921875
2.245	 0.03536656249999999
2.255	 0.0319715625
2.265	 0.034618125
2.2750000000000004	 0.03387906250000001
2.285	 0.033783749999999994
2.295	 0.03620593750000001
2.305	 0.033011250000000006
2.315	 0.03544781250000001
2.325	 0.03412218750000001
2.3349999999999995	 0.03394562500000001
2.3449999999999998	 0.036081875000000006
2.355	 0.032686875000000004
2.3649999999999998	 0.03542875
2.375	 0.0342175
2.3850000000000002	 0.03427
2.3950000000000005	 0.036535
2.4050000000000002	 0.033416562500000004
2.415	 0.03582468750000001
2.4250000000000003	 0.03458
2.435	 0.03440375
2.445	 0.0367690625
2.4549999999999996	 0.03384593749999999
2.465	 0.036520937499999996
2.475	 0.03533374999999999
2.485	 0.035329062499999994
2.4949999999999997	 0.037789374999999986
2.505	 0.0345040625
2.5150000000000006	 0.03713625000000001
2.5250000000000004	 0.03571531250000001
2.535	 0.035572187500000005
2.5450000000000004	 0.03791375000000001
2.5549999999999997	 0.034962187500000005
2.5649999999999995	 0.037899375000000006
2.575	 0.03680250000000001
2.585	 0.036606875
2.5949999999999998	 0.0388240625
2.605	 0.034985625
2.6149999999999993	 0.0377371875
2.625	 0.0363590625
2.6350000000000002	 0.03636874999999999
2.6450000000000005	 0.038738749999999995
2.6550000000000002	 0.0354153125
2.665	 0.03827624999999999
2.675	 0.0372603125
2.685	 0.0370934375
2.695	 0.039435
2.7049999999999996	 0.0360971875
2.715	 0.0389821875
2.7249999999999996	 0.0375946875
2.7349999999999994	 0.0378234375
2.7449999999999997	 0.040250625000000005
2.7550000000000003	 0.037031875
2.765	 0.0395925
2.7750000000000004	 0.037990312500000005
2.7850000000000006	 0.03808593750000001
2.7950000000000004	 0.040202812500000004
2.805	 0.037198749999999996
2.815	 0.0397784375
2.8249999999999997	 0.038471875
2.835	 0.038405
2.845	 0.04058875000000001
2.855	 0.037384375000000004
2.8649999999999998	 0.0399640625
2.875	 0.03833812500000001
2.885	 0.03822375
2.895	 0.040374375000000004
2.9050000000000002	 0.03750375
2.915	 0.0404175
2.9250000000000003	 0.0396734375
2.935	 0.03935375
2.945	 0.04172375
2.9549999999999996	 0.038738749999999995
2.965	 0.0413946875
2.9749999999999996	 0.040111875
2.985	 0.040288437499999996
2.9949999999999997	 0.0425059375
3.0049999999999994	 0.039578125
3.015	 0.04229125
3.0250000000000004	 0.040917812500000005
3.035	 0.040860625
3.045	 0.0430396875
3.0550000000000006	 0.0399115625
3.065	 0.042400625000000004
3.075	 0.041070312500000004
3.0849999999999995	 0.0411609375
3.095	 0.043478437499999995
3.105	 0.0404934375
3.1149999999999998	 0.043411874999999996
3.125	 0.04174749999999999
3.1350000000000002	 0.0417953125
3.145	 0.044050624999999996
3.155	 0.041103749999999994
3.165	 0.04403624999999999
3.1750000000000003	 0.042577187499999995
3.185	 0.04274406249999999
3.195	 0.045047187499999995
3.205	 0.04205749999999999
3.215	 0.04499937499999999
3.2249999999999996	 0.043325624999999986
3.235	 0.043420937499999986
3.2449999999999997	 0.04569562499999999
3.255	 0.04201937499999999
3.265	 0.04483749999999999
3.275	 0.0432828125
3.285	 0.0433446875
3.2950000000000004	 0.0456096875
3.305	 0.0424146875
3.315	 0.04520875
3.3250000000000006	 0.043501874999999995
3.335	 0.0435828125
3.3449999999999998	 0.045595
3.355	 0.042390624999999994
3.3649999999999998	 0.04538999999999999
3.375	 0.04371624999999999
3.3850000000000002	 0.04402624999999999
3.395	 0.04621499999999999
3.4050000000000002	 0.04305812499999999
3.4149999999999996	 0.04575687499999999
3.4250000000000003	 0.04407812499999999
3.435	 0.044178125
3.445	 0.04652906249999999
3.455	 0.0436775
3.4650000000000003	 0.046324062500000006
3.4749999999999996	 0.044679062500000005
3.485	 0.04471250000000001
3.4949999999999997	 0.04700593750000002
3.505	 0.043782500000000016
3.5149999999999997	 0.046700625000000016
3.5250000000000004	 0.04502218750000002
3.5349999999999997	 0.04498906250000001
3.5450000000000004	 0.047206562500000014
3.555	 0.04396875
3.565	 0.04674375000000001
3.575	 0.045971250000000005
3.5850000000000004	 0.0459853125
3.5949999999999998	 0.047940312500000005
3.605	 0.0447646875
3.6149999999999998	 0.04761624999999999
3.625	 0.04597125
3.6350000000000002	 0.046061875
3.645	 0.048260000000000004
3.6550000000000002	 0.0453084375
3.665	 0.048369999999999996
3.675	 0.046939375
3.6849999999999996	 0.04690125
3.695	 0.048994687499999995
3.705	 0.0459715625
3.715	 0.0488325
3.725	 0.047268437499999996
3.735	 0.0474353125
3.7449999999999997	 0.0497434375
3.755	 0.046458124999999996
3.7649999999999997	 0.049023437499999996
3.7750000000000004	 0.047201875
3.785	 0.0474640625
3.795	 0.0496621875
3.805	 0.046581875
3.815	 0.0494715625
3.825	 0.047955000000000005
3.835	 0.047964687500000006
3.8449999999999998	 0.05020093750000001
3.8550000000000004	 0.047339687500000005
3.8649999999999998	 0.04994781250000001
3.875	 0.04840281250000001
3.8850000000000002	 0.0485171875
3.895	 0.05074875
3.9050000000000002	 0.047039062500000006
3.915	 0.05005281250000001
3.9250000000000003	 0.04849343750000001
3.935	 0.04867468750000001
3.945	 0.0507775
3.955	 0.04763062500000001
3.965	 0.0502390625
3.9750000000000005	 0.048455625
3.985	 0.0486034375
3.9949999999999997	 0.0508540625
4.005000000000001	 0.0480215625
4.015	 0.0508253125
4.025	 0.049018124999999996
4.035	 0.04917531249999999
4.045	 0.051411874999999996
4.055	 0.0482696875
4.0649999999999995	 0.051144999999999996
4.074999999999999	 0.04965249999999999
4.085	 0.04997687499999999
4.095	 0.05221343749999999
4.1049999999999995	 0.0493190625
4.115	 0.052146874999999995
4.125	 0.0505159375
4.135	 0.050654375
4.145	 0.052738125000000004
4.155	 0.04956218749999999
4.165	 0.052475625
4.175	 0.0506209375
4.1850000000000005	 0.051078750000000006
4.194999999999999	 0.053100625
4.205	 0.050120625
4.215	 0.0528815625
4.225	 0.0518803125
4.234999999999999	 0.0520425
4.245	 0.054088124999999994
4.255	 0.05076437499999999
4.265	 0.05356812499999999
4.275	 0.051922812499999985
4.285	 0.052332812499999985
4.295	 0.054507187499999984
4.305000000000001	 0.05097843749999999
4.3149999999999995	 0.05366312499999998
4.324999999999999	 0.05173656249999998
4.335	 0.05219906249999999
4.345	 0.05444499999999999
4.3549999999999995	 0.05127906249999999
4.364999999999999	 0.05410656249999999
4.375	 0.05241374999999999
4.385	 0.052499375
4.395	 0.054702187500000006
4.405	 0.0515884375
4.415	 0.05423
4.425	 0.0523609375
4.4350000000000005	 0.052532499999999996
4.445	 0.05467375000000001
4.455000000000001	 0.05159812500000001
4.465	 0.0544975
4.4750000000000005	 0.052862187500000005
4.484999999999999	 0.05303875
4.495	 0.055155937499999995
4.505	 0.051985
4.514999999999999	 0.05476
4.5249999999999995	 0.052976562500000005
4.535	 0.05323875
4.545	 0.0554465625
4.555000000000001	 0.0517796875
4.565	 0.0545740625
4.574999999999999	 0.05297687499999999
4.585	 0.05348249999999999
4.595	 0.05570937499999999
4.6049999999999995	 0.0526240625
4.614999999999999	 0.0554375
4.625	 0.0541165625
4.635	 0.0544503125
4.645	 0.0566821875
4.655	 0.053687812499999994
4.665	 0.0562196875
4.675	 0.05454125
4.6850000000000005	 0.05477968750000001
4.695	 0.05682531250000001
4.705	 0.053645000000000005
4.715000000000001	 0.0564490625
4.725	 0.054718125
4.735	 0.0551328125
4.745	 0.05732125
4.755	 0.053930937500000005
4.764999999999999	 0.056658437500000006
4.7749999999999995	 0.054851250000000004
4.784999999999999	 0.05514218750000001
4.794999999999999	 0.057302187500000004
4.805	 0.0542553125
4.815	 0.05716375
4.825	 0.05543281249999999
4.835	 0.055904999999999996
4.845	 0.05799343749999999
4.8549999999999995	 0.0549178125
4.864999999999999	 0.0574925
4.874999999999999	 0.0563528125
4.885	 0.056858125
4.895	 0.05887968750000001
4.905	 0.05579437500000001
4.915	 0.058521875
4.925	 0.0567625
4.9350000000000005	 0.057125
4.945	 0.05936625
4.955	 0.0562621875
4.965000000000001	 0.0588465625
4.9750000000000005	 0.056896249999999995
4.985	 0.05742093749999999
4.995	 0.059356875
5.005000000000001	 0.0563575
5.014999999999999	 0.0592853125
5.0249999999999995	 0.05761625
5.034999999999999	 0.057969062499999995
5.044999999999999	 0.0601290625
5.054999999999999	 0.057292187499999994
5.065	 0.06036781249999999
5.075	 0.058965937499999996
5.085	 0.05946656249999999
5.095	 0.06169812499999999
5.1049999999999995	 0.058679687499999994
5.114999999999999	 0.061407187499999995
5.124999999999999	 0.0595903125
5.135	 0.06001
5.1450000000000005	 0.0621796875
5.155	 0.05915187499999999
5.165	 0.06184624999999999
5.175	 0.06004874999999999
5.1850000000000005	 0.060630624999999994
5.195	 0.06272375
5.205	 0.05905218749999999
5.215000000000001	 0.06180843749999999
5.2250000000000005	 0.05995843749999998
5.235	 0.060230312499999994
5.245000000000001	 0.06218999999999999
5.255	 0.05907624999999999
5.265	 0.06179906249999999
5.2749999999999995	 0.060001249999999985
5.284999999999999	 0.06061624999999998
5.294999999999999	 0.06279531249999998
5.304999999999999	 0.05964812499999998
5.3149999999999995	 0.06257093749999999
5.325	 0.060725625
5.335	 0.06112624999999999
5.345	 0.0630384375
5.3549999999999995	 0.0600103125
5.364999999999999	 0.062833125
5.374999999999999	 0.06080156250000001
5.385	 0.06087312500000001
5.3950000000000005	 0.0629521875
5.405	 0.05987187500000001
5.415	 0.062456250000000005
5.425	 0.06063
5.4350000000000005	 0.06102562500000001
5.445	 0.0630903125
5.455	 0.06003875
5.465000000000001	 0.0627709375
5.4750000000000005	 0.0609065625
5.485	 0.061411875
5.495	 0.0635384375
5.505000000000001	 0.06045812499999999
5.515	 0.06309531249999999
5.525	 0.061874687499999984
5.534999999999999	 0.062465937499999985
5.544999999999999	 0.06459749999999997
5.555	 0.06181749999999999
5.5649999999999995	 0.0647025
5.574999999999999	 0.06285687499999998
5.585	 0.06322874999999999
5.595	 0.06530312499999999
5.6049999999999995	 0.06225156249999999
5.614999999999999	 0.0648359375
5.625	 0.06311437499999999
5.634999999999999	 0.06358656249999999
5.645	 0.06578968749999999
5.655	 0.062961875
5.665	 0.0659946875
5.675	 0.064101875
5.6850000000000005	 0.0646025
5.695	 0.0667196875
5.705	 0.06387781249999999
5.715000000000001	 0.066676875
5.7250000000000005	 0.064793125
5.735	 0.06531281250000001
5.745	 0.06737250000000002
5.755000000000001	 0.064611875
5.765000000000001	 0.06743468749999999
5.7749999999999995	 0.065508125
5.785	 0.06588000000000001
5.794999999999999	 0.0679684375
5.805	 0.0649978125
5.8149999999999995	 0.0678159375
5.824999999999999	 0.0659515625
5.834999999999999	 0.0665953125
5.845	 0.068621875
5.8549999999999995	 0.064711875
5.864999999999999	 0.06738218750000001
5.875	 0.065355625
5.884999999999999	 0.06588968750000002
5.895	 0.06792125
5.905	 0.06509375
5.915	 0.06789250000000001
5.925	 0.0660040625
5.9350000000000005	 0.066666875
5.945	 0.068726875
5.955	 0.0658228125
5.965000000000001	 0.0684740625
5.9750000000000005	 0.0664428125
5.985	 0.06688625000000001
5.995000000000001	 0.068726875
6.005	 0.0656228125
6.015000000000001	 0.0683790625
6.025	 0.066261875
6.034999999999999	 0.066776875
6.045	 0.06885125
6.055	 0.06591406250000001
6.0649999999999995	 0.0686178125
6.074999999999999	 0.0664575
6.084999999999999	 0.066934375
6.094999999999999	 0.0689846875
6.1049999999999995	 0.0662953125
6.114999999999999	 0.06907531249999999
6.125	 0.06718218749999999
6.135	 0.06769249999999999
6.145	 0.06970468749999999
6.155	 0.06680531249999998
6.165	 0.06977593749999998
6.175	 0.06880781249999998
6.1850000000000005	 0.0694515625
6.195	 0.07154500000000001
6.205	 0.06868375
6.215000000000001	 0.07154
6.2250000000000005	 0.069489375
6.235	 0.07005218750000002
6.245000000000001	 0.07218375000000002
6.255	 0.06931812500000001
6.265	 0.0721409375
6.275	 0.07007625
6.285	 0.0706959375
6.294999999999999	 0.07268906249999997
6.305000000000001	 0.0697803125
6.3149999999999995	 0.07277468749999999
6.324999999999999	 0.07083874999999999
6.334999999999999	 0.07142531249999999
6.344999999999999	 0.07344718749999998
6.354999999999999	 0.07058593749999997
6.364999999999999	 0.07339937499999998
6.375	 0.07144906249999998
6.385	 0.0720975
6.395	 0.07419093749999998
6.405	 0.07121562499999999
6.415	 0.07391
6.425	 0.0717928125
6.4350000000000005	 0.07239843750000001
6.445	 0.07432000000000001
6.455	 0.07128250000000001
6.465000000000001	 0.07412906250000002
6.4750000000000005	 0.07206437500000001
6.485	 0.07250312500000002
6.495	 0.07449625000000003
6.505	 0.07089125000000002
6.515	 0.0735946875
6.5249999999999995	 0.07152062499999999
6.535	 0.0720259375
6.545	 0.07406687499999999
6.555	 0.07119156249999999
6.565	 0.0739284375
6.574999999999998	 0.07182062500000001
6.584999999999999	 0.07233093750000001
6.594999999999999	 0.0743909375
6.604999999999999	 0.07133468750000001
6.614999999999999	 0.0741434375
6.625	 0.0720978125
6.635	 0.07272718750000003
6.645	 0.0747584375
6.655	 0.0718446875
6.665	 0.07463874999999999
6.675000000000001	 0.07247875
6.6850000000000005	 0.07302218749999999
6.695	 0.07475781249999999
6.705	 0.07201625
6.715000000000001	 0.07479625000000001
6.7250000000000005	 0.07282187500000001
6.735	 0.07349406250000001
6.745	 0.075420625
6.755000000000001	 0.0723640625
6.765	 0.07513937500000001
6.775	 0.07318437500000001
6.785	 0.07375187500000001
6.795	 0.07565937500000001
6.805000000000001	 0.07267437500000001
6.8149999999999995	 0.07548781250000001
6.824999999999999	 0.0740525
6.834999999999999	 0.0747059375
6.844999999999999	 0.07668
6.854999999999999	 0.07382375
6.864999999999999	 0.07655593749999999
6.874999999999999	 0.0744103125
6.885	 0.07496343750000002
6.895	 0.07705687500000002
6.905	 0.07436281250000001
6.915	 0.07710468750000002
6.925000000000001	 0.07507312500000002
6.9350000000000005	 0.07561656250000001
6.945	 0.07730437500000002
6.955	 0.07433375
6.965000000000001	 0.07708031250000001
6.9750000000000005	 0.07505875000000002
6.985	 0.07574562500000001
6.995	 0.07777687500000001
7.005	 0.075025625
7.015	 0.07796281249999999
7.025	 0.07570718749999998
7.035	 0.07629374999999998
7.045	 0.07813437499999998
7.055000000000001	 0.07513999999999998
7.0649999999999995	 0.0778721875
7.074999999999999	 0.075898125
7.084999999999999	 0.07665625000000001
7.094999999999999	 0.07825343750000002
7.104999999999999	 0.07559750000000003
7.114999999999999	 0.07852531250000003
7.124999999999999	 0.07650812500000002
7.135	 0.0771234375
7.145	 0.07905468750000001
7.155	 0.07576937500000001
7.165	 0.078701875
7.175000000000001	 0.07660875
7.1850000000000005	 0.0773478125
7.195	 0.0794028125
7.205	 0.0766803125
7.215000000000001	 0.07946500000000001
7.2250000000000005	 0.07719531250000002
7.235	 0.077934375
7.245	 0.0799609375
7.255	 0.077205
7.265	 0.0803378125
7.275	 0.078273125
7.285	 0.0790075
7.295	 0.08083843749999998
7.305000000000001	 0.07798687499999998
7.315	 0.08081937499999998
7.324999999999998	 0.07857812499999998
7.335	 0.07936499999999998
7.344999999999999	 0.08141531249999998
7.354999999999999	 0.07866374999999998
7.364999999999999	 0.0816728125
7.374999999999999	 0.0796221875
7.384999999999999	 0.0804425
7.395	 0.08231624999999998
7.405	 0.0794075
7.415	 0.0826359375
7.425	 0.0802421875
7.4350000000000005	 0.08093812500000001
7.445	 0.08276468750000002
7.455	 0.08019437500000001
7.465000000000001	 0.08303625000000002
7.4750000000000005	 0.08132437500000002
7.485	 0.0819253125
7.495	 0.083846875
7.505	 0.080919375
7.515	 0.08376625
7.525	 0.08144875
7.535	 0.082083125
7.545	 0.08404281250000001
7.555000000000001	 0.08131531250000001
7.565	 0.08410500000000003
7.574999999999998	 0.08189718750000002
7.585	 0.08259343750000002
7.594999999999999	 0.08434343750000002
7.604999999999999	 0.08155406250000002
7.614999999999999	 0.08452000000000001
7.624999999999999	 0.0823359375
7.634999999999999	 0.082989375
7.645	 0.084920625
7.655	 0.08210250000000001
7.665	 0.08491125000000001
7.675	 0.08270843750000001
7.6850000000000005	 0.08339968750000001
7.695	 0.08514500000000001
7.705	 0.08225062500000001
7.715000000000001	 0.08517843750000001
7.7250000000000005	 0.08303750000000001
7.735	 0.08375250000000001
7.745	 0.0857121875
7.755	 0.0827559375
7.765000000000001	 0.0857884375
7.7749999999999995	 0.08337562500000001
7.785	 0.084148125
7.795	 0.0860840625
7.805	 0.08267
7.815	 0.0856215625
7.824999999999999	 0.08347093750000001
7.834999999999999	 0.08417187500000001
7.845	 0.086203125
7.854999999999999	 0.08335156250000002
7.864999999999999	 0.08624125000000002
7.874999999999999	 0.08395718750000003
7.884999999999999	 0.08478187500000002
7.895	 0.08667000000000002
7.905	 0.08391875000000001
7.915	 0.08701343750000003
7.925	 0.08479125000000001
7.9350000000000005	 0.08550656250000002
7.945	 0.08745218750000003
7.955	 0.08449093750000003
7.965	 0.08740437500000002
7.975	 0.08521562500000002
7.984999999999999	 0.08592125
7.995	 0.0876471875
8.004999999999999	 0.08491968750000001
8.015	 0.08793812500000002
8.024999999999999	 0.08584937500000002
8.035	 0.086650625
8.045	 0.08862937500000001
8.055	 0.08596406250000001
8.065000000000001	 0.08881562500000001
8.075	 0.086731875
8.084999999999999	 0.0874759375
8.094999999999999	 0.0891353125
8.104999999999999	 0.0863315625
8.114999999999998	 0.0892878125
8.125	 0.08770468749999999
8.135	 0.08843437499999998
8.145	 0.09036062499999999
8.155	 0.087504375
8.165000000000001	 0.09040343749999999
8.174999999999999	 0.08827656249999999
8.185	 0.0890253125
8.195	 0.0909803125
8.205	 0.0883865625
8.215	 0.09127625
8.225	 0.088996875
8.235	 0.08975968749999999
8.245	 0.09165749999999999
8.254999999999999	 0.0888440625
8.265	 0.09183875
8.275	 0.0898265625
8.284999999999998	 0.09064187499999998
8.295	 0.09261124999999999
8.305	 0.09005531249999997
8.315	 0.09320249999999998
8.325000000000001	 0.09094718749999998
8.334999999999999	 0.0918721875
8.344999999999999	 0.09342187499999999
8.354999999999999	 0.09062749999999999
8.364999999999998	 0.09348875
8.374999999999998	 0.0911428125
8.385	 0.0920296875
8.395000000000001	 0.0937415625
8.405	 0.0910853125
8.415	 0.09429437500000001
8.424999999999999	 0.09211031250000001
8.434999999999999	 0.092878125
8.445	 0.09458500000000002
8.455	 0.09124218750000002
8.465	 0.09429875000000001
8.475	 0.09213375000000001
8.485	 0.092920625
8.495	 0.0948184375
8.504999999999999	 0.0921240625
8.515	 0.09506125000000001
8.525	 0.09260531250000001
8.534999999999998	 0.093501875
8.544999999999998	 0.09511375
8.555	 0.09230999999999999
8.565	 0.09534281249999998
8.575000000000001	 0.09313999999999999
8.585	 0.093893125
8.594999999999999	 0.0958290625
8.604999999999999	 0.0930921875
8.614999999999998	 0.0959534375
8.624999999999998	 0.093545625
8.634999999999998	 0.0943515625
8.645000000000001	 0.0962446875
8.655000000000001	 0.09347437500000001
8.665	 0.09677906250000001
8.674999999999999	 0.09457625000000001
8.684999999999999	 0.09544875000000001
8.695	 0.09723687500000001
8.705	 0.0942425
8.715000000000002	 0.09738000000000001
8.725	 0.09504843750000001
8.735	 0.09585906250000001
8.745	 0.097446875
8.754999999999999	 0.09472406249999998
8.765	 0.09786187499999999
8.775	 0.09614999999999997
8.785	 0.09686062499999998
8.794999999999998	 0.09843906249999998
8.805	 0.09566874999999997
8.815	 0.09852999999999996
8.825	 0.09622218749999996
8.835	 0.09706624999999995
8.845	 0.09866843749999996
8.854999999999999	 0.09614593749999997
8.864999999999998	 0.09944062499999998
8.874999999999998	 0.09723781249999999
8.884999999999998	 0.0979528125
8.895	 0.09973125
8.905000000000001	 0.0972328125
8.915000000000001	 0.10019375
8.924999999999999	 0.09794312499999999
8.934999999999999	 0.09883937500000001
8.945	 0.10074187500000001
8.955	 0.09824312500000001
8.965000000000002	 0.10110406250000001
8.975000000000001	 0.0988725
8.985	 0.0996590625
8.995	 0.1011753125
9.004999999999999	 0.09848593750000001
9.015	 0.10160906250000001
9.025	 0.099635
9.035	 0.1004884375
9.045	 0.10229562500000002
9.054999999999998	 0.09953468750000001
9.065	 0.10274875000000001
9.075	 0.10045531249999999
9.085	 0.1013278125
9.095	 0.10325906250000001
9.104999999999999	 0.10007375
9.114999999999998	 0.1033828125
9.124999999999998	 0.101136875
9.134999999999998	 0.10208093750000001
9.145	 0.103745
9.155000000000001	 0.1009890625
9.165000000000001	 0.1042746875
9.174999999999999	 0.10173781250000001
9.184999999999999	 0.10257250000000002
9.194999999999999	 0.10448437500000002
9.205	 0.10204781250000002
9.215	 0.1051378125
9.225000000000001	 0.1026725
9.235000000000001	 0.1035215625
9.245	 0.10529999999999999
9.254999999999999	 0.10262031249999999
9.265	 0.10559093749999998
9.275	 0.1031590625
9.285	 0.10411281249999998
9.295	 0.10592937499999999
9.305	 0.10349749999999999
9.315	 0.1068496875
9.325000000000001	 0.10456562500000001
9.335	 0.1053953125
9.345	 0.1068971875
9.355	 0.10419375000000002
9.364999999999998	 0.10720718750000001
9.374999999999998	 0.10501375000000003
9.384999999999998	 0.10599593750000004
9.395	 0.10784593750000003
9.405	 0.10510406250000004
9.415000000000001	 0.10800812500000004
9.424999999999999	 0.10626750000000003
9.434999999999999	 0.10714500000000003
9.444999999999999	 0.10865187500000004
9.455	 0.10596250000000003
9.465	 0.10919562500000003
9.475000000000001	 0.10693062500000003
9.485000000000001	 0.10781750000000002
9.495	 0.10972968750000002
9.504999999999999	 0.10706875000000002
9.515	 0.10997750000000002
9.525	 0.10748375
9.535	 0.1083609375
9.545	 0.11019187500000001
9.555	 0.10776468750000001
9.565000000000001	 0.11081656250000001
9.575	 0.10846562500000001
9.585	 0.109343125
9.595	 0.11097875
9.605	 0.10850375
9.615	 0.1116175
9.624999999999998	 0.1091046875
9.634999999999998	 0.109958125
9.645	 0.11173187500000002
9.655	 0.10926656250000003
9.665	 0.11261406250000003
9.674999999999999	 0.11033937500000003
9.684999999999999	 0.11124562500000001
9.694999999999999	 0.11260937500000001
9.705	 0.11015375000000002
9.715	 0.11320062500000001
9.725	 0.11100250000000002
9.735000000000001	 0.11192281250000001
9.745	 0.11330593750000001
9.754999999999999	 0.109863125
9.765	 0.113181875
9.775	 0.11087406250000001
9.785	 0.111770625
9.795	 0.1133965625
9.805	 0.1107928125
9.815000000000001	 0.113849375
9.825	 0.1115225
9.835	 0.112538125
9.845	 0.11432625
9.855	 0.11166562499999999
9.865	 0.1145984375
9.874999999999998	 0.11202343749999999
9.884999999999998	 0.11292937499999998
9.895	 0.11481281249999999
9.905	 0.11235718749999998
9.915	 0.11545656249999997
9.924999999999999	 0.11296749999999997
9.934999999999999	 0.11381156249999996
9.945	 0.11557124999999996
9.955	 0.11297718749999996
9.965	 0.11596718749999996
9.975	 0.11344968749999997
9.985	 0.11432687499999998
9.995	 0.11622937499999997
10.005	 0.11361156249999999
10.015	 0.11698781249999998
10.025	 0.11445093749999997
10.035	 0.11537624999999999
10.045	 0.1167925
10.055	 0.11425562499999999
10.065	 0.11775062499999998
10.075000000000001	 0.1161771875
10.084999999999999	 0.11715
10.095	 0.11877593750000001
10.105	 0.11634406250000001
10.115	 0.11958656250000001
10.124999999999998	 0.11721687500000001
10.134999999999998	 0.11811812500000002
10.145	 0.11951531250000003
10.155	 0.11692156250000002
10.165	 0.11998750000000002
10.174999999999999	 0.11772718750000002
10.184999999999999	 0.11871406250000001
10.195	 0.12018750000000002
10.205	 0.11783687500000001
10.215	 0.1208840625
10.225	 0.1183853125
10.235	 0.1193725
10.245	 0.12094624999999999
10.255	 0.11846187500000001
10.265	 0.121575625
10.275	 0.11927250000000002
10.285	 0.12030718750000001
10.295	 0.1219665625
10.305	 0.1194965625
10.315	 0.1223434375
10.325000000000001	 0.12000218750000001
10.335	 0.12097000000000001
10.344999999999999	 0.122400625
10.355	 0.11973968750000001
10.365	 0.12312031250000001
10.374999999999998	 0.12073125000000001
10.385	 0.12162312500000001
10.395	 0.12309156250000002
10.405	 0.11993468750000004
10.415	 0.12307718750000003
10.424999999999999	 0.12055468750000002
10.434999999999997	 0.12145593750000001
10.445	 0.12326312500000003
10.455	 0.12095031250000002
10.465	 0.12417843750000002
10.475	 0.12186562500000002
10.485	 0.12281468750000002
10.495	 0.12431218750000002
10.505	 0.12185187500000003
10.515	 0.12534218750000004
10.525	 0.12273375000000002
10.535	 0.12362062500000001
10.545	 0.1254325
10.555	 0.1230578125
10.565	 0.126266875
10.575000000000001	 0.1237825
10.585	 0.12468375
10.594999999999999	 0.1262909375
10.605	 0.1236490625
10.615	 0.126881875
10.624999999999998	 0.12440249999999999
10.635	 0.12547999999999998
10.645	 0.12711062499999998
10.655	 0.12472656249999999
10.665	 0.1280978125
10.674999999999999	 0.1258375
10.684999999999997	 0.12683406249999998
10.695	 0.1280740625
10.705	 0.1256803125
10.715	 0.12913750000000002
10.725	 0.1273590625
10.735	 0.1283696875
10.745	 0.130019375
10.754999999999999	 0.1277209375
10.765	 0.13074406249999998
10.775000000000002	 0.128059375
10.785	 0.12920843750000002
10.795	 0.1307678125
10.805	 0.12845031250000002
10.815	 0.1317784375
10.825000000000001	 0.12936062500000003
10.835	 0.1302096875
10.845	 0.13154468749999998
10.854999999999999	 0.1292415625
10.865	 0.13222187499999996
10.875	 0.12962312499999998
10.885	 0.1306196875
10.895000000000001	 0.1321075
10.905	 0.129518125
10.915	 0.1326984375
10.924999999999999	 0.1303859375
10.934999999999999	 0.13131093749999997
10.944999999999999	 0.13288437499999997
10.955	 0.13021906249999998
10.965	 0.13329468749999998
10.975	 0.130715
10.985	 0.13169250000000002
10.995	 0.13302312500000002
11.004999999999999	 0.130448125
11.015	 0.13401000000000002
11.025000000000002	 0.13140156249999999
11.035	 0.13233625
11.045	 0.1336759375
11.055	 0.130571875
11.065	 0.1336475
11.075000000000001	 0.131025
11.085	 0.1319978125
11.095	 0.13352375
11.104999999999999	 0.13104906249999998
11.115	 0.13398625
11.125	 0.131320625
11.135	 0.1322934375
11.145000000000001	 0.1337478125
11.155	 0.1311871875
11.165	 0.13467312499999998
11.174999999999999	 0.13198374999999998
11.184999999999999	 0.132951875
11.194999999999999	 0.13466374999999997
11.204999999999998	 0.1322221875
11.215	 0.13553156249999998
11.225	 0.13318062499999997
11.235	 0.13416281249999998
11.244999999999997	 0.1357459375
11.254999999999999	 0.13317593749999998
11.265	 0.1364615625
11.275000000000002	 0.13411531249999997
11.285000000000002	 0.13519281249999998
11.295	 0.13658499999999998
11.305	 0.13413406249999998
11.315	 0.13759593750000002
11.325000000000001	 0.1351834375
11.335	 0.1361846875
11.345	 0.13773437500000002
11.355	 0.135455
11.364999999999998	 0.1389121875
11.375	 0.13707625
11.385	 0.13815406249999998
11.395000000000001	 0.13943656249999997
11.405000000000001	 0.13719531249999997
11.415	 0.1403378125
11.424999999999999	 0.13788218749999995
11.434999999999999	 0.13905999999999996
11.444999999999999	 0.14068624999999996
11.454999999999998	 0.13813999999999999
11.465	 0.14143499999999998
11.475	 0.13906968749999996
11.485	 0.14004718749999995
11.494999999999997	 0.14165874999999994
11.504999999999999	 0.13906
11.515	 0.14207343749999998
11.525000000000002	 0.13962249999999995
11.535000000000002	 0.14067624999999997
11.545	 0.14197343749999997
11.555	 0.1394415625
11.565	 0.142650625
11.575000000000001	 0.14026625
11.585	 0.14122937500000002
11.595	 0.14255031250000003
11.605	 0.14002812500000003
11.614999999999998	 0.14333281250000002
11.625	 0.14082937500000003
11.635	 0.14173531250000002
11.645000000000001	 0.143294375
11.655000000000001	 0.1410153125
11.665	 0.14412906250000002
11.674999999999999	 0.14140625
11.684999999999999	 0.14240750000000002
11.694999999999997	 0.14394781250000002
11.704999999999998	 0.1410246875
11.715	 0.14451531250000002
11.725	 0.14181656250000002
11.735	 0.142994375
11.744999999999997	 0.1446059375
11.754999999999999	 0.14239812500000001
11.765	 0.14560718749999998
11.775	 0.14321812499999997
11.785000000000002	 0.14423374999999997
11.795000000000002	 0.14561656249999996
11.805	 0.14303687499999998
11.815	 0.14636999999999997
11.825000000000001	 0.14404781249999998
11.835	 0.14515437500000003
11.845	 0.1467421875
11.855	 0.14433406250000005
11.865	 0.14772437500000005
11.874999999999998	 0.14531156250000005
11.885	 0.14627468750000006
11.895	 0.14768156250000006
11.905000000000001	 0.14519718750000007
11.915000000000001	 0.14864468750000007
11.924999999999999	 0.14622218750000004
11.934999999999999	 0.14737125000000004
11.944999999999999	 0.14891625000000003
11.954999999999998	 0.14665125
11.965	 0.14975062500000003
11.975	 0.14707531249999997
11.985	 0.14825312499999999
11.994999999999997	 0.14951687500000002
12.004999999999999	 0.1470184375
12.015	 0.15027999999999997
12.025	 0.14829156249999997
12.035000000000002	 0.14934999999999996
12.045000000000002	 0.1509853125
12.055	 0.14874874999999999
12.065	 0.15195781249999998
12.075000000000001	 0.14926375
12.085	 0.15020312500000002
12.095	 0.15160500000000002
12.105	 0.149120625
12.115	 0.152544375
12.124999999999998	 0.1502221875
12.135	 0.15116156249999996
12.145	 0.15245374999999997
12.155000000000001	 0.15036499999999997
12.165000000000001	 0.15345499999999998
12.174999999999999	 0.150923125
12.184999999999999	 0.15205781249999997
12.194999999999999	 0.153364375
12.204999999999998	 0.150970625
12.215	 0.1543753125
12.225	 0.1519528125
12.235	 0.15304000000000004
12.244999999999997	 0.15458031250000004
12.254999999999999	 0.15200531250000002
12.264999999999999	 0.15515718750000002
12.275	 0.15259187500000002
12.285	 0.15376500000000004
12.295000000000002	 0.155038125
12.305	 0.15283999999999998
12.315	 0.15640656249999998
12.325000000000001	 0.1540365625
12.335	 0.1550284375
12.345	 0.156473125
12.355	 0.15336437500000002
12.365	 0.15635437500000002
12.375	 0.153679375
12.384999999999998	 0.15469531250000002
12.395	 0.15618312500000003
12.405000000000001	 0.1538609375
12.415000000000001	 0.15702249999999995
12.425	 0.15454312499999998
12.434999999999999	 0.15553968749999997
12.444999999999999	 0.15673656249999995
12.454999999999998	 0.1546146875
12.465	 0.15795718749999996
12.475	 0.15513906249999998
12.485	 0.15622625
12.495	 0.157756875
12.504999999999999	 0.155444375
12.514999999999999	 0.15884906250000003
12.525	 0.15636968750000002
12.535	 0.15739968750000002
12.545000000000002	 0.15871125000000003
12.555	 0.156613125
12.565	 0.15988406249999998
12.575000000000001	 0.15763812500000002
12.585	 0.1587921875
12.595	 0.16013187499999995
12.605	 0.15783343749999998
12.615	 0.1613384375
12.625	 0.15866812499999997
12.634999999999998	 0.159650625
12.645	 0.160861875
12.655000000000001	 0.15845843750000002
12.665000000000001	 0.16175843750000002
12.675	 0.15997968750000002
12.684999999999999	 0.16116687500000001
12.694999999999999	 0.1623446875
12.704999999999998	 0.1601128125
12.715	 0.16338375
12.725	 0.1608325
12.735	 0.16209125
12.745	 0.163464375
12.754999999999999	 0.16125187500000002
12.764999999999999	 0.16463250000000001
12.775	 0.16189062499999998
12.785	 0.16311124999999996
12.795000000000002	 0.16453218749999998
12.805	 0.1625915625
12.815	 0.1657434375
12.825000000000001	 0.16326375
12.835	 0.16444625
12.845	 0.16590531249999999
12.855	 0.1638165625
12.865	 0.16731656249999996
12.875	 0.16463687499999996
12.885	 0.16574781249999995
12.894999999999998	 0.16700218749999995
12.905000000000001	 0.16481343749999997
12.915000000000001	 0.16811812499999998
12.925	 0.1655765625
12.934999999999999	 0.16671125
12.944999999999999	 0.1678271875
12.954999999999998	 0.16588624999999999
12.964999999999998	 0.16909531249999998
12.975	 0.16680656249999998
12.985	 0.16793656249999994
12.995	 0.16929562499999995
13.004999999999999	 0.16637249999999998
13.014999999999999	 0.1698678125
13.025	 0.1673646875
13.035	 0.168585625
13.045	 0.1699303125
13.055000000000001	 0.16770343749999997
13.065000000000001	 0.17130374999999998
13.075000000000001	 0.1687621875
13.085	 0.17023093749999996
13.095	 0.17147562499999994
13.105	 0.1694015625
13.115	 0.1727778125
13.124999999999998	 0.17011218749999998
13.135	 0.17154249999999996
13.145	 0.17365499999999995
13.155	 0.17168093749999996
13.165000000000001	 0.17524281249999996
13.175	 0.17281562499999997
13.184999999999999	 0.1742125
13.194999999999999	 0.1758765625
13.204999999999998	 0.1739646875
13.214999999999998	 0.17787468750000002
13.225	 0.17562875000000003
13.235	 0.17726906250000002
13.245	 0.17926250000000005
13.254999999999999	 0.17760781250000005
13.264999999999999	 0.18169406250000003
13.275	 0.17935781250000005
13.285	 0.18127468750000003
13.295	 0.18291968750000004
13.305000000000001	 0.181455625
13.315000000000001	 0.18549437500000002
13.325000000000001	 0.18417375
13.335	 0.1859665625
13.345	 0.18790718750000002
13.355	 0.18659562499999996
13.365	 0.1906965625
13.374999999999998	 0.18894656249999997
13.385	 0.19073937499999996
13.395	 0.19297593749999997
13.405	 0.19153593749999998
13.415000000000001	 0.19604687499999998
13.425	 0.19449218749999997
13.434999999999999	 0.1967903125
13.444999999999999	 0.199126875
13.454999999999998	 0.19830687500000005
13.464999999999998	 0.20241250000000002
13.475	 0.20114875000000004
13.485	 0.20374281250000004
13.495	 0.20650875000000007
13.504999999999999	 0.20601312500000005
13.514999999999999	 0.21121062500000004
13.525	 0.21069093750000006
13.535	 0.21394281250000005
13.545	 0.21766687500000007
13.555	 0.21809125000000004
13.565000000000001	 0.22388468750000004
13.575000000000001	 0.2242853125
13.585	 0.22890593750000002
13.595	 0.23387437500000002
13.605	 0.2357578125
13.615	 0.24361625
13.624999999999998	 0.2458290625
13.635	 0.2523284375
13.645000000000001	 0.2594475
13.654999999999998	 0.26298093749999996
13.665000000000001	 0.27314218749999997
13.675	 0.27770562499999996
13.684999999999999	 0.28690375
13.695	 0.2963978125
13.704999999999998	 0.3030353125
13.714999999999998	 0.3157334375
13.724999999999998	 0.3234246875
13.735	 0.33469218749999996
13.744999999999997	 0.34547843749999996
13.754999999999999	 0.3547053124999999
13.765	 0.36782781249999996
13.775	 0.3765156249999999
13.785	 0.3886606249999999
13.795	 0.4002431249999999
13.805	 0.409894375
13.815000000000001	 0.4230503125
13.825000000000001	 0.43149031250000003
13.835	 0.4429965625
13.845	 0.45354875
13.855	 0.462065
13.865	 0.4736284375
13.874999999999998	 0.48037093750000004
13.885	 0.48998875000000003
13.895000000000001	 0.498305
13.904999999999998	 0.50419875
13.915000000000001	 0.513235
13.925	 0.5168446874999999
13.934999999999999	 0.5232437499999999
13.945	 0.5281024999999999
13.954999999999998	 0.5303196875
13.964999999999998	 0.5355125
13.974999999999998	 0.536194375
13.985	 0.538669375
13.994999999999997	 0.5396946874999999
14.004999999999999	 0.5382928124999998
14.015	 0.539541875
14.025	 0.535684375
14.035	 0.5341678124999999
14.045	 0.5310493749999999
14.055	 0.5258565625
14.065000000000001	 0.5247359374999999
14.075000000000001	 0.5170778125
14.085	 0.5140546874999999
14.095	 0.50839
14.105	 0.5011421875
14.115	 0.49804281249999993
14.124999999999998	 0.48864906249999995
14.135	 0.48439062499999996
14.145000000000001	 0.477824375
14.154999999999998	 0.4700328125
14.165000000000001	 0.46651375
14.175	 0.45698656249999997
14.184999999999999	 0.452795
14.195	 0.446395625
14.204999999999998	 0.4392096875
14.214999999999998	 0.43639625000000004
14.224999999999998	 0.4278274999999999
14.235	 0.424570625
14.244999999999997	 0.4197881249999999
14.254999999999999	 0.4136846874999999
14.265	 0.4122684375
14.275	 0.40528281250000003
14.285	 0.4036996875
14.295	 0.40015687499999997
14.305	 0.39509281250000006
14.315	 0.39499749999999995
14.325000000000001	 0.3891896875
14.335000000000003	 0.38940437499999997
14.345	 0.38750656249999993
14.355	 0.38499374999999997
14.365	 0.3869915625
14.375	 0.383334375
14.385	 0.385213125
14.395000000000001	 0.3853659375
14.405000000000001	 0.384755625
14.414999999999997	 0.388565625
14.425	 0.3868678125
14.434999999999999	 0.3906965625
14.445	 0.3927659375
14.455	 0.3939678125
14.464999999999998	 0.39994250000000003
14.474999999999998	 0.39990437500000003
14.485	 0.4055071875
14.494999999999997	 0.4089978125
14.504999999999999	 0.4115296875
14.515	 0.418720625
14.525	 0.41980781250000004
14.535	 0.426288125
14.545	 0.4305890625
14.555	 0.43383625
14.565	 0.44123656249999993
14.575000000000001	 0.4426621874999999
14.585000000000003	 0.44904249999999996
14.595	 0.4530859374999999
14.605	 0.45577999999999996
14.615	 0.4627703124999999
14.625	 0.46410062499999993
14.635	 0.4699225
14.645000000000001	 0.4731790625
14.655000000000001	 0.47506250000000005
14.664999999999997	 0.4809515625
14.675	 0.480379375
14.684999999999999	 0.4846090625
14.695	 0.486430625
14.705	 0.4865975
14.714999999999998	 0.4906790625000001
14.724999999999998	 0.48855718750000005
14.735	 0.49145625000000004
14.744999999999997	 0.4916709375
14.754999999999999	 0.49026437500000003
14.765	 0.4930825000000001
14.775	 0.4896350000000001
14.785	 0.4909275
14.795	 0.48978781250000003
14.805	 0.48714625000000006
14.815	 0.4888484375
14.825000000000001	 0.484328125
14.835000000000003	 0.4848859375
14.845	 0.4830309374999999
14.855	 0.4801746874999999
14.865	 0.4809853125
14.875	 0.4759309375
14.885	 0.47613125
14.895000000000001	 0.4742384375
14.905000000000001	 0.4712725
14.914999999999997	 0.4722024999999999
14.925	 0.4675199999999999
14.934999999999999	 0.46775375
14.945	 0.4658178125
14.955	 0.46247999999999995
14.964999999999998	 0.46379624999999997
14.974999999999998	 0.4590803124999999
14.985	 0.4595618749999999
14.994999999999997	 0.4578356249999999
15.004999999999999	 0.4552034375
15.015	 0.45666718749999996
15.025	 0.45220406249999995
15.035	 0.4529049999999999
15.045	 0.451169375
15.055	 0.4483846874999999
15.065	 0.44990093749999993
15.075000000000001	 0.44552343749999995
15.085000000000003	 0.446005
15.095	 0.4440496874999999
15.105	 0.4413793749999999
15.115	 0.44278593749999995
15.125	 0.43801749999999995
15.135	 0.4382415624999999
15.145000000000001	 0.4362340624999999
15.155000000000001	 0.4329246874999999
15.165	 0.4339784374999999
15.174999999999999	 0.4287521875
15.184999999999999	 0.4289571875
15.195	 0.4266921875
15.205	 0.42335906250000005
15.215	 0.4239740625000001
15.224999999999998	 0.4185428125
15.234999999999998	 0.41857125
15.244999999999997	 0.415986875
15.254999999999999	 0.41239125
15.264999999999999	 0.41297312500000005
15.275	 0.4080953125000001
15.285	 0.40792343750000004
15.295	 0.40538687500000004
15.305	 0.401753125
15.315	 0.4023159375
15.325000000000001	 0.39682281249999996
15.335000000000003	 0.39684187499999996
15.345000000000002	 0.39448625
15.355	 0.3909671874999999
15.365	 0.39191125000000004
15.375	 0.386828125
15.385	 0.38685687499999993
15.395000000000001	 0.3846112499999999
15.405000000000001	 0.38120687499999995
15.415	 0.3822609374999999
15.424999999999999	 0.37696781249999994
15.434999999999999	 0.3771443749999999
15.445	 0.37519906249999996
15.455	 0.37206624999999993
15.465	 0.37335374999999993
15.474999999999998	 0.3683899999999999
15.484999999999998	 0.3687524999999999
15.494999999999997	 0.3668309374999999
15.504999999999999	 0.3641893749999999
15.514999999999999	 0.36560093749999995
15.525	 0.36085187499999993
15.535	 0.3615765625
15.545	 0.3600984374999999
15.555	 0.35738531249999994
15.565	 0.3592021875
15.575000000000001	 0.35484875
15.585000000000003	 0.355964375
15.595000000000002	 0.3546528125
15.605	 0.351768125
15.615	 0.3535846875
15.625	 0.34971281249999997
15.635	 0.35104312500000007
15.645000000000001	 0.35014656250000004
15.655000000000001	 0.34828218750000006
15.665	 0.35050406250000005
15.674999999999999	 0.3469278125000001
15.684999999999999	 0.3483534375000001
15.695	 0.3474856250000001
15.705	 0.3460075000000001
15.715	 0.34842031250000005
15.724999999999998	 0.3450109375
15.734999999999998	 0.3466321875
15.744999999999997	 0.34595531250000006
15.754999999999999	 0.34432937500000005
15.764999999999999	 0.34661343750000007
15.775	 0.34321374999999993
15.785	 0.34488281249999997
15.795	 0.3445109375
15.805	 0.34290875
15.815	 0.34527843750000003
15.825000000000001	 0.34183093750000004
15.835000000000003	 0.3436809375
15.845000000000002	 0.34326593749999995
15.855	 0.3417590625
15.865	 0.344119375
15.875	 0.3410009375
15.885	 0.34280312499999993
15.895000000000003	 0.342521875
15.905000000000003	 0.34093875
15.915	 0.343580625
15.924999999999999	 0.3410678125
15.934999999999999	 0.34319468750000004
15.945	 0.3428753125000001
15.955000000000002	 0.3413446875
15.965	 0.34388625
15.974999999999998	 0.34047687500000007
15.985	 0.3425275000000001
15.994999999999997	 0.3422700000000001
16.005	 0.3408443750000001
16.015	 0.3437578125000001
16.025	 0.3403675000000001
16.035	 0.3424606250000001
16.045	 0.3422650000000001
16.055	 0.34114906250000016
16.064999999999998	 0.3440528125000001
16.075	 0.34092937500000003
16.085	 0.34335156250000004
16.095	 0.3433084375
16.105	 0.34256437500000003
16.115	 0.3453965625
16.125	 0.34238312499999995
16.134999999999998	 0.34498687499999997
16.145	 0.344925
16.154999999999998	 0.34408093749999996
16.165	 0.34728062499999995
16.175	 0.3445390625
16.185	 0.3472521875
16.195	 0.3475
16.205	 0.3469803125
16.215	 0.3504278125
16.225	 0.3480246875
16.235	 0.35082375
16.244999999999997	 0.351195625
16.254999999999995	 0.3503278125
16.265	 0.3538134375
16.275	 0.3518440625
16.285	 0.3550912500000001
16.295	 0.3559209375
16.305	 0.3559684375
16.314999999999998	 0.3599453125
16.325	 0.3583859375
16.335	 0.361866875
16.345	 0.36304468749999996
16.355	 0.36345
16.365	 0.3680609374999999
16.375	 0.36693093749999994
16.384999999999998	 0.37120343749999996
16.395	 0.37328249999999996
16.404999999999998	 0.37426968749999995
16.415	 0.37956281249999996
16.425	 0.37889531249999997
16.435	 0.3843790625
16.445	 0.3874784375
16.455	 0.3897240625
16.465	 0.39624718750000004
16.475	 0.39679093750000005
16.485	 0.40294187500000006
16.494999999999997	 0.40687093750000003
16.504999999999995	 0.40994656250000006
16.515	 0.41696562500000006
16.525	 0.41829593750000005
16.535	 0.42514343750000005
16.545	 0.42974000000000007
16.555	 0.4333878125
16.565	 0.44112687500000003
16.575	 0.44331062499999996
16.585	 0.45067312499999995
16.595	 0.4554606249999999
16.605	 0.4592325
16.615	 0.4671003124999999
16.625	 0.4687693749999999
16.634999999999998	 0.47588843749999993
16.644999999999996	 0.4804709375
16.654999999999998	 0.484028125
16.665	 0.4918053124999999
16.675	 0.4932740625
16.685000000000002	 0.4999975
16.695	 0.50408875
16.705	 0.507216875
16.715	 0.514088125
16.725	 0.5152465625
16.735	 0.521364375
16.744999999999997	 0.5246403125
16.754999999999995	 0.5268434375
16.764999999999997	 0.53301375
16.775	 0.5327324999999999
16.785	 0.53762
16.795	 0.53996125
16.805	 0.5409865624999999
16.815	 0.545716875
16.825	 0.5444628125000001
16.835	 0.548435
16.845	 0.5496462499999999
16.855	 0.549731875
16.865	 0.5532843749999999
16.875	 0.550814375
16.884999999999998	 0.5535228125
16.894999999999996	 0.5536231249999999
16.904999999999998	 0.552054375
16.915	 0.55474375
16.925	 0.5515490625
16.935000000000002	 0.55325125
16.945	 0.5525025
16.955	 0.550705
16.965	 0.5526362499999999
16.975	 0.5484640624999999
16.985	 0.5490934375
16.994999999999997	 0.5473290624999999
17.004999999999995	 0.5443296875
17.014999999999997	 0.5452834375
17.025	 0.5400859374999999
17.035	 0.5401049999999998
17.045	 0.5373871875
17.055	 0.5339921875
17.065	 0.5343449999999998
17.075	 0.5283940625
17.085	 0.5274881250000001
17.095	 0.5242743750000001
17.105	 0.5198731250000002
17.115	 0.519586875
17.125	 0.513311875
17.134999999999998	 0.5123484375000001
17.144999999999996	 0.508829375
17.154999999999994	 0.5043946875
17.165	 0.5037034375000001
17.175	 0.49709468750000013
17.185000000000002	 0.49624593750000007
17.195000000000004	 0.492931875
17.205	 0.48864500000000005
17.215	 0.4886590625
17.224999999999998	 0.48334687499999995
17.235	 0.48287468750000007
17.245	 0.479999375
17.254999999999995	 0.4764471874999999
17.264999999999997	 0.47720062500000004
17.274999999999995	 0.47198406249999997
17.285	 0.47235125
17.295	 0.4704962499999999
17.305000000000003	 0.46802156249999993
17.315	 0.46987656249999993
17.325000000000003	 0.4662146875
17.335	 0.46792624999999993
17.345	 0.46736843749999996
17.355	 0.466033125
17.365	 0.46898000000000006
17.375	 0.4659662500000001
17.384999999999998	 0.46889875000000003
17.394999999999996	 0.4695471875
17.404999999999994	 0.4695709375
17.415	 0.4739721875
17.425	 0.472536875
17.435000000000002	 0.4764946875
17.445000000000004	 0.47820625
17.455	 0.47912187500000003
17.465	 0.48406187500000003
17.474999999999998	 0.48326562500000003
17.485	 0.4880337500000001
17.495	 0.49036062500000005
17.504999999999995	 0.491715
17.514999999999997	 0.4971175000000001
17.524999999999995	 0.49673593750000006
17.535	 0.5014090625000001
17.545	 0.5034500000000001
17.555000000000003	 0.504084375
17.565	 0.509525
17.575000000000003	 0.5087284375000001
17.585	 0.5129771875
17.595	 0.5146459375
17.605	 0.5154515625
17.615	 0.5201962500000001
17.625	 0.5188846875
17.634999999999998	 0.5226181249999999
17.644999999999996	 0.5236481249999999
17.654999999999994	 0.5235959375
17.665	 0.5277537499999999
17.675	 0.5257653124999999
17.685000000000002	 0.5289790624999999
17.695000000000004	 0.5295225
17.705000000000002	 0.528855
17.715	 0.5321690625
17.724999999999998	 0.5293984374999998
17.735	 0.5316440625
17.745	 0.5315009374999999
17.754999999999995	 0.53018
17.764999999999997	 0.5330078124999998
17.774999999999995	 0.5297890624999999
17.784999999999997	 0.5319443749999999
17.795	 0.5314484374999999
17.805000000000003	 0.5300274999999999
17.815000000000005	 0.5324546875
17.825000000000003	 0.5290165625
17.835	 0.53098125
17.845	 0.5302375
17.855	 0.5288499999999999
17.865	 0.53160625
17.875	 0.5289978125000001
17.884999999999998	 0.5308384374999999
17.894999999999996	 0.5304665625000001
17.904999999999994	 0.529274375
17.914999999999996	 0.5321831250000001
17.925	 0.5290837500000001
17.935000000000002	 0.5313009375000001
17.945000000000004	 0.5309625000000001
17.955000000000002	 0.5299134375000002
17.965	 0.5328315625
17.974999999999998	 0.5299562500000001
17.985	 0.5321546875000001
17.995	 0.53215
18.004999999999995	 0.5312584374999999
18.014999999999997	 0.5340290624999999
18.024999999999995	 0.531139375
18.034999999999997	 0.5335806249999999
18.045	 0.5336190624999999
18.055000000000003	 0.53301375
18.065000000000005	 0.5360703124999999
18.075000000000003	 0.5332903124999999
18.085	 0.5355934375
18.095	 0.535603125
18.105	 0.53455875
18.115	 0.5375009374999999
18.125	 0.5346065625
18.134999999999998	 0.5370956249999999
18.144999999999996	 0.5370859375
18.154999999999994	 0.5364753125
18.164999999999996	 0.5395603125
18.175	 0.5365846875000001
18.185000000000002	 0.538906875
18.195000000000004	 0.53871625
18.205000000000002	 0.5374096875000001
18.215	 0.5404615625
18.224999999999998	 0.5374956250000001
18.235	 0.5399228125000001
18.245	 0.5398656250000001
18.254999999999995	 0.5393650000000001
18.264999999999997	 0.5425837499999999
18.274999999999995	 0.53986125
18.284999999999997	 0.5424646875000001
18.295	 0.542516875
18.305000000000003	 0.5418253125000001
18.315000000000005	 0.5451871875000002
18.325000000000006	 0.5424643750000002
18.335000000000004	 0.5454112500000001
18.345000000000002	 0.5455590625000001
18.355	 0.5450440625
18.365	 0.548253125
18.375	 0.5455159375
18.384999999999998	 0.5484581249999999
18.394999999999996	 0.5488112499999999
18.404999999999994	 0.5484440624999999
18.414999999999996	 0.5518678124999999
18.424999999999997	 0.5495981249999999
18.435000000000002	 0.5526928125
18.445000000000004	 0.5532221875
18.455000000000002	 0.5527928124999999
18.465000000000003	 0.556440625
18.475	 0.5539850000000002
18.485	 0.5571609375000002
18.495	 0.5577762500000002
18.505	 0.5577237500000002
18.514999999999997	 0.561619375
18.524999999999995	 0.5598978125
18.534999999999997	 0.5632165625
18.544999999999998	 0.5639128125
18.555000000000003	 0.5636696874999999
18.565000000000005	 0.5676178125
18.575000000000006	 0.5651618749999999
18.585000000000004	 0.5685043749999998
18.595000000000002	 0.5691909374999999
18.605	 0.5692481249999999
18.615	 0.573186875
18.625	 0.5712509375
18.634999999999998	 0.5744981250000001
18.644999999999996	 0.5755328125
18.654999999999994	 0.5753418750000001
18.664999999999996	 0.5793806250000001
18.674999999999997	 0.5775640625
18.685000000000002	 0.581078125
18.695000000000004	 0.5819221875
18.705000000000002	 0.5820175000000001
18.715000000000003	 0.5858321875000001
18.725	 0.583615
18.735	 0.5870718749999999
18.745	 0.5879396874999999
18.755	 0.5881159374999999
18.764999999999997	 0.5920974999999999
18.774999999999995	 0.5902571875000001
18.784999999999997	 0.5936715625000001
18.794999999999998	 0.5943821875000002
18.805000000000003	 0.5945871875000002
18.815000000000005	 0.5985637500000002
18.825000000000006	 0.5965800000000002
18.835000000000004	 0.599884375
18.845000000000002	 0.6006618750000001
18.855	 0.6001468750000001
18.865	 0.604161875
18.875	 0.6023021875
18.884999999999998	 0.6055018750000001
18.894999999999996	 0.606265
18.904999999999994	 0.6061078124999999
18.914999999999996	 0.6101371874999999
18.924999999999997	 0.6080534374999998
18.935000000000002	 0.6113818750000001
18.945000000000004	 0.6120209375000001
18.955000000000002	 0.6122784375000001
18.965000000000003	 0.6159312499999999
18.975	 0.6140478124999998
18.985	 0.6173237499999998
18.995	 0.6177481249999998
19.005	 0.6175862499999998
19.014999999999997	 0.6214724999999998
19.024999999999995	 0.6191359374999998
19.034999999999997	 0.6225118749999999
19.044999999999998	 0.6232268749999998
19.055	 0.6230171875
19.065000000000005	 0.6266603124999999
19.075000000000006	 0.6243428125
19.085000000000004	 0.6274278125
19.095000000000002	 0.6278759374999999
19.105	 0.62776625
19.115	 0.6314665624999999
19.125	 0.628963125
19.134999999999998	 0.6320628125
19.144999999999996	 0.6324109374999999
19.154999999999994	 0.6323871874999999
19.164999999999996	 0.6357725000000001
19.174999999999997	 0.6338031250000001
19.185	 0.6367881249999999
19.195000000000004	 0.63723625
19.205000000000002	 0.6367499999999999
19.215000000000003	 0.6404168749999999
19.225000000000005	 0.6381659375
19.235	 0.6411365624999998
19.245	 0.6414178125
19.255	 0.6410078125
19.264999999999997	 0.6447365625
19.274999999999995	 0.6420853125
19.284999999999997	 0.6451275000000001
19.294999999999998	 0.6455090625000001
19.305	 0.6455471875000001
19.315000000000005	 0.649156875
19.325000000000006	 0.6469059375
19.335000000000004	 0.649819375
19.345000000000002	 0.6502915625
19.355	 0.6498815625
19.365	 0.6535628125
19.375	 0.6511546875
19.384999999999998	 0.6542159375000001
19.394999999999996	 0.6545593750000002
19.404999999999994	 0.6542209375000002
19.414999999999996	 0.6578496875000002
19.424999999999997	 0.6552937500000002
19.435	 0.6582978125000002
19.445000000000004	 0.6585887500000002
19.455000000000002	 0.6586268750000002
19.465000000000003	 0.6623606250000001
19.475000000000005	 0.6597525000000002
19.485	 0.66302375
19.495	 0.6635675
19.505	 0.6626946874999999
19.514999999999997	 0.6660565625000001
19.524999999999995	 0.6641012500000001
19.534999999999997	 0.6671146875000001
19.544999999999998	 0.6676296875000001
19.555	 0.6672671874999999
19.565000000000005	 0.6707290625
19.575000000000006	 0.6683637500000001
19.585000000000004	 0.6712771875
19.595000000000002	 0.671696875
19.605	 0.6714724999999999
19.615	 0.67484375
19.625	 0.6720781249999999
19.634999999999998	 0.6751106249999999
19.644999999999996	 0.6755590625
19.654999999999994	 0.6752206249999998
19.664999999999996	 0.6785346874999999
19.674999999999997	 0.6762456249999999
19.685	 0.6792496874999999
19.695000000000004	 0.6798028124999999
19.705000000000002	 0.6794978125
19.715000000000003	 0.6833553124999999
19.725000000000005	 0.6809471874999998
19.735000000000003	 0.6840799999999999
19.745	 0.6845759374999999
19.755	 0.6843040625
19.764999999999997	 0.6880899999999999
19.774999999999995	 0.6854290624999999
19.784999999999997	 0.6882709375
19.794999999999998	 0.6886571874999999
19.805	 0.6883184374999999
19.815	 0.6915940625
19.825000000000003	 0.6898728125
19.835000000000004	 0.693129375
19.845000000000006	 0.6932250000000002
19.855000000000004	 0.6929962500000001
19.865000000000002	 0.6964962499999999
19.875	 0.694193125
19.884999999999998	 0.6973881249999999
19.894999999999996	 0.697750625
19.904999999999994	 0.6978175000000001
19.914999999999996	 0.7013175
19.924999999999997	 0.6987378125
19.935	 0.7019468750000002
19.945	 0.7024000000000001
19.955000000000002	 0.7019421875
19.965000000000003	 0.7054134375000002
19.975000000000005	 0.7030100000000001
19.985000000000003	 0.7062859375
19.994999999999997	 0.7066056250000001
20.005	 0.706734375
20.014999999999997	 0.7101153125000002
20.024999999999995	 0.7076640625
20.034999999999997	 0.7103725
20.044999999999998	 0.7107159375000001
20.055	 0.7107493749999998
20.065	 0.7142684374999999
20.075000000000003	 0.7117746875
20.085000000000004	 0.7146834375
20.095000000000006	 0.7148790624999999
20.105000000000004	 0.7145690625
20.115000000000002	 0.7178162499999999
20.125	 0.7154512500000002
20.134999999999998	 0.7187178125
20.144999999999996	 0.7189753125
20.154999999999994	 0.71806
20.164999999999996	 0.721650625
20.174999999999997	 0.7190853125000001
20.185	 0.7220228125000001
20.195	 0.7222137500000001
20.205000000000002	 0.7217606250000002
20.215000000000003	 0.7254512500000001
20.225000000000005	 0.7226615625
20.235000000000003	 0.7256465625
20.244999999999997	 0.7260568750000002
20.255	 0.7255515625000002
20.264999999999997	 0.7288368750000002
20.274999999999995	 0.7264575000000002
20.284999999999997	 0.7294331250000001
20.294999999999998	 0.729790625
20.305	 0.7296856250000001
20.315	 0.733309375
20.325000000000003	 0.7303150000000002
20.335000000000004	 0.7334478125000001
20.345000000000006	 0.7338628125000001
20.355000000000004	 0.733600625
20.365000000000002	 0.7370481249999999
20.375	 0.73420125
20.384999999999998	 0.7371528125
20.394999999999996	 0.7375912499999999
20.404999999999994	 0.7373193749999999
20.414999999999996	 0.7408765624999999
20.424999999999997	 0.7384637499999999
20.435	 0.7417109374999998
20.445	 0.7420399999999999
20.455000000000002	 0.741715625
20.465000000000003	 0.7452203125
20.475000000000005	 0.7434415624999999
20.485000000000003	 0.7464693749999999
20.494999999999997	 0.7467984375
20.505	 0.7466265625
20.514999999999997	 0.7501503125000001
20.524999999999995	 0.7477946875000001
20.534999999999997	 0.7507653125000001
20.544999999999998	 0.7510468750000001
20.555	 0.7505175
20.565	 0.7541746875000002
20.575000000000003	 0.7519428125
20.585000000000004	 0.75511375
20.595000000000006	 0.7555000000000002
20.605000000000004	 0.7551278125000002
20.615000000000002	 0.7585803125000002
20.625	 0.7558671875000001
20.634999999999998	 0.7588000000000003
20.644999999999996	 0.7592100000000002
20.654999999999994	 0.7587903125000002
20.664999999999996	 0.762280625
20.674999999999997	 0.7598012500000001
20.685	 0.7629340625000001
20.695	 0.7632678125
20.705	 0.7625812499999999
20.715000000000003	 0.7659478124999998
20.725000000000005	 0.7635018749999998
20.735000000000003	 0.7664915624999997
20.745	 0.7667206249999997
20.755	 0.7664487499999998
20.764999999999997	 0.7699296874999998
20.774999999999995	 0.7674262499999999
20.784999999999997	 0.7704637499999997
20.794999999999998	 0.7706496874999997
20.805	 0.7698103124999998
20.815	 0.7733578124999999
20.825000000000003	 0.7707259375
20.835000000000004	 0.7738159375000001
20.845000000000006	 0.7743215625000001
20.855000000000004	 0.7739975000000001
20.865000000000002	 0.7775640625000002
20.875	 0.7751465625
20.884999999999998	 0.7780315624999999
20.894999999999996	 0.7783703125
20.904999999999994	 0.7780890624999999
20.914999999999996	 0.781426875
20.924999999999997	 0.7789331249999999
20.935	 0.7819656249999998
20.945	 0.7823087499999998
20.955	 0.7820224999999998
20.965000000000003	 0.7855703124999998
20.975000000000005	 0.7830956249999997
20.985000000000003	 0.7860615624999997
20.995	 0.7863856249999998
21.005	 0.7860518749999998
21.014999999999997	 0.7898524999999998
21.024999999999995	 0.7877209374999998
21.034999999999997	 0.7907249999999999
21.044999999999998	 0.7909346874999998
21.055	 0.7910921874999998
21.065	 0.7946303124999998
21.075000000000003	 0.7920556249999998
21.085000000000004	 0.7950596874999998
21.095000000000006	 0.7954365624999998
21.105000000000004	 0.7952934374999998
21.115000000000002	 0.7984596874999998
21.125	 0.7964618749999999
21.134999999999998	 0.7994659375
21.144999999999996	 0.7997709375000001
21.154999999999994	 0.799699375
21.164999999999996	 0.80308
21.174999999999997	 0.8005765625
21.185	 0.8035140625
21.195	 0.8038621875
21.205	 0.8034378125
21.215000000000003	 0.8068709375
21.225000000000005	 0.8044390625000001
21.235000000000003	 0.8076150000000001
21.245	 0.8078962500000001
21.255	 0.8079106250000001
21.264999999999997	 0.8112771875000001
21.274999999999995	 0.808840625
21.284999999999997	 0.8118587500000001
21.294999999999998	 0.8120971875
21.305	 0.8117493750000001
21.315	 0.8152159375
21.325000000000003	 0.8126074999999999
21.335000000000004	 0.815268125
21.345000000000006	 0.8156259374999999
21.355000000000004	 0.8153874999999999
21.365000000000002	 0.8186968749999999
21.375000000000004	 0.8157881249999998
21.384999999999998	 0.8188968749999999
21.394999999999996	 0.8193021874999998
21.404999999999994	 0.8189303124999998
21.414999999999996	 0.8224112499999997
21.424999999999997	 0.8197887499999997
21.435	 0.8231743749999998
21.445	 0.8234603124999997
21.455	 0.8227593749999997
21.465	 0.8259734374999999
21.475	 0.8232218749999998
21.485000000000003	 0.8262499999999999
21.495	 0.8267028124999998
21.505	 0.8266071874999997
21.514999999999997	 0.8300259374999999
21.524999999999995	 0.8276224999999999
21.534999999999997	 0.8306646874999998
21.544999999999998	 0.8307790625
21.555	 0.8306024999999999
21.565	 0.8340168749999998
21.575000000000003	 0.8312749999999999
21.585	 0.8344556249999999
21.595000000000002	 0.83459875
21.605000000000004	 0.8343365624999999
21.615000000000006	 0.8380509374999998
21.625000000000004	 0.8356762499999999
21.634999999999998	 0.8387234374999999
21.644999999999996	 0.8391528124999998
21.654999999999994	 0.8394149999999997
21.664999999999996	 0.8427956249999996
21.674999999999997	 0.8403353124999999
21.685	 0.8436349999999998
21.694999999999997	 0.8438065624999999
21.705	 0.8439543749999999
21.715	 0.8475256249999998
21.725	 0.8450890624999997
21.735000000000003	 0.8480978124999999
21.745	 0.8483315624999999
21.755	 0.8481215624999999
21.764999999999997	 0.8516265624999999
21.774999999999995	 0.8496571874999999
21.784999999999997	 0.8530378124999999
21.794999999999998	 0.8532906249999999
21.805	 0.8531856249999997
21.815	 0.8563949999999998
21.825000000000003	 0.8537106249999997
21.835	 0.8569531249999998
21.845000000000002	 0.8572678124999997
21.855000000000004	 0.8569056249999999
21.865000000000006	 0.8605343749999997
21.875000000000004	 0.8579403124999998
21.884999999999998	 0.8612018749999997
21.894999999999996	 0.8614690624999999
21.904999999999994	 0.8609778124999999
21.914999999999996	 0.86440625
21.924999999999997	 0.8618312499999999
21.935	 0.864830625
21.944999999999997	 0.86507375
21.955	 0.8648209374999999
21.965	 0.8683875
21.975	 0.8653262500000001
21.985000000000003	 0.8685306250000001
21.995	 0.8688453125000002
22.005	 0.8686403125000002
22.014999999999997	 0.8722262500000001
22.024999999999995	 0.8692700000000001
22.034999999999997	 0.87228375
22.044999999999998	 0.8725984375000002
22.055	 0.8726700000000001
22.065	 0.8761556250000001
22.075000000000003	 0.8737096875
22.085	 0.8768425000000002
22.095000000000002	 0.8770381250000001
22.105000000000004	 0.8762609375
22.115000000000006	 0.8799756249999999
22.125000000000004	 0.8773340625
22.134999999999998	 0.8806049999999999
22.144999999999996	 0.8809578124999999
22.154999999999994	 0.8808721875
22.164999999999996	 0.884305625
22.174999999999997	 0.88197375
22.185	 0.8850446874999999
22.194999999999997	 0.8853165625
22.205	 0.8851828125
22.215	 0.88897375
22.225	 0.8867993750000001
22.235000000000003	 0.8900940625
22.245	 0.8904946875000002
22.255	 0.8907043750000001
22.264999999999997	 0.8942709375
22.274999999999995	 0.89205375
22.284999999999997	 0.895115
22.294999999999998	 0.8956156250000001
22.305	 0.8957728125000001
22.315	 0.8993775000000002
22.325000000000003	 0.8969168750000001
22.335	 0.9001259375000003
22.345000000000002	 0.9003215625000001
22.355000000000004	 0.9001881250000001
22.365000000000006	 0.9038834375000001
22.375000000000004	 0.9011653125000001
22.385	 0.90436
22.395	 0.9046506250000002
22.404999999999994	 0.9046696875000001
22.414999999999996	 0.9080168750000002
22.424999999999997	 0.9061190625000002
22.435	 0.9091468750000001
22.444999999999997	 0.9094565625000002
22.455	 0.9093850000000002
22.465	 0.9129184375000001
22.474999999999998	 0.9102812500000002
22.485000000000003	 0.9135187500000002
22.495	 0.9138571875000001
22.505	 0.9139381250000002
22.515	 0.9172425000000002
22.524999999999995	 0.9146725000000002
22.534999999999997	 0.9175525000000002
22.544999999999998	 0.9177478125000001
22.555	 0.9174856250000002
22.565	 0.9210665625000002
22.575000000000003	 0.9182390625000001
22.585	 0.9214103125
22.595000000000002	 0.9214721875
22.605000000000004	 0.9217296875
22.615000000000006	 0.9252296874999999
22.625000000000004	 0.9223449999999999
22.635	 0.9254206249999999
22.645	 0.9257209375
22.654999999999994	 0.9258734375
22.664999999999996	 0.9293209375
22.674999999999997	 0.9267887499999999
22.685	 0.9298643750000001
22.694999999999997	 0.9302221875000001
22.705	 0.9301840625
22.715	 0.9335743750000001
22.724999999999998	 0.9309278125
22.735000000000003	 0.9342943750000001
22.745	 0.9345612500000001
22.755	 0.9339365625000002
22.765	 0.9375178125000003
22.774999999999995	 0.9350431250000003
22.784999999999997	 0.9382568750000003
22.794999999999998	 0.9387625000000003
22.805	 0.9390250000000003
22.815	 0.9427015625000004
22.825000000000003	 0.9402506250000003
22.835	 0.9437412500000003
22.845000000000002	 0.9441418750000002
22.855000000000004	 0.9441418750000004
22.865000000000006	 0.9475275000000003
22.875000000000004	 0.9452290625000002
22.885	 0.9483906250000002
22.895	 0.9487721875
22.904999999999994	 0.948800625
22.914999999999996	 0.9525009374999999
22.924999999999997	 0.9497640624999999
22.935	 0.953001875
22.944999999999997	 0.9533881249999999
22.955	 0.9533118750000001
22.965	 0.9568453124999999
22.974999999999998	 0.9540796875000003
22.985000000000003	 0.9575796875000001
22.995	 0.9579468750000001
23.005	 0.9579706250000001
23.015	 0.961651875
23.024999999999995	 0.9591818750000001
23.034999999999997	 0.962558125
23.044999999999998	 0.9629253125000001
23.055	 0.9632640625000001
23.065	 0.9669168750000001
23.075000000000003	 0.9651287500000002
23.085	 0.9683806250000001
23.095000000000002	 0.9686618750000002
23.105000000000004	 0.9685759375000002
23.115000000000006	 0.9720281250000002
23.125000000000004	 0.9692909375
23.135	 0.972409375
23.145	 0.9725428125000001
23.154999999999994	 0.9725665625
23.164999999999996	 0.9762000000000001
23.174999999999997	 0.9738109374999999
23.185	 0.9773587499999999
23.194999999999997	 0.9777737499999999
23.205	 0.9775971874999999
23.215	 0.9811446874999998
23.224999999999998	 0.9787509374999999
23.235000000000003	 0.9819599999999998
23.245	 0.9822937499999997
23.255	 0.9827134374999998
23.265	 0.9864946874999999
23.274999999999995	 0.9841153124999998
23.284999999999997	 0.9874721874999999
23.294999999999998	 0.9879346874999998
23.305	 0.9881731249999998
23.315	 0.9916349999999998
23.325000000000003	 0.9890887499999997
23.335	 0.9922406249999998
23.345000000000002	 0.9925696875
23.355	 0.9924121874999998
23.365000000000002	 0.9961171874999999
23.375000000000004	 0.9934324999999998
23.385	 0.9967321874999999
23.395	 0.9968846875
23.404999999999998	 0.9964556250000001
23.414999999999996	 1.0002084375
23.424999999999997	 0.997815
23.435	 1.0011481250000003
23.444999999999997	 1.001639375
23.455	 1.0017871875000002
23.465	 1.0052490625000003
23.474999999999998	 1.0027218750000002
23.485	 1.0059118750000002
23.495	 1.0062171875000003
23.505	 1.0062171875
23.515	 1.0096075000000002
23.525	 1.0073475
23.534999999999997	 1.0106043749999998
23.544999999999998	 1.0109381249999998
23.555	 1.0112003125
23.565	 1.0149290625
23.575000000000003	 1.0120584375
23.585	 1.015229375
23.595000000000002	 1.0155678125
23.605	 1.0157206250000002
23.615000000000002	 1.0194353125000002
23.625000000000004	 1.0170175000000001
23.635	 1.0204937500000002
23.645	 1.0209325000000002
23.654999999999998	 1.0212471875000002
23.664999999999996	 1.02461375
23.674999999999997	 1.0223868750000003
23.685	 1.025629375
23.694999999999997	 1.0258296875000001
23.705	 1.0259440625
23.715	 1.0295584375000002
23.724999999999998	 1.0276318750000002
23.735	 1.0308315625000002
23.745	 1.0312653125000002
23.755	 1.0313225000000001
23.765	 1.0348365625
23.775	 1.0322809375000002
23.784999999999997	 1.0357618750000002
23.794999999999998	 1.0362387499999999
23.805	 1.0362768749999998
23.815	 1.0397721875
23.825000000000003	 1.0373640625000002
23.835	 1.0408259375000002
23.845000000000002	 1.0411881250000001
23.855	 1.0409925000000002
23.865000000000002	 1.0444590625
23.875000000000004	 1.041826875
23.885	 1.04497875
23.895	 1.0453412499999999
23.904999999999998	 1.0453984374999998
23.914999999999996	 1.0489606249999999
23.924999999999997	 1.0462568749999999
23.935	 1.0494896875
23.944999999999997	 1.0496518749999997
23.955	 1.0496709374999997
23.965	 1.0531946874999998
23.974999999999998	 1.0504718749999997
23.985	 1.0540290624999997
23.995	 1.0543199999999997
24.005	 1.0545584375000001
24.015	 1.0581490625
24.025	 1.0556028125
24.034999999999997	 1.0590506249999998
24.044999999999998	 1.0593271874999999
24.055	 1.0589075
24.065	 1.0625265625
24.075000000000003	 1.0600803125
24.085	 1.0633753125
24.095000000000002	 1.0638853125
24.105	 1.0640284375
24.115000000000002	 1.0676571875
24.125000000000004	 1.0652396874999999
24.135	 1.0686250000000002
24.145	 1.0689874999999998
24.154999999999998	 1.0689684375
24.164999999999996	 1.0725018750000002
24.174999999999997	 1.0703656250000002
24.185	 1.0737846875000003
24.194999999999997	 1.0740900000000002
24.205	 1.0741378125000003
24.215	 1.0778093750000002
24.224999999999998	 1.0753728125000002
24.235	 1.078810625
24.245	 1.07936375
24.255	 1.07952125
24.265	 1.0831356250000002
24.275	 1.0809706250000004
24.284999999999997	 1.0843943750000002
24.294999999999998	 1.08479
24.305	 1.085214375
24.315	 1.0888334375
24.325000000000003	 1.0861678125
24.335	 1.0896678125
24.345000000000002	 1.090044375
24.355	 1.0900965624999996
24.365000000000002	 1.0935393749999995
24.375000000000004	 1.0917987499999997
24.385	 1.0951318749999996
24.395	 1.0954609375
24.404999999999998	 1.0955849999999998
24.414999999999996	 1.0990375
24.424999999999997	 1.096615
24.435	 1.0999337500000002
24.444999999999997	 1.100458125
24.455	 1.1005821875
24.465	 1.1043396874999998
24.474999999999998	 1.1021128124999997
24.485	 1.1055412500000001
24.494999999999997	 1.1059515625
24.505	 1.1061518750000001
24.515	 1.1096231250000002
24.525	 1.1072103125000001
24.535	 1.11051
24.544999999999998	 1.1108771875000003
24.555	 1.1108962500000004
24.565	 1.1144009375000004
24.575000000000003	 1.1118496875000001
24.585	 1.1151828125
24.595000000000002	 1.1153021875
24.605	 1.115774375
24.615000000000002	 1.1191265625
24.625000000000004	 1.11638
24.635	 1.1198134375000002
24.645000000000003	 1.12022375
24.654999999999998	 1.1204428125
24.664999999999996	 1.1237712499999999
24.674999999999997	 1.1214443750000003
24.685	 1.125025625
24.694999999999997	 1.1251543750000002
24.705	 1.1245728124999999
24.715	 1.128220625
24.724999999999998	 1.1258315625
24.735	 1.129221875
24.744999999999997	 1.1294653125
24.755	 1.12975125
24.765	 1.1333324999999999
24.775	 1.1309243749999998
24.785	 1.1341190625
24.794999999999998	 1.1344481249999998
24.805	 1.1348153124999998
24.815	 1.1383343750000001
24.825000000000003	 1.1357403125
24.835	 1.1392881250000002
