0.32499999999999996	 0.08155312499999998
0.33499999999999996	 0.0829478125
0.3449999999999999	 0.08050874999999999
0.355	 0.08293828125
0.36499999999999994	 0.08145046874999998
0.375	 0.08138609374999997
0.38499999999999995	 0.08306453124999998
0.39499999999999996	 0.08050640625
0.40499999999999997	 0.082943125
0.415	 0.08161515624999999
0.425	 0.08162234375
0.435	 0.08348671875
0.44500000000000006	 0.081
0.455	 0.08348187499999998
0.4650000000000001	 0.08216593749999998
0.47500000000000003	 0.08214203124999997
0.48500000000000004	 0.08406140624999998
0.49500000000000005	 0.08166046874999996
0.505	 0.08415187499999997
0.515	 0.082659375
0.5250000000000001	 0.08261171874999998
0.5350000000000001	 0.08439031249999998
0.5450000000000002	 0.08192499999999998
0.555	 0.08440453124999997
0.5650000000000001	 0.08295734375
0.5750000000000001	 0.08298828124999999
0.585	 0.08472624999999998
0.5949999999999999	 0.08233968749999998
0.6049999999999999	 0.08499562499999999
0.6149999999999999	 0.08347937499999997
0.6249999999999999	 0.08359624999999996
0.635	 0.08523656249999997
0.645	 0.08275453124999997
0.655	 0.08519593749999994
0.6649999999999999	 0.08369390624999995
0.6749999999999999	 0.08376781249999997
0.6849999999999999	 0.08544874999999996
0.695	 0.08300984374999995
0.705	 0.08554421874999996
0.715	 0.08417562499999996
0.725	 0.08442828124999996
0.7349999999999999	 0.08620203124999995
0.7449999999999999	 0.08381312499999996
0.7549999999999999	 0.08643109374999995
0.7649999999999999	 0.08497921874999996
0.7749999999999999	 0.08506734374999997
0.785	 0.08687218749999998
0.7950000000000002	 0.08443546874999998
0.805	 0.08700312499999999
0.8150000000000001	 0.08581812499999997
0.8250000000000001	 0.08572999999999999
0.8350000000000001	 0.08741796874999998
0.845	 0.08510765624999998
0.855	 0.08766125
0.865	 0.08615437499999999
0.875	 0.08634984374999999
0.885	 0.08787109375000002
0.895	 0.08546796875000001
0.905	 0.08806921875000001
0.9149999999999999	 0.0864121875
0.925	 0.08690578125000001
0.935	 0.08861296875
0.9450000000000001	 0.08634562500000001
0.9550000000000001	 0.08893484375
0.965	 0.087296875
0.975	 0.08745906249999999
0.985	 0.08890390625
0.995	 0.08664374999999999
1.005	 0.08928078125
1.0150000000000001	 0.08769781249999999
1.0250000000000001	 0.08815796874999998
1.035	 0.08989124999999998
1.045	 0.0875021875
1.0550000000000002	 0.09006515624999999
1.065	 0.08845343749999998
1.075	 0.08871328124999998
1.0850000000000002	 0.09019374999999998
1.095	 0.08783109374999998
1.105	 0.09042031249999997
1.1150000000000002	 0.08887296874999998
1.125	 0.08919953124999998
1.135	 0.09057765624999999
1.145	 0.08820312499999998
1.155	 0.09079468749999997
1.1650000000000003	 0.08929265624999998
1.1749999999999998	 0.08959312499999998
1.1849999999999998	 0.09125968749999996
1.195	 0.08905906249999998
1.205	 0.091705625
1.2149999999999999	 0.09011546874999997
1.2249999999999999	 0.09045171874999998
1.235	 0.09194656249999998
1.245	 0.08959578124999999
1.2550000000000001	 0.09221125
1.2650000000000001	 0.09052078125
1.275	 0.0911359375
1.285	 0.09272625000000001
1.295	 0.09052562500000001
1.305	 0.0932221875
1.3149999999999997	 0.09163437499999999
1.325	 0.09203250000000002
1.335	 0.09345812500000002
1.345	 0.09114078125000002
1.355	 0.09371578125000003
1.365	 0.09204218750000003
1.375	 0.09242140625
1.385	 0.09387578125000003
1.3949999999999998	 0.09153921875000001
1.4049999999999998	 0.09418328125000001
1.415	 0.092566875
1.425	 0.09309140625000001
1.435	 0.09465312500000002
1.445	 0.09234765625000001
1.455	 0.09497500000000002
1.4650000000000003	 0.09371843750000003
1.475	 0.09396640625000002
1.485	 0.09534203125000001
1.495	 0.09306500000000002
1.5050000000000001	 0.09568296875000003
1.5150000000000001	 0.09397359375000003
1.5250000000000001	 0.09455046875000003
1.535	 0.09606203125000003
1.545	 0.09390187500000002
1.555	 0.09661515625000001
1.5649999999999997	 0.09476265625000004
1.575	 0.09537531250000002
1.5849999999999997	 0.09672718750000002
1.5949999999999998	 0.09447421875000003
1.605	 0.09715656250000004
1.6150000000000002	 0.09552812500000005
1.625	 0.09621250000000003
1.635	 0.09760234375000004
1.645	 0.09547796875000003
1.655	 0.09820546875000002
1.665	 0.09646734375000002
1.6749999999999998	 0.09698703125000001
1.6849999999999998	 0.09847484375000001
1.695	 0.09626234375
1.7049999999999998	 0.09894203125
1.715	 0.09729218749999999
1.725	 0.09801234374999998
1.7349999999999999	 0.09944765624999999
1.745	 0.09736375000000001
1.755	 0.1000484375
1.765	 0.09819109375
1.775	 0.09878234375
1.785	 0.10013171874999999
1.7950000000000002	 0.09794062499999999
1.8050000000000002	 0.1006084375
1.815	 0.09883218749999999
1.825	 0.09941156250000001
1.835	 0.10076578125
1.845	 0.0986390625
1.855	 0.1013140625
1.8650000000000002	 0.09957593750000002
1.875	 0.10021734375000002
1.885	 0.10148578125000002
1.895	 0.09929937500000004
1.9049999999999998	 0.10203171875000003
1.915	 0.10018156250000003
1.925	 0.10091343750000005
1.935	 0.10205312500000004
1.945	 0.09988593750000002
1.9549999999999998	 0.10255375000000001
1.965	 0.10077984375
1.9750000000000003	 0.10159531249999999
1.9849999999999999	 0.10285171875
1.995	 0.100839375
2.005	 0.10359062499999999
2.015	 0.10183109375
2.025	 0.10263453125
2.0349999999999997	 0.10398874999999999
2.045	 0.1018525
2.055	 0.10455375
2.065	 0.10261296874999998
2.0749999999999997	 0.10331625
2.085	 0.10453703125
2.0949999999999998	 0.10251999999999999
2.105	 0.1052046875
2.1149999999999998	 0.1036478125
2.125	 0.10417718749999998
2.135	 0.10539312499999998
2.145	 0.10331874999999999
2.155	 0.10602484374999999
2.165	 0.10420093749999998
2.1750000000000003	 0.10493515624999997
2.185	 0.10607953125
2.195	 0.10407671875
2.2049999999999996	 0.10678515625
2.215	 0.1048278125
2.225	 0.10557171875
2.235	 0.10671843750000001
2.245	 0.10459406250000002
2.255	 0.10727390625000001
2.265	 0.10537609375000001
2.2750000000000004	 0.10611531250000002
2.285	 0.10722156250000002
2.2950000000000004	 0.10511390625
2.3050000000000006	 0.107858125
2.3150000000000004	 0.1059865625
2.325	 0.10675421875
2.3350000000000004	 0.10789140625000002
2.345	 0.10599125000000002
2.3549999999999995	 0.10863062500000002
2.3649999999999998	 0.10677812500000002
2.375	 0.10771265625000004
2.3849999999999993	 0.10881421875000002
2.3949999999999996	 0.10678765625000003
2.405	 0.10951281250000001
2.4149999999999996	 0.10780093750000003
2.425	 0.10873078125
2.4349999999999996	 0.10993484375000001
2.445	 0.10796562500000001
2.4549999999999996	 0.11072656250000001
2.465	 0.10885015625000004
2.4749999999999996	 0.10966328125000001
2.4850000000000003	 0.11083859375000003
2.495	 0.10891453125000003
2.505	 0.11163250000000002
2.515	 0.10971078125000003
2.5250000000000004	 0.11075500000000002
2.535	 0.11185171875000002
2.5450000000000004	 0.10985609375000001
2.5550000000000006	 0.11257875000000003
2.5650000000000004	 0.110611875
2.575	 0.11168234375
2.5850000000000004	 0.11284343750000002
2.595	 0.110921875
2.605	 0.11366375000000001
2.615	 0.11174921874999998
2.625	 0.11279343749999998
2.635	 0.11378296874999998
2.645	 0.11169687499999997
2.655	 0.11441484374999998
2.6649999999999996	 0.11238343749999999
2.6750000000000003	 0.11332999999999999
2.6849999999999996	 0.11440046874999998
2.6949999999999994	 0.11243109374999999
2.7049999999999996	 0.11519687499999999
2.7149999999999994	 0.11331093750000001
2.724999999999999	 0.11445765625000001
2.735	 0.11550203125
2.745	 0.11356843750000001
2.755	 0.11631265625
2.765	 0.11461265625
2.775	 0.11550203124999998
2.785	 0.11652015624999998
2.7950000000000004	 0.11463187499999998
2.8050000000000006	 0.11743812499999998
2.8150000000000004	 0.11552124999999998
2.825	 0.11671109374999998
2.8350000000000004	 0.11759093749999996
2.845	 0.11570734374999997
2.855	 0.11849437499999999
2.865	 0.11657749999999997
2.875	 0.11768624999999998
2.885	 0.11879015624999997
2.8949999999999996	 0.11687562499999997
2.905	 0.11968890624999998
2.915	 0.11776484374999996
2.925	 0.11896890624999998
2.935	 0.11994640624999997
2.9450000000000003	 0.11805812499999997
2.955	 0.12085718749999996
2.965	 0.11890703124999996
2.9749999999999996	 0.12008015624999997
2.9849999999999994	 0.12099812499999998
2.9949999999999997	 0.11923859374999998
3.005	 0.12203046875
3.0149999999999997	 0.11998015625000001
3.025	 0.12099828125
3.0349999999999997	 0.12199000000000002
3.045	 0.12017093750000003
3.055	 0.12295562500000003
3.0650000000000004	 0.12097203125000004
3.075	 0.12209968750000004
3.0850000000000004	 0.12307234375000004
3.095	 0.12122937500000006
3.105	 0.12401656250000005
3.115	 0.12201625000000005
3.125	 0.12312500000000004
3.135	 0.12396421875000005
3.145	 0.12225953125000005
3.155	 0.12509437500000004
3.1649999999999996	 0.12310593750000005
3.1750000000000003	 0.12445546875000003
3.185	 0.12546406250000003
3.195	 0.12370703125000004
3.205	 0.12651796875000004
3.2150000000000003	 0.12448671875000003
3.225	 0.12568359375000004
3.235	 0.12664203125000004
3.2449999999999997	 0.12491593750000003
3.255	 0.12776031250000006
3.265	 0.12576718750000004
3.275	 0.12696875000000002
3.2849999999999997	 0.12798203125000002
3.295	 0.12621296875000007
3.305	 0.12906921875000005
3.315	 0.12709265625000005
3.3249999999999997	 0.12842062500000004
3.3350000000000004	 0.12940046875000003
3.345	 0.12771953125000005
3.355	 0.13051859375000002
3.365	 0.12849203125000003
3.375	 0.12973656250000004
3.385	 0.130656875
3.395	 0.12894015625000002
3.405	 0.13177265625
3.415	 0.1299796875
3.4250000000000003	 0.13105734375
3.4349999999999996	 0.13198234374999998
3.445	 0.1303396875
3.455	 0.13317921874999997
3.465	 0.13102140625
3.475	 0.13250203124999999
3.4850000000000003	 0.13332937499999997
3.495	 0.13159609374999998
3.505	 0.13445953125
3.515	 0.13245921875
3.525	 0.13375859375000002
3.5349999999999997	 0.1347075
3.5450000000000004	 0.13310046875
3.555	 0.1358875
3.565	 0.13372984375
3.5749999999999997	 0.13518890625
3.585	 0.1359709375
3.5949999999999998	 0.13425906249999997
3.6049999999999995	 0.13711999999999996
3.615	 0.13512203124999997
3.625	 0.13663828124999997
3.635	 0.13741546875
3.645	 0.1358228125
3.655	 0.138645625
3.665	 0.13666906249999997
3.675	 0.13809249999999998
3.685	 0.13883390625
3.695	 0.137203125
3.705	 0.14006171874999998
3.715	 0.13803046875
3.725	 0.13955640625000001
3.7350000000000003	 0.14030265625000002
3.745	 0.13863125000000004
3.755	 0.14147796875000002
3.765	 0.13946562499999998
3.775	 0.14101546875000004
3.785	 0.14167828125000004
3.7950000000000004	 0.14000218750000004
3.805	 0.14281796875000005
3.815	 0.1406578125
3.825	 0.14225515625000001
3.835	 0.14303234375
3.8449999999999993	 0.14136578125000002
3.8549999999999995	 0.14421718750000004
3.8649999999999998	 0.14212859375000003
3.8749999999999996	 0.14371171875000002
3.885	 0.14446750000000003
3.895	 0.14278421875000002
3.905	 0.14562609375000002
3.9149999999999996	 0.14356140625
3.925	 0.14525656250000002
3.935	 0.14596453125
3.945	 0.14436484375
3.955	 0.14718296875000003
3.9650000000000003	 0.1450825
3.975	 0.14660843750000002
3.985	 0.14729984375000002
3.995	 0.14582640625000004
4.005	 0.14863500000000007
4.015	 0.14651062500000003
4.025	 0.14817953125000005
4.035	 0.14891875000000002
4.045	 0.147295
4.055	 0.1501346875
4.065	 0.14830593749999998
4.075	 0.1496171875
4.085	 0.150265625
4.095000000000001	 0.14866359374999996
4.105	 0.15145796874999998
4.115	 0.1492596875
4.124999999999999	 0.15097390625
4.135	 0.15158656249999997
4.145	 0.15006296875
4.155	 0.15292625000000004
4.165000000000001	 0.150804375
4.175000000000001	 0.15242078125
4.1850000000000005	 0.15303593750000002
4.194999999999999	 0.15149109375
4.205	 0.15426625
4.214999999999999	 0.15212765625
4.225	 0.15384187500000002
4.234999999999999	 0.15456671875
4.245	 0.15301703125000002
4.255	 0.15577546875000003
4.265	 0.15348906250000002
4.2749999999999995	 0.15514843749999999
4.285	 0.15568484375
4.295	 0.15429484374999997
4.305	 0.157134375
4.315	 0.15491703125
4.325	 0.15673625
4.334999999999999	 0.157341875
4.345	 0.15591843749999998
4.355	 0.15872468750000002
4.365	 0.15643109374999997
4.375	 0.15843609374999998
4.385	 0.15863875
4.395	 0.15765875000000004
4.405	 0.16003828125
4.415	 0.157825625
4.425000000000001	 0.15979734375000007
4.4350000000000005	 0.15989031250000002
4.445	 0.15910109375000003
4.455	 0.16150671875000003
4.465	 0.15911781250000004
4.475	 0.1609965625
4.484999999999999	 0.161041875
4.495	 0.16010015625000001
4.505	 0.16249625
4.515	 0.16007859375
4.5249999999999995	 0.161914375
4.535	 0.16210984375
4.545	 0.16129453125
4.555	 0.16358343749999998
4.5649999999999995	 0.16115625
4.575	 0.16303265625
4.584999999999999	 0.16301828125
4.595000000000001	 0.16204796874999997
4.605	 0.164308125
4.615000000000001	 0.16192390625
4.625	 0.16371453125
4.635	 0.163564375
4.645	 0.16273000000000004
4.655	 0.16493296875000005
4.665000000000001	 0.16250109375000005
4.675000000000001	 0.16435828125000004
4.6850000000000005	 0.16429156250000002
4.695	 0.16339031250000005
4.705	 0.16574125000000003
4.715	 0.16367656250000007
4.7250000000000005	 0.1655337500000001
4.735	 0.16561468750000008
4.745	 0.1648445312500001
4.755	 0.16710468750000004
4.764999999999999	 0.16481593750000006
4.774999999999999	 0.16686640625000007
4.784999999999999	 0.16673046875000008
4.795	 0.1660200000000001
4.805	 0.16831593750000007
4.815	 0.1660081250000001
4.825	 0.16794171875000008
4.834999999999999	 0.16792265625000008
4.845	 0.16718593750000002
4.855	 0.16947234375000003
4.865	 0.16723125000000005
4.875000000000001	 0.16918625000000007
4.885	 0.16930062500000004
4.8950000000000005	 0.16866640625
4.905	 0.17103156250000004
4.915	 0.16874031250000004
4.925000000000001	 0.1707478125
4.9350000000000005	 0.17066671875000003
4.945	 0.16991328125000002
4.955	 0.17225453125
4.965	 0.16996093750000002
4.975	 0.17192796875
4.985	 0.17180406250000002
4.995	 0.17119125000000002
5.005	 0.17353968750000004
5.015	 0.17104593750000002
5.0249999999999995	 0.17349218750000003
5.034999999999999	 0.17280078125
5.044999999999999	 0.17262671875000002
5.055	 0.17497765625
5.0649999999999995	 0.17253156250000004
5.074999999999999	 0.17508984375000003
5.084999999999999	 0.17435796875000004
5.095	 0.17399796875
5.105	 0.1763559375
5.114999999999999	 0.17387390625
5.125	 0.17643218750000003
5.135	 0.17567640625000006
5.145	 0.17541890625
5.155	 0.17781984374999998
5.165000000000001	 0.17541187500000005
5.175	 0.17786281250000002
5.1850000000000005	 0.176995
5.195	 0.17684
5.205	 0.17915515625000003
5.215	 0.17675906250000006
5.2250000000000005	 0.17928875000000005
5.235000000000001	 0.17867125000000003
5.245	 0.17863796875
5.255	 0.18090531250000003
5.265	 0.17842812499999997
5.2749999999999995	 0.18082890625
5.284999999999999	 0.179815625
5.295	 0.17946046875
5.305000000000001	 0.18158484374999997
5.3149999999999995	 0.17901
5.324999999999999	 0.1814609375
5.334999999999999	 0.1805834375
5.345	 0.1803496875
5.3549999999999995	 0.1826028125
5.365	 0.18011624999999998
5.375	 0.18256015624999997
5.385	 0.18165421874999996
5.395	 0.18151359374999998
5.405	 0.18380718749999997
5.415	 0.18142062499999997
5.425000000000001	 0.18404093749999997
5.4350000000000005	 0.18319218749999996
5.445	 0.18324937499999996
5.455	 0.1855978125
5.464999999999999	 0.18325421875
5.4750000000000005	 0.18596015625
5.485000000000001	 0.18524734375
5.495000000000001	 0.18537609375
5.505000000000001	 0.18776734374999998
5.515	 0.1855
5.524999999999999	 0.18807015624999998
5.534999999999999	 0.18733593749999997
5.545	 0.18727390624999998
5.555000000000001	 0.18957703124999997
5.565	 0.18735734374999996
5.575	 0.1899871875
5.584999999999999	 0.18919578124999997
5.594999999999999	 0.18924359374999994
5.6049999999999995	 0.19161828124999997
5.614999999999999	 0.18931031249999994
5.625	 0.19196624999999998
5.635	 0.19101968749999995
5.645	 0.19101249999999995
5.654999999999999	 0.19323203124999994
5.665	 0.19097171874999994
5.675	 0.19373265625
5.6850000000000005	 0.19285999999999995
5.695	 0.19300062499999995
5.705	 0.19530375
5.715	 0.19296968749999996
5.725	 0.19553265625000002
5.735	 0.19465765625
5.745000000000001	 0.19465046875000003
5.755000000000001	 0.19699890625000002
5.765000000000001	 0.19471
5.7749999999999995	 0.19746140624999997
5.785	 0.19658875
5.795	 0.19671265625
5.805	 0.19892984375
5.815	 0.19657671875
5.825	 0.199325625
5.834999999999999	 0.19845296875000001
5.845	 0.19867234375000004
5.8549999999999995	 0.20094453125
5.864999999999999	 0.19869625000000002
5.875	 0.20131875000000005
5.885	 0.20032453125000002
5.895	 0.20044625
5.905	 0.20280890625
5.915000000000001	 0.20067984375
5.925000000000001	 0.20355984375
5.935	 0.202835
5.945	 0.20319250000000003
5.955	 0.20556468749999998
5.965	 0.20350953125000001
5.9750000000000005	 0.20633484375000005
5.985	 0.20542171875000004
5.995	 0.20557187500000002
6.005	 0.20774859375000002
6.015000000000001	 0.20550265625000005
6.0249999999999995	 0.20829453125000005
6.035	 0.20731218750000002
6.045	 0.20738359375000004
6.055	 0.20952703125000005
6.065	 0.20719281250000002
6.074999999999999	 0.20976531250000002
6.084999999999999	 0.20859937500000003
6.095	 0.20858734375000004
6.105	 0.21051843750000004
6.115	 0.20810328125000002
6.125	 0.21066375000000004
6.134999999999999	 0.20944546875
6.145	 0.20954562500000004
6.155	 0.21133843750000003
6.165	 0.20887796875000006
6.175000000000001	 0.21132890625
6.1850000000000005	 0.210163125
6.194999999999999	 0.2102275
6.205	 0.21216828125
6.214999999999999	 0.20978890625
6.225	 0.21236140625
6.235	 0.21115015625
6.245	 0.21125968749999993
6.255	 0.21309312499999994
6.265	 0.21066124999999994
6.2749999999999995	 0.21327671874999993
6.285	 0.21199874999999993
6.295000000000001	 0.21220390624999996
6.305000000000001	 0.21412078124999998
6.315	 0.21181531249999996
6.325	 0.2143306249999999
6.334999999999999	 0.21298593749999992
6.345	 0.21299781249999994
6.355	 0.21490984374999997
6.365	 0.21256624999999996
6.375	 0.21526046874999996
6.385	 0.21400874999999991
6.395	 0.21405406249999995
6.404999999999999	 0.21599718749999994
6.414999999999999	 0.21360578124999996
6.425	 0.21619749999999996
6.4350000000000005	 0.21486234374999996
6.445	 0.21500781249999998
6.455	 0.21680781249999997
6.465	 0.21456671874999997
6.475	 0.2171940625
6.485	 0.21590421875000002
6.495	 0.2160615625
6.505	 0.21778046874999998
6.515	 0.21548453124999997
6.5249999999999995	 0.21812625000000002
6.535	 0.21698890625000003
6.545	 0.21719640625
6.555000000000001	 0.21908234375000002
6.565	 0.21685796875000002
6.575	 0.21956875000000003
6.585	 0.21830515625
6.595	 0.21864375
6.6049999999999995	 0.22035078125
6.615	 0.21802140625
6.625	 0.22064171875
6.635	 0.219404375
6.645	 0.21974046875
6.654999999999999	 0.22162390625
6.664999999999999	 0.21941609375
6.675	 0.22217703125000005
6.685	 0.220920625
6.695	 0.22119953125
6.705	 0.22314515625000003
6.715	 0.22098984375
6.7250000000000005	 0.223676875
6.734999999999999	 0.22241812500000002
6.744999999999999	 0.22295937500000002
6.755	 0.22482140625000002
6.765	 0.22269484375
6.7749999999999995	 0.22534843750000003
6.785	 0.22393937500000005
6.795	 0.22453312500000006
6.805	 0.22637609375000006
6.815	 0.22414203125000007
6.825	 0.22681468750000006
6.835	 0.22553687500000005
6.845000000000001	 0.22576328125000003
6.855	 0.22752750000000005
6.864999999999999	 0.22537453125000007
6.875	 0.22807578125000005
6.885	 0.22662156250000007
6.895	 0.22708406250000007
6.905	 0.22879359375000008
6.915000000000001	 0.22666687500000007
6.925	 0.22947546875000008
6.935	 0.22805921875000007
6.945	 0.22845500000000007
6.955	 0.23020015625000007
6.965	 0.22798531250000004
6.975	 0.23071281250000003
6.985	 0.22941812500000006
6.994999999999999	 0.22989500000000004
7.004999999999999	 0.23172125000000002
7.015	 0.22953500000000002
7.0249999999999995	 0.23234828125000004
7.035	 0.23102265625000004
7.045000000000001	 0.23158531250000006
7.055000000000001	 0.23328046875000003
7.065	 0.23112515625000005
7.075	 0.23385515625000006
7.085	 0.23254156250000008
7.095000000000001	 0.23312812500000007
7.105	 0.23488765625000005
7.115	 0.23285640625000004
7.125	 0.23554562500000006
7.135	 0.23419375000000006
7.145	 0.23498765625000004
7.155	 0.23676625
7.165	 0.2346346875
7.175000000000001	 0.23739328125
7.1850000000000005	 0.23596515625
7.194999999999999	 0.2365134375
7.205	 0.23820609375
7.215	 0.23608656249999999
7.225	 0.23884031249999996
7.235	 0.23732390625
7.245	 0.23802484375
7.255	 0.23978921874999998
7.264999999999999	 0.23783171875
7.274999999999999	 0.24060203125
7.284999999999999	 0.23917156250000002
7.295	 0.239781875
7.305000000000001	 0.24128156250000002
7.315	 0.2392859375
7.325	 0.24210640625000002
7.335	 0.24062812500000003
7.345000000000001	 0.24124796875000004
7.355	 0.24273578125
7.365	 0.24078796875
7.375000000000001	 0.24361796875000002
7.385	 0.24206828125000002
7.395	 0.2427740625
7.405	 0.24433328124999998
7.415	 0.24229484374999996
7.425000000000001	 0.24501046874999996
7.4350000000000005	 0.24337249999999994
7.445	 0.24402343749999997
7.454999999999999	 0.24569953124999996
7.464999999999999	 0.24378984374999998
7.475	 0.24651015624999997
7.484999999999999	 0.24514406249999998
7.495	 0.24590468749999997
7.505	 0.24749734375
7.515	 0.24543984374999994
7.524999999999999	 0.24822687499999996
7.534999999999999	 0.24680359374999997
7.545	 0.24769046874999995
7.555	 0.24926640624999996
7.565	 0.24732812499999995
7.575	 0.25016999999999995
7.584999999999999	 0.24865609374999995
7.595	 0.24943578124999996
7.605	 0.2510475
7.615	 0.24902093749999998
7.625000000000001	 0.25179140625
7.635000000000001	 0.2502296875
7.645	 0.2510259375
7.654999999999999	 0.25262562499999996
7.665	 0.25073734375
7.675000000000001	 0.253526875
7.6850000000000005	 0.25188656249999997
7.695	 0.25274484375
7.705	 0.254296875
7.715	 0.252289375
7.725	 0.2550596875
7.734999999999999	 0.2535242187500001
7.745	 0.25422750000000005
7.754999999999999	 0.25566265625000006
7.765	 0.25367671875000003
7.7749999999999995	 0.25647093750000005
7.784999999999999	 0.25476625
7.794999999999999	 0.25554828125000006
7.805	 0.2569859375
7.815	 0.25502375000000005
7.825	 0.25787515625
7.835	 0.25629921875000006
7.845	 0.25710515625
7.855	 0.25865734374999994
7.865	 0.25670718750000004
7.875000000000001	 0.25952765625
7.885000000000001	 0.25787781249999997
7.8950000000000005	 0.258693125
7.905	 0.26009984375
7.915	 0.25823078125000004
7.925000000000001	 0.26105125
7.9350000000000005	 0.25942296875000004
7.945	 0.26049109375
7.955	 0.26183578124999995
7.965	 0.25985921874999995
7.975	 0.26278468749999995
7.984999999999999	 0.26111578124999996
7.994999999999999	 0.26221015624999994
8.005	 0.26354999999999995
8.014999999999999	 0.2617428125
8.025	 0.26455843749999997
8.034999999999998	 0.26286093749999995
8.044999999999998	 0.2637215624999999
8.055	 0.2650685937499999
8.065000000000001	 0.2633662499999999
8.075000000000001	 0.2662701562499999
8.085	 0.2646321874999999
8.095	 0.2655643749999999
8.105	 0.2669114062499999
8.115	 0.26503265624999994
8.125	 0.2678221874999999
8.135000000000002	 0.2660840625
8.145000000000001	 0.26702109375
8.155000000000001	 0.26837296875
8.165	 0.26653953124999996
8.175	 0.26941953124999996
8.184999999999999	 0.26773874999999997
8.195	 0.26875203124999997
8.205	 0.27009671874999996
8.215	 0.268346875
8.225	 0.27121499999999993
8.234999999999998	 0.26948874999999994
8.244999999999997	 0.27061156249999996
8.254999999999999	 0.27197296875
8.265	 0.27028734375
8.275	 0.27319140625
8.285000000000002	 0.271458125
8.295	 0.27261921874999995
8.305	 0.2738471874999999
8.315	 0.27209718749999995
8.325	 0.2749820312499999
8.334999999999999	 0.27333218749999993
8.345	 0.2745028124999999
8.354999999999999	 0.2759046874999999
8.364999999999998	 0.27422625
8.375	 0.27715406249999996
8.385000000000002	 0.27547562499999995
8.395000000000001	 0.27649609374999995
8.405000000000001	 0.27775015624999994
8.415000000000001	 0.27611234374999993
8.425	 0.27903546874999996
8.435	 0.27735937499999996
8.444999999999999	 0.27853718749999995
8.455	 0.27986515624999997
8.465	 0.27814140624999995
8.475	 0.2810454687499999
8.485	 0.2793765625
8.494999999999997	 0.28047328124999993
8.504999999999997	 0.281608125
8.514999999999999	 0.27995828125000005
8.525	 0.28292187500000004
8.535000000000002	 0.2812434375
8.545000000000002	 0.28236640625
8.555000000000001	 0.2836346875
8.565	 0.28193953125000004
8.575	 0.28481
8.584999999999999	 0.2830146875
8.594999999999999	 0.28417828125
8.604999999999999	 0.285368125
8.614999999999998	 0.28358468750000004
8.624999999999998	 0.28658640625
8.635	 0.28481484375
8.645000000000001	 0.28608328125
8.655000000000003	 0.28723718749999994
8.665000000000003	 0.28558734374999994
8.675000000000002	 0.2884793749999999
8.685	 0.28681765624999994
8.694999999999999	 0.2882410937499999
8.704999999999998	 0.2894881249999999
8.715	 0.2878478124999999
8.724999999999998	 0.2907565624999999
8.735	 0.28903281249999985
8.744999999999997	 0.2902439062499999
8.754999999999997	 0.2913931249999999
8.764999999999999	 0.2898242187499999
8.774999999999999	 0.2927424999999999
8.785	 0.29102828124999985
8.795000000000002	 0.29234437499999993
8.805000000000003	 0.2936056249999999
8.815000000000001	 0.2919367187499999
8.825	 0.2948071874999999
8.834999999999999	 0.29297624999999994
8.844999999999999	 0.29444718749999993
8.854999999999999	 0.2956057812499999
8.864999999999997	 0.29398218749999994
8.875	 0.29693624999999996
8.885	 0.29509328125
8.895	 0.29642359375
8.905000000000001	 0.29750359375
8.915000000000001	 0.295968125
8.925000000000002	 0.29891734375
8.935000000000002	 0.29704812500000005
8.945000000000002	 0.29853812500000004
8.955	 0.2996443750000001
8.965	 0.29810656250000006
8.974999999999998	 0.3010868750000001
8.984999999999998	 0.2992271875000001
8.994999999999997	 0.3005718750000001
9.004999999999999	 0.3016351562500001
9.014999999999999	 0.30016171875000003
9.024999999999999	 0.30312765625000004
9.035	 0.30143734375000003
9.045	 0.30289890625000004
9.055000000000001	 0.3038071875
9.065000000000003	 0.30230515625000004
9.075000000000003	 0.30527109375
9.085	 0.30349484374999997
9.094999999999999	 0.3048274999999999
9.104999999999999	 0.3059242187499999
9.114999999999997	 0.30434578124999995
9.124999999999998	 0.3072878125
9.135	 0.30550921875
9.145	 0.30709234374999994
9.155000000000001	 0.30802468749999995
9.165000000000001	 0.30648453124999997
9.175000000000002	 0.30943140625000004
9.185000000000002	 0.30766703125000006
9.195000000000002	 0.30921203125
9.205000000000002	 0.31033265625000006
9.215	 0.30887593750000003
9.225	 0.31179421875
9.234999999999998	 0.31005609375
9.244999999999997	 0.31161765625
9.254999999999997	 0.31272406249999996
9.264999999999997	 0.31116953124999996
9.274999999999999	 0.31418078124999993
9.285	 0.31230671874999993
9.295	 0.31395187499999994
9.305	 0.31499390624999996
9.315000000000001	 0.31351328125
9.325000000000003	 0.31650296874999995
9.335	 0.3145884375
9.345	 0.31597359374999995
9.354999999999999	 0.31700828124999997
9.364999999999998	 0.31563015624999996
9.374999999999998	 0.31855796875
9.385	 0.316755625
9.395	 0.31851515625
9.405000000000001	 0.31952374999999994
9.415000000000001	 0.31803124999999993
9.425	 0.32102578125
9.435	 0.31922328124999994
9.445000000000002	 0.32082062499999997
9.455000000000002	 0.3218815625
9.465000000000002	 0.32042015625
9.475	 0.32338609375
9.485	 0.32131671875
9.494999999999997	 0.32288078125
9.504999999999997	 0.3237796875000001
9.514999999999999	 0.3222990625
9.524999999999999	 0.32528890625
9.535	 0.32343875000000005
9.545	 0.32517203125000005
9.555	 0.3260159375
9.565	 0.32456640625000005
9.575000000000001	 0.32748000000000005
9.585	 0.32547734375000004
9.595	 0.32714624999999997
9.605	 0.32810953125
9.614999999999998	 0.32667890625000007
9.624999999999998	 0.32964968750000007
9.635	 0.32779484375000006
9.645	 0.32959265625000006
9.655	 0.3304509375000001
9.665000000000001	 0.32899187500000004
9.675	 0.33198156250000005
9.685	 0.33014328125
9.695	 0.33193140624999995
9.705000000000002	 0.33282546875
9.715000000000002	 0.33155
9.725000000000001	 0.33452546874999994
9.735	 0.33270874999999994
9.745	 0.33453984375
9.754999999999999	 0.33546734375
9.764999999999999	 0.33410359375
9.774999999999999	 0.3370384375
9.784999999999998	 0.33517156249999996
9.795	 0.33710984374999997
9.805	 0.33801109374999994
9.815	 0.3367521875
9.825	 0.33971812500000004
9.834999999999999	 0.33769875
9.845	 0.33960843749999997
9.855	 0.3404429687499999
9.865	 0.3393104687499999
9.875	 0.3423168749999999
9.885	 0.340438125
9.895	 0.3421928125
9.905	 0.343075
9.915	 0.34179953124999995
9.925	 0.34487515625000004
9.935	 0.34281999999999996
9.945	 0.34457703124999994
9.955	 0.34533749999999985
9.965	 0.3439381249999999
9.975000000000001	 0.34692546874999985
9.985	 0.34500859374999987
9.995	 0.34692078124999987
10.004999999999999	 0.3477599999999999
10.014999999999999	 0.3464678124999999
10.024999999999999	 0.34942171874999994
10.034999999999998	 0.34739031249999996
10.044999999999998	 0.34914031249999994
10.055	 0.3499151562499999
10.065	 0.3486037499999999
10.075	 0.3516149999999999
10.084999999999999	 0.34955749999999985
10.094999999999999	 0.35142437499999984
10.104999999999999	 0.3523398437499998
10.114999999999998	 0.3510451562499999
10.125	 0.3539776562499999
10.135000000000002	 0.3520059374999999
10.145000000000001	 0.3540085937499999
10.155000000000001	 0.35474062499999987
10.165000000000001	 0.3536153124999999
10.175	 0.3566337499999999
10.185	 0.35452859374999995
10.195	 0.3565265624999999
10.205	 0.3573704687499999
10.215	 0.35617109374999995
10.225	 0.35912515624999997
10.235	 0.35712484375
10.245	 0.3589940625
10.255	 0.35971890625
10.265	 0.35850765625000003
10.275	 0.36147109375
10.284999999999998	 0.35931328125000006
10.294999999999998	 0.3612684375000001
10.305	 0.36208140625000007
10.315	 0.36077968750000006
10.325	 0.3636717187500001
10.334999999999999	 0.3616762500000001
10.344999999999999	 0.3635835937500001
10.354999999999999	 0.36408656250000004
10.364999999999998	 0.36292078125000005
10.375	 0.36588906250000003
10.385000000000002	 0.3637360937500001
10.395000000000001	 0.36585328125000005
10.405000000000001	 0.36644218750000007
10.415000000000001	 0.36530015625000006
10.425	 0.36816593750000004
10.435	 0.3660250000000001
10.445	 0.3680395312500001
10.455	 0.36867859375000006
10.465	 0.36769390625000004
10.475	 0.37058109375
10.485	 0.36838046874999997
10.495	 0.37050234375
10.504999999999999	 0.3710387499999999
10.515	 0.36982046874999996
10.525000000000002	 0.37277453125
10.535	 0.37072890624999993
10.545	 0.37272437499999994
10.555	 0.37326796874999996
10.565	 0.3721784375
10.575	 0.3752373437499999
10.584999999999999	 0.37322984374999996
10.594999999999999	 0.37537093749999983
10.604999999999999	 0.3759549999999998
10.614999999999998	 0.37500124999999984
10.624999999999998	 0.37796718749999986
10.635	 0.37575937499999984
10.645000000000001	 0.3778503124999999
10.655000000000003	 0.37853218749999995
10.665000000000003	 0.3774045312499999
10.675	 0.3803632812499999
10.685	 0.378331875
10.695	 0.3805371875
10.705	 0.38105453124999994
10.715	 0.37995296874999995
10.725	 0.38291171874999996
10.735	 0.38078734374999995
10.744999999999997	 0.3828306249999999
10.754999999999997	 0.38338859374999995
10.765	 0.3824039062499999
10.775000000000002	 0.38523640624999994
10.785000000000002	 0.38311921874999993
10.795000000000002	 0.3853340625
10.805	 0.3858228125
10.815	 0.3849717187500001
10.825	 0.3879353125
10.834999999999999	 0.38581828125
10.844999999999999	 0.38794749999999995
10.854999999999999	 0.38840296874999997
10.864999999999998	 0.38742062499999996
10.874999999999998	 0.39038421874999996
10.885	 0.38825265624999994
10.895000000000001	 0.390481875
10.905000000000003	 0.39102546874999994
10.915000000000003	 0.39011
10.925000000000002	 0.39300453125000007
10.935000000000002	 0.39085640625
10.945	 0.39297593750000004
10.955	 0.39356
10.965	 0.39267312500000007
10.975	 0.39559125000000006
10.985	 0.39348828125
10.994999999999997	 0.3958510937500001
11.004999999999999	 0.39630875
11.014999999999999	 0.3954146875
11.025	 0.3982925
11.035000000000002	 0.3960465624999999
11.045000000000002	 0.39834734375
11.055000000000001	 0.39883859374999997
11.065	 0.39794218749999993
11.075	 0.40089140624999997
11.084999999999999	 0.39872906250000006
11.094999999999999	 0.4009534375
11.104999999999999	 0.40123953125
11.114999999999998	 0.40031921875
11.124999999999998	 0.40320406249999996
11.135	 0.40097484375
11.145	 0.40322078124999994
11.155000000000001	 0.40365
11.165000000000003	 0.4029014062499999
11.175000000000002	 0.40582921875000005
11.185000000000002	 0.403664375
11.195	 0.40596750000000004
11.205	 0.40615828125
11.215	 0.40515453124999995
11.224999999999998	 0.40821109375
11.234999999999998	 0.40606046875
11.244999999999997	 0.408501875
11.254999999999999	 0.40871890625
11.264999999999999	 0.40800593749999997
11.275	 0.41091234375
11.285000000000002	 0.4086521875
11.295000000000002	 0.41092671875000003
11.305000000000003	 0.41132250000000004
11.315000000000001	 0.41064312500000005
11.325	 0.41359718749999996
11.334999999999999	 0.41140609375
11.344999999999999	 0.41386671875
11.354999999999997	 0.4142434375
11.364999999999997	 0.41358546874999996
11.374999999999998	 0.41639890625
11.385	 0.41424593749999994
11.395	 0.41668734374999994
11.405	 0.41698546875
11.415000000000001	 0.41637265625
11.425000000000002	 0.41925046874999994
11.435000000000004	 0.4170403124999999
11.445000000000002	 0.4193529687499999
11.455	 0.4194768749999999
11.465	 0.41874484374999993
11.474999999999998	 0.4214389062499999
11.484999999999998	 0.4192143749999999
11.494999999999997	 0.42165578124999986
11.504999999999999	 0.42189187499999986
11.514999999999999	 0.42125765624999983
11.524999999999999	 0.42414734374999985
11.535	 0.42192765624999984
11.545000000000002	 0.4243214062499998
11.555000000000003	 0.4245621874999998
11.565000000000003	 0.42383734374999976
11.575000000000001	 0.4265242187499999
11.584999999999999	 0.4243735937499999
11.594999999999999	 0.4267578124999999
11.604999999999997	 0.42693421874999987
11.614999999999997	 0.4262285937499999
11.624999999999998	 0.4290729687499999
11.635	 0.42679359375
11.645	 0.42926843749999993
11.655	 0.42944734374999993
11.665000000000001	 0.42874874999999996
11.675000000000002	 0.43146906249999994
11.685000000000004	 0.42929703125
11.695000000000004	 0.431743125
11.705000000000002	 0.43194812500000007
11.715	 0.43127093750000006
11.724999999999998	 0.43401265625
11.734999999999998	 0.43176671874999994
11.744999999999997	 0.43418187499999994
11.754999999999997	 0.43442984375000004
11.764999999999999	 0.43378374999999997
11.774999999999999	 0.43646124999999997
11.785	 0.43422250000000007
11.795	 0.43667109375000007
11.805000000000001	 0.4367234375000001
11.815000000000003	 0.43613687500000003
11.825000000000001	 0.43890500000000005
11.835	 0.43663515625000004
11.844999999999999	 0.43916703125000006
11.854999999999997	 0.43934343750000004
11.864999999999997	 0.43853515625000006
11.874999999999998	 0.44159656250000007
11.884999999999998	 0.43934343750000004
11.895	 0.44179921875000006
11.905	 0.44178500000000015
11.915000000000001	 0.4413415625000002
11.925	 0.4440785937500001
11.935000000000002	 0.44187078125000007
11.945000000000004	 0.4443789062500001
11.955000000000004	 0.4443501562500001
11.965000000000002	 0.4438400000000001
11.975	 0.4466414062500001
11.984999999999998	 0.44439062500000004
11.994999999999997	 0.4468725
12.004999999999997	 0.4468462500000001
12.014999999999999	 0.44634546875000003
12.025	 0.44899437500000006
12.035	 0.44674359375000006
12.045	 0.4492754687500002
12.055	 0.44920625000000014
12.065000000000001	 0.44868640625000006
12.075000000000003	 0.45147828125000006
12.085	 0.44920375
12.095	 0.4516856250000001
12.104999999999999	 0.45169046875000013
12.114999999999997	 0.4513446875
12.124999999999998	 0.45398640625000003
12.134999999999998	 0.4517618750000001
12.145	 0.4543225
12.155	 0.4542771874999999
12.165000000000001	 0.4538885937499999
12.175	 0.45649218749999987
12.185	 0.4542320312499999
12.195000000000002	 0.45669734374999993
12.205000000000004	 0.45671874999999984
12.215000000000002	 0.4564231249999999
12.225	 0.45921749999999983
12.235	 0.45698593749999983
12.244999999999997	 0.4595918749999998
12.254999999999997	 0.4595823437499998
12.264999999999999	 0.45923906249999974
12.275	 0.46198562499999973
12.285	 0.45971109374999974
12.295	 0.4622192187499997
12.305	 0.4622764062499997
12.315000000000001	 0.46207374999999967
12.325000000000001	 0.4648060937499997
12.335	 0.4625649999999998
12.345	 0.4651565624999997
12.354999999999999	 0.46513281249999977
12.364999999999997	 0.46483718749999975
12.374999999999998	 0.46746703124999983
12.384999999999998	 0.46521874999999985
12.395	 0.46777703124999986
12.405	 0.46765078124999987
12.415000000000001	 0.4673860937499999
12.425	 0.46998718749999996
12.435	 0.46774359374999996
12.445	 0.47025187499999993
12.455000000000002	 0.47003015625
12.465000000000002	 0.46965578125
12.475000000000001	 0.4722475
12.485	 0.47001359375000007
12.494999999999997	 0.47255031250000007
12.504999999999997	 0.4723859375000001
12.514999999999999	 0.4717707812500001
12.524999999999999	 0.47471046875000006
12.535	 0.4724740625
12.545	 0.47503937500000004
12.555	 0.47482
12.565000000000001	 0.4745529687500001
12.575000000000001	 0.47714453125000006
12.585000000000003	 0.47488671875000005
12.595	 0.4774665625000001
12.605	 0.4771184375000001
12.614999999999998	 0.4769396875000001
12.624999999999998	 0.47947406250000013
12.634999999999998	 0.4772401562500001
12.645	 0.47979125000000006
12.655	 0.47956250000000006
12.665	 0.47948609375000006
12.675	 0.4820539062500001
12.685	 0.4798009375000001
12.695	 0.48245218750000013
12.705000000000002	 0.4823259375000001
12.715000000000002	 0.48208750000000006
12.725000000000001	 0.4847101562500001
12.735000000000001	 0.48248109375000003
12.745	 0.48505359375000007
12.754999999999999	 0.48474140625000006
12.764999999999999	 0.48462687500000007
12.774999999999999	 0.4872804687500001
12.785	 0.48504406250000004
12.795	 0.48756890625000004
12.805	 0.48708484374999994
12.815000000000001	 0.48703953124999994
12.825000000000001	 0.48957390624999997
12.835	 0.48732546875
12.845	 0.48998625000000007
12.855	 0.4897382812500001
12.864999999999998	 0.4894521875000001
12.874999999999998	 0.492108125
12.884999999999998	 0.48989562500000006
12.895	 0.49252531250000003
12.905	 0.49220109375000004
12.915	 0.4921225000000001
12.925	 0.4947498437500001
12.935	 0.4925396875000001
12.945	 0.49515750000000003
12.955000000000002	 0.4946854687500001
12.965	 0.4945065625000001
12.975	 0.49711718750000006
12.985000000000001	 0.4949285937500001
12.995	 0.4975368750000001
13.004999999999999	 0.4973009375000001
13.014999999999999	 0.4972079687500001
13.024999999999999	 0.49976625000000013
13.035	 0.4975703125000001
13.045	 0.5003287500000001
13.055	 0.4999378125000001
13.065000000000001	 0.4999259375000001
13.075000000000001	 0.5025676562500001
13.085	 0.50035265625
13.095	 0.5030729687500001
13.105	 0.5026604687500001
13.114999999999998	 0.5028559375000001
13.124999999999998	 0.5054881250000001
13.135	 0.503354375
13.145	 0.5061390625
13.155	 0.5059696875
13.165	 0.5057003124999999
13.175	 0.508523125
13.185	 0.5063392187500001
13.195	 0.5089904687500001
13.205	 0.5087306250000001
13.215000000000002	 0.5087687500000001
13.225000000000001	 0.5113435937500002
13.235000000000001	 0.5091857812500001
13.245	 0.5120085937500001
13.255	 0.5116557812500001
13.265	 0.5118370312500001
13.275	 0.5144715625000001
13.284999999999998	 0.5123234375000001
13.295	 0.51514859375
13.305	 0.5147504687500001
13.315	 0.5148482812500002
13.325000000000001	 0.51749
13.335	 0.5154157812500001
13.344999999999999	 0.5181050000000001
13.354999999999999	 0.51775703125
13.364999999999998	 0.5179715625000001
13.375	 0.5206179687500001
13.385	 0.5186056250000001
13.395	 0.5215214062500001
13.405	 0.5211209375000001
13.415	 0.5211615625000001
13.424999999999999	 0.5237865625000001
13.435	 0.5217576562500001
13.445	 0.5247259375000002
13.455	 0.5243610937500002
13.465000000000002	 0.5247306250000002
13.475	 0.5274320312500002
13.485	 0.5254340625000001
13.495	 0.5283189062500001
13.505	 0.5280160937500001
13.515	 0.5283046875
13.525	 0.53103453125
13.534999999999998	 0.5290628125
13.545	 0.5319618749999999
13.555	 0.5316256249999999
13.565	 0.5318689062499999
13.575000000000001	 0.5346703124999999
13.585	 0.5327390624999999
13.594999999999999	 0.5358695312499997
13.604999999999999	 0.5355429687499998
13.614999999999998	 0.5360556249999998
13.625	 0.53889515625
13.635000000000002	 0.5371546874999998
13.645000000000001	 0.5402182812499998
13.655000000000001	 0.5401634374999998
13.665	 0.54073328125
13.674999999999999	 0.5435871875
13.685	 0.54184671875
13.695	 0.5451678125
13.705	 0.5450104687499999
13.715	 0.5457304687499999
13.725	 0.5487679687499999
13.735	 0.5471134374999999
13.745	 0.5505539062499998
13.755	 0.5503512499999998
13.765	 0.5509973437499999
13.775	 0.5539918749999999
13.785	 0.5524921874999998
13.795	 0.5557871874999998
13.805	 0.5557967187499998
13.814999999999998	 0.5563832812499998
13.825000000000001	 0.5598212499999998
13.835	 0.5585551562499999
13.844999999999999	 0.5620932812499999
13.854999999999999	 0.5623342187499999
13.864999999999998	 0.5636265624999999
13.875	 0.5671314062499998
13.885	 0.5660442187499998
13.895000000000001	 0.5698517187499997
13.905	 0.5703070312499997
13.915	 0.5717279687499996
13.925	 0.5754878124999995
13.935	 0.5748465624999997
13.945	 0.5791524999999996
13.955	 0.5801014062499996
13.965	 0.5822018749999996
13.975	 0.5865601562499997
13.985	 0.5865364062499997
13.994999999999997	 0.5915264062499997
14.004999999999999	 0.5931023437499997
14.015	 0.5959753124999998
14.025000000000002	 0.6011156249999998
14.035	 0.6020001562499999
14.045	 0.6081274999999999
14.055	 0.6108907812500001
14.064999999999998	 0.6150368750000001
14.075	 0.6214621875000002
14.085	 0.6238679687500002
14.094999999999999	 0.6314520312500003
14.104999999999999	 0.6357364062500004
14.114999999999997	 0.6415656250000004
14.124999999999998	 0.6499770312500004
14.135	 0.6544617187500005
14.145000000000001	 0.6644395312500004
14.155000000000001	 0.6712557812500004
14.165000000000001	 0.6797410937500005
14.175	 0.6910421875000003
14.185	 0.6983807812500004
14.195	 0.7111957812500004
14.205	 0.7211615625000004
14.215	 0.7326867187500005
14.225	 0.7468917187500004
14.235	 0.7572128125000003
14.244999999999997	 0.7731320312500003
14.254999999999999	 0.7855535937500003
14.265	 0.7996893750000004
14.275000000000002	 0.8162618750000004
14.285	 0.8287478125000004
14.295	 0.8464646875000003
14.305	 0.8607626562500004
14.314999999999998	 0.8765389062500003
14.325	 0.8943106250000002
14.335	 0.9079123437500003
14.344999999999999	 0.9266257812500003
14.354999999999999	 0.9414815625000003
14.364999999999997	 0.9577296875000002
14.374999999999998	 0.9758493750000004
14.385	 0.9894415625000003
14.395000000000001	 1.0078617187500003
14.405000000000001	 1.02246953125
14.415000000000001	 1.0381693750000003
14.425	 1.0555334375
14.435	 1.0682959375
14.445	 1.08576015625
14.455	 1.0992975
14.465	 1.11364796875
14.475	 1.1298532812500002
14.485	 1.141256875
14.495	 1.15733578125
14.504999999999999	 1.1691851562500002
14.515	 1.18219796875
14.525000000000002	 1.1965317187500002
14.535000000000002	 1.2064475000000003
14.545000000000002	 1.2209385937500004
14.555000000000001	 1.2312812500000003
14.565	 1.24262515625
14.574999999999998	 1.255235
14.584999999999999	 1.2633626562500002
14.594999999999999	 1.2761967187500003
14.604999999999999	 1.2846509375000001
14.614999999999998	 1.2943021875
14.624999999999998	 1.3052623437500002
14.635	 1.3117043750000001
14.645000000000001	 1.3226835937499999
14.655000000000001	 1.3292757812499998
14.665000000000001	 1.336948125
14.675	 1.3458721875
14.685	 1.3503806250000001
14.695	 1.3593879687500001
14.705	 1.3638606249999998
14.715	 1.3695017187499998
14.725	 1.3761345312499995
14.735	 1.3781945312499997
14.745	 1.3848392187499998
14.754999999999999	 1.3871042187499998
14.765	 1.3902632812499998
14.775	 1.3942592187499998
14.785000000000002	 1.3936226562499998
14.795000000000002	 1.3973968749999999
14.805000000000001	 1.3966578124999995
14.815000000000001	 1.3967031249999997
14.824999999999998	 1.3979595312499995
14.834999999999999	 1.3945001562499992
14.844999999999999	 1.3953656249999995
14.854999999999999	 1.3918298437499996
14.864999999999998	 1.38950765625
14.874999999999998	 1.3883489062499996
14.884999999999998	 1.3825553124999999
14.895000000000001	 1.3814418749999995
14.905000000000001	 1.3760726562499994
14.915000000000003	 1.3721720312499999
14.925000000000002	 1.3696615624999997
14.935	 1.3629976562499997
14.945	 1.3613001562499996
14.955	 1.3555565625
14.965	 1.35170140625
14.974999999999998	 1.3492409375
14.985	 1.34284421875
14.995	 1.34155203125
15.004999999999999	 1.3362568750000003
15.014999999999999	 1.332990625
15.025	 1.331319375
15.035000000000002	 1.3261767187500002
15.045000000000002	 1.3259860937500003
15.055000000000001	 1.3219757812500001
15.065000000000001	 1.3200803125000002
15.074999999999998	 1.3198157812500002
15.084999999999999	 1.3157984375000003
15.094999999999999	 1.3169142187500003
15.104999999999999	 1.3140628125
15.114999999999998	 1.3131949999999997
15.124999999999998	 1.31443
15.134999999999998	 1.3114759375
15.145000000000001	 1.3136335937499999
15.155000000000001	 1.311764375
15.165000000000003	 1.3121457812499997
15.175000000000002	 1.3138339062499997
15.185	 1.3118837499999998
15.195	 1.3148829687499999
15.205	 1.3140414062499994
15.215	 1.3154123437499998
15.224999999999998	 1.3180157812499997
15.235	 1.3168403124999997
15.245	 1.3207242187499995
15.254999999999999	 1.3205334374999995
15.264999999999999	 1.3224740624999998
15.275	 1.3257667187499995
15.285000000000002	 1.3253946874999998
15.295000000000002	 1.3300081250000002
15.305000000000003	 1.3305684375
15.315000000000001	 1.3334700000000002
15.325	 1.3373873437500001
15.334999999999999	 1.33764734375
15.344999999999999	 1.34294984375
15.354999999999999	 1.34414421875
15.364999999999998	 1.3475964062499999
15.374999999999998	 1.3522240624999997
15.384999999999998	 1.3531348437499997
15.395	 1.3586924999999996
15.405000000000001	 1.3601468749999996
15.415000000000003	 1.3637684374999994
15.425000000000002	 1.3682721874999997
15.435000000000002	 1.3688634374999997
15.445	 1.3743637499999997
15.455	 1.3756989062499998
15.465	 1.3788985937499998
15.474999999999998	 1.3830923437499993
15.485	 1.3833714062499998
15.495	 1.3882876562499995
15.504999999999999	 1.3887526562499997
15.514999999999999	 1.3910320312499995
15.525	 1.3940217187499997
15.535000000000002	 1.3931634374999997
15.545000000000002	 1.3967756249999994
15.555000000000003	 1.3957934374999994
15.565000000000001	 1.39671140625
15.575	 1.3980299999999999
15.584999999999999	 1.3954001562499998
15.594999999999999	 1.3972693749999996
15.604999999999999	 1.3944821874999995
15.614999999999998	 1.3935023437499994
15.624999999999998	 1.3931709374999999
15.634999999999998	 1.3889104687499998
15.645	 1.3890796875
15.655000000000001	 1.38471421875
15.665000000000003	 1.38246109375
15.675000000000002	 1.3804726562499998
15.685000000000002	 1.3748196874999998
15.695000000000002	 1.37377078125
15.705	 1.36810359375
15.715	 1.3646059375
15.724999999999998	 1.3618640625000002
15.734999999999998	 1.3555078125
15.744999999999997	 1.3537339062500002
15.754999999999999	 1.3475112500000004
15.764999999999999	 1.3431434375000002
15.775	 1.34025390625
15.785	 1.33347328125
15.795000000000002	 1.331444375
15.805000000000003	 1.3250525
15.815000000000003	 1.3209039062499999
15.825000000000001	 1.31736328125
15.834999999999999	 1.3106756250000002
15.844999999999999	 1.3085131250000002
15.854999999999999	 1.3019209375000003
15.864999999999997	 1.2977439062500002
15.874999999999998	 1.2941748437500005
15.884999999999998	 1.287236875
15.895	 1.2849028125
15.905	 1.27828203125
15.915000000000001	 1.2738998437500002
15.925000000000002	 1.2702806250000003
15.935000000000002	 1.2633378125000003
15.945000000000002	 1.2610037500000002
15.955	 1.25413484375
15.965	 1.2497979687499998
15.974999999999998	 1.2461215625
15.984999999999998	 1.2391478125
15.994999999999997	 1.2367970312499996
16.005	 1.23001890625
16.014999999999997	 1.22581078125
16.025	 1.2220200000000003
16.035	 1.2152059375
16.045	 1.2129718749999996
16.055000000000003	 1.2065012499999999
16.065000000000005	 1.2026221875000003
16.075000000000003	 1.1993964062500002
16.085	 1.1927229687499998
16.095	 1.1907010937500002
16.105	 1.18434953125
16.115	 1.1805729687499997
16.124999999999996	 1.1773375
16.134999999999998	 1.1710075000000002
16.145	 1.1691764062500003
16.154999999999998	 1.1629821875000004
16.165	 1.1597301562500002
16.175	 1.1568118750000003
16.185000000000002	 1.1508012500000004
16.195000000000004	 1.1493778125000005
16.205000000000002	 1.1435889062500004
16.215	 1.1406634375000004
16.224999999999998	 1.1380909375000006
16.235	 1.1325978125000002
16.244999999999997	 1.1317442187500002
16.254999999999995	 1.1266659375000005
16.264999999999997	 1.1241839062500005
16.274999999999995	 1.1222264062500007
16.284999999999997	 1.1174342187500006
16.294999999999998	 1.1172959375000007
16.305	 1.1128184375000008
16.315	 1.1110446875000008
16.325000000000003	 1.1098240625000004
16.335000000000004	 1.1056612500000003
16.345000000000002	 1.1060570312500002
16.355	 1.1020229687500003
16.365	 1.1007665625
16.375	 1.0996628124999999
16.384999999999998	 1.0958218749999997
16.395	 1.0965465624999995
16.404999999999998	 1.0929773437499997
16.415	 1.09179234375
16.425	 1.09154671875
16.435000000000002	 1.08814453125
16.445000000000004	 1.0893460937500004
16.455000000000002	 1.0861728125000003
16.465	 1.0859631250000001
16.474999999999998	 1.0857367187500002
16.485	 1.08271125
16.494999999999997	 1.0844110937500002
16.504999999999995	 1.0817479687499998
16.514999999999997	 1.08201734375
16.524999999999995	 1.0824464062499997
16.534999999999997	 1.0801885937499998
16.544999999999995	 1.0825393749999996
16.554999999999996	 1.0805629687499996
16.565	 1.0814714062499997
16.575000000000003	 1.0824537499999998
16.585000000000004	 1.0805917187499998
16.595000000000002	 1.08326921875
16.605000000000004	 1.0813928125
16.615000000000002	 1.0823940624999997
16.625	 1.0834859374999999
16.635	 1.0817956249999998
16.645	 1.0844873437499998
16.654999999999998	 1.0825371874999998
16.665	 1.083750625
16.675	 1.0845803124999998
16.685000000000002	 1.0827684374999997
16.695	 1.0854792187499998
16.705000000000002	 1.0835860937499997
16.715	 1.0847162499999998
16.725	 1.0858417187499998
16.735	 1.0842824999999996
16.744999999999997	 1.0870959374999996
16.754999999999995	 1.0853292187499999
16.764999999999997	 1.0866071874999996
16.774999999999995	 1.0876871874999998
16.784999999999997	 1.0862709374999997
16.794999999999995	 1.0893442187499998
16.804999999999993	 1.0877134374999997
16.814999999999998	 1.0891654687499999
16.825000000000003	 1.09063421875
16.835000000000004	 1.08947796875
16.845000000000006	 1.09283015625
16.855000000000004	 1.09165953125
16.865000000000002	 1.09361453125
16.875000000000004	 1.09540984375
16.885	 1.0946040625
16.895	 1.0984401562500001
16.904999999999998	 1.09784890625
16.915	 1.10036421875
16.925	 1.10281515625
16.935000000000002	 1.1028509374999997
16.945	 1.10743578125
16.955000000000002	 1.1077314062499999
16.965	 1.1113792187500002
16.975	 1.1146717187500002
16.985	 1.11573265625
16.994999999999997	 1.1215929687500001
17.004999999999995	 1.1230067187500001
17.014999999999997	 1.1279443750000002
17.024999999999995	 1.1326912500000001
17.034999999999993	 1.1351612500000001
17.044999999999995	 1.1423376562499998
17.054999999999993	 1.1451485937499999
17.064999999999998	 1.151256875
17.075000000000003	 1.1575271875
17.085000000000004	 1.1613084375
17.095000000000006	 1.1696078125
17.105000000000008	 1.17338671875
17.115000000000006	 1.1806965624999999
17.125000000000004	 1.18770125
17.135000000000005	 1.19220734375
17.145000000000003	 1.2012123437500002
17.155	 1.20570890625
17.165	 1.21363640625
17.175	 1.22115375
17.185000000000002	 1.2261771875
17.195	 1.2356209374999998
17.205000000000002	 1.2403392187499995
17.215	 1.2485240624999996
17.225	 1.2564442187499996
17.235	 1.2619278124999997
17.244999999999997	 1.2718198437499997
17.254999999999995	 1.2771532812499997
17.264999999999997	 1.2857531249999994
17.274999999999995	 1.2939523437499996
17.284999999999993	 1.2999318749999993
17.29499999999999	 1.3103649999999993
17.304999999999993	 1.3158820312499993
17.314999999999994	 1.3252374999999994
17.325	 1.3337442187499995
17.335000000000004	 1.3399431249999996
17.345000000000006	 1.3504526562499997
17.355000000000008	 1.3562009375
17.365000000000006	 1.36530375
17.375000000000004	 1.3738843749999998
17.385000000000005	 1.3800403124999998
17.395000000000003	 1.3906260937500001
17.405000000000005	 1.39633140625
17.415	 1.40527921875
17.425	 1.4134475000000002
17.435	 1.4191934375000004
17.445	 1.4292356250000002
17.455000000000002	 1.4343996875000005
17.465	 1.4427204687500004
17.474999999999998	 1.4502543750000003
17.485	 1.4552515625000007
17.494999999999997	 1.4643114062500004
17.504999999999995	 1.4684528125000005
17.514999999999997	 1.47575546875
17.524999999999995	 1.48205453125
17.534999999999993	 1.48567375
17.54499999999999	 1.4934009375000001
17.55499999999999	 1.4960521874999997
17.564999999999994	 1.5019101562500001
17.575	 1.5064759375
17.585	 1.5083951562500002
17.595000000000006	 1.51427453125
17.605000000000008	 1.5148490625
17.615000000000006	 1.5188331250000002
17.625000000000007	 1.5217203125
17.635000000000005	 1.5217609374999996
17.645000000000003	 1.5257617187499999
17.655000000000005	 1.5246267187499998
17.665	 1.5268631249999998
17.675	 1.527869375
17.685	 1.52618375
17.695	 1.52859171875
17.705000000000002	 1.52560671875
17.715	 1.5259524999999996
17.724999999999998	 1.5256068749999996
17.735	 1.5226671874999993
17.744999999999997	 1.5237543749999998
17.754999999999995	 1.5196989062499997
17.764999999999997	 1.5192673437499997
17.774999999999995	 1.5177415624999997
17.784999999999993	 1.5139579687499995
17.79499999999999	 1.5143823437499995
17.80499999999999	 1.5097235937499993
17.81499999999999	 1.5087126562499993
17.824999999999996	 1.5068387499999993
17.835	 1.5027284374999994
17.845000000000002	 1.5029429687499993
17.855000000000008	 1.4982581249999996
17.86500000000001	 1.4973640624999995
17.875000000000007	 1.4954495312499996
17.885000000000005	 1.4914821874999997
17.895000000000007	 1.4918684374999995
17.905000000000005	 1.4874051562499997
17.915000000000003	 1.4868448437499997
17.925	 1.4851973437499997
17.935	 1.4815471874999997
17.945	 1.4822553124999998
17.955000000000002	 1.4779353124999997
17.965	 1.4777732812499995
17.975	 1.4763951562499997
17.985	 1.4732098437499999
17.994999999999997	 1.47429453125
18.004999999999995	 1.4706442187500002
18.014999999999997	 1.4708206250000004
18.024999999999995	 1.4701554687500002
18.034999999999993	 1.4672921875
18.04499999999999	 1.46883484375
18.05499999999999	 1.4655590625000003
18.06499999999999	 1.4662409375000003
18.074999999999992	 1.4658784375000002
18.084999999999997	 1.4636945312500003
18.095000000000002	 1.4657140625000005
18.105000000000004	 1.4628506250000004
18.115000000000006	 1.4641167187500004
18.125000000000007	 1.4642526562500002
18.13500000000001	 1.46255515625
18.145000000000007	 1.4652254687500004
18.15500000000001	 1.4630296875000002
18.165000000000003	 1.4650060937500002
18.175000000000004	 1.4658787500000001
18.185000000000002	 1.46506328125
18.195	 1.4683845312500001
18.205000000000002	 1.46678
18.215	 1.46936203125
18.225	 1.47090453125
18.235	 1.4708329687500001
18.244999999999997	 1.4750362500000003
18.254999999999995	 1.47436625
18.264999999999997	 1.477775625
18.274999999999995	 1.48016921875
18.284999999999993	 1.48099171875
18.29499999999999	 1.48580546875
18.30499999999999	 1.4856243750000002
18.31499999999999	 1.489739375
18.324999999999992	 1.4924168750000002
18.334999999999997	 1.4936162500000005
18.345	 1.4988067187500005
18.355000000000004	 1.4990665625000004
18.365000000000006	 1.5033200000000004
18.375000000000007	 1.5066243750000003
18.38500000000001	 1.5079332812500006
18.39500000000001	 1.5133264062500007
18.40500000000001	 1.5137793750000006
18.415000000000006	 1.5184070312500006
18.425000000000004	 1.5215398437500007
18.435000000000002	 1.5229370312500008
18.445	 1.5283014062500007
18.455000000000002	 1.5285851562500004
18.465	 1.5329792187500004
18.475	 1.5357257812500005
18.485	 1.5370132812500004
18.494999999999997	 1.5418912500000004
18.504999999999995	 1.5417339062500002
18.514999999999993	 1.5458014062500003
18.524999999999995	 1.5482595312500003
18.534999999999993	 1.5489223437500002
18.54499999999999	 1.5534285937500003
18.55499999999999	 1.55272046875
18.56499999999999	 1.5562299999999998
18.574999999999992	 1.557915625
18.584999999999994	 1.55804921875
18.595	 1.56201640625
18.605000000000004	 1.5608360937499999
18.615000000000006	 1.5638782812499998
18.625000000000007	 1.5652396874999999
18.63500000000001	 1.56491078125
18.64500000000001	 1.5684275
18.65500000000001	 1.5667300000000002
18.66500000000001	 1.56920234375
18.675000000000008	 1.5701225
18.685000000000006	 1.5693714062500002
18.695000000000004	 1.5726806250000003
18.705000000000002	 1.5708734375000002
18.715	 1.5733243749999999
18.725	 1.5740134375000001
18.735	 1.573248125
18.744999999999997	 1.5765359375
18.754999999999995	 1.5746000000000002
18.764999999999993	 1.5771678125000006
18.774999999999995	 1.5780834375000006
18.784999999999993	 1.5775350000000004
18.79499999999999	 1.5807345312500005
18.80499999999999	 1.5790393750000005
18.81499999999999	 1.5817334375000003
18.824999999999992	 1.5825821875000003
18.834999999999994	 1.5819168750000006
18.845	 1.5854406250000004
18.855	 1.5840006250000007
18.865000000000002	 1.5869570312500008
18.875000000000007	 1.5879298437500007
18.88500000000001	 1.5877153125
18.89500000000001	 1.5913989062500005
18.905000000000012	 1.5899732812500003
18.91500000000001	 1.5930012500000004
18.925000000000008	 1.5940598437500004
18.935000000000006	 1.5940121875000006
18.945000000000004	 1.5976718750000003
18.955000000000002	 1.5963534375000004
18.965	 1.5997937500000003
18.975	 1.6010645312500003
18.985	 1.60142921875
18.994999999999997	 1.6053893750000001
19.004999999999995	 1.6042735937500001
19.014999999999993	 1.60752328125
19.02499999999999	 1.6094043749999996
19.034999999999993	 1.6099287499999997
19.04499999999999	 1.6139223437499997
19.05499999999999	 1.6130210937499996
19.06499999999999	 1.6167212499999997
19.074999999999992	 1.6184807812499997
19.084999999999994	 1.6192414062499998
19.095	 1.6234756249999995
19.105	 1.6226815625
19.115000000000002	 1.6267012499999998
19.125000000000004	 1.6283296874999997
19.135000000000005	 1.6292476562499998
19.145000000000007	 1.6336321875
19.155000000000012	 1.6329859374999998
19.16500000000001	 1.6369628124999998
19.175000000000008	 1.6389321874999998
19.185000000000006	 1.6400312499999996
19.195000000000004	 1.64467796875
19.205000000000002	 1.6442154687499997
19.215	 1.6485881249999996
19.225	 1.6507267187499997
19.235	 1.6519784374999995
19.244999999999997	 1.6569423437499997
19.254999999999995	 1.65674453125
19.264999999999993	 1.6611671875
19.27499999999999	 1.6635156250000003
19.284999999999993	 1.6650271875000004
19.29499999999999	 1.6700817187500003
19.30499999999999	 1.6700410937500003
19.31499999999999	 1.6747046875000002
19.324999999999992	 1.6772129687500001
19.334999999999994	 1.6788818749999999
19.344999999999995	 1.684000625
19.355	 1.6841270312500003
19.365000000000002	 1.68891453125
19.375000000000004	 1.69168734375
19.385000000000005	 1.6935731250000001
19.395000000000007	 1.6990162500000001
19.40500000000001	 1.6992379687500003
19.41500000000001	 1.7042160937500002
19.42500000000001	 1.7068815625000002
19.43500000000001	 1.7089510937500003
19.445000000000007	 1.7144418750000001
19.455000000000005	 1.7148329687500001
19.465000000000003	 1.7199209375000004
19.475	 1.7230632812500004
19.485	 1.7251971875000005
19.494999999999997	 1.7307521875000005
19.504999999999995	 1.73115046875
19.514999999999993	 1.7363551562500001
19.52499999999999	 1.7390564062499998
19.534999999999993	 1.7410376562499998
19.54499999999999	 1.74649984375
19.55499999999999	 1.746869375
19.56499999999999	 1.75197625
19.574999999999992	 1.75470140625
19.584999999999994	 1.7567684375000001
19.594999999999995	 1.7621448437500002
19.605	 1.7624667187500003
19.615	 1.7675687500000001
19.625000000000004	 1.7701246875000003
19.635000000000005	 1.7720987500000003
19.645000000000007	 1.7774798437500001
19.65500000000001	 1.7777420312499999
19.66500000000001	 1.7825485937499999
19.67500000000001	 1.78537625
19.68500000000001	 1.78741234375
19.695000000000007	 1.7926193750000001
19.705000000000005	 1.7927743750000003
19.715000000000003	 1.7976381250000002
19.725	 1.7998815625000004
19.735	 1.8019510937500003
19.744999999999997	 1.80703421875
19.754999999999995	 1.8070581249999997
19.764999999999993	 1.8119432812499998
19.77499999999999	 1.8142940625000001
19.784999999999993	 1.81623
19.79499999999999	 1.82124875
19.80499999999999	 1.8213178125
19.81499999999999	 1.82613390625
19.824999999999992	 1.8284584375000001
19.834999999999994	 1.8303467187499998
19.844999999999995	 1.8354082812499999
19.855	 1.83536046875
19.865	 1.8401024999999998
19.875	 1.84225296875
19.885000000000005	 1.8439385937499997
19.895000000000007	 1.8489381249999999
19.90500000000001	 1.8488045312499999
19.91500000000001	 1.85350140625
19.92500000000001	 1.8555089062499999
19.93500000000001	 1.85731125
19.945000000000007	 1.8621845312500003
19.955000000000005	 1.8619842187500004
19.965000000000003	 1.8666834375000003
19.975	 1.8685717187500004
19.985	 1.8703242187500004
19.994999999999997	 1.8751212500000005
20.005	 1.8748923437500005
20.014999999999997	 1.8794793750000003
20.024999999999995	 1.8813462500000002
20.034999999999993	 1.88269796875
20.04499999999999	 1.8874759375000003
20.05499999999999	 1.8871898437500005
20.06499999999999	 1.8918151562500003
20.074999999999992	 1.8937559375000004
20.084999999999994	 1.8953248437500003
20.094999999999995	 1.9000168750000004
20.104999999999997	 1.8997045312500003
20.115	 1.9042440625
20.125	 1.90597734375
20.135000000000005	 1.9074698437500002
20.145000000000003	 1.9120879687500003
20.155000000000005	 1.9117421875000002
20.165000000000006	 1.9163389062500003
20.175000000000008	 1.9182009375000002
20.18500000000001	 1.91974578125
20.19500000000001	 1.9243043750000002
20.20500000000001	 1.9239253125
20.215000000000007	 1.9284837499999998
20.225000000000005	 1.93037921875
20.235000000000003	 1.9320051562499998
20.245	 1.9366018749999996
20.255	 1.9361965624999995
20.264999999999997	 1.9407360937499996
20.274999999999995	 1.9426101562499996
20.284999999999993	 1.9442528124999996
20.29499999999999	 1.9487565624999996
20.30499999999999	 1.9483749999999995
20.31499999999999	 1.9526142187499995
20.324999999999992	 1.9546835937499993
20.334999999999994	 1.9563978124999994
20.344999999999995	 1.9609420312499994
20.354999999999997	 1.9605867187499995
20.365	 1.9652549999999993
20.375	 1.9669954687499993
20.385	 1.9689004687499994
20.395000000000003	 1.9736092187499994
20.405000000000005	 1.9733159374999993
20.415000000000006	 1.9779245312499996
20.425000000000008	 1.9797270312499995
20.43500000000001	 1.98154375
20.44500000000001	 1.9862668749999997
20.45500000000001	 1.9859210937499998
20.465000000000007	 1.9903437499999996
20.475000000000005	 1.9918959375
20.485000000000003	 1.9936220312499997
20.495	 1.998104375
20.505	 1.99764421875
20.514999999999997	 2.0021242187499997
20.524999999999995	 2.0034689062499997
20.534999999999993	 2.00509265625
20.54499999999999	 2.0095129687499997
20.55499999999999	 2.0090074999999996
20.56499999999999	 2.0133753125
20.574999999999992	 2.0147081249999994
20.584999999999994	 2.0161696874999997
20.594999999999995	 2.0204517187499995
20.604999999999997	 2.01989609375
20.615	 2.02436171875
20.625	 2.0256109374999998
20.635	 2.0271678125
20.645000000000003	 2.03151890625
20.655	 2.03093484375
20.665000000000006	 2.0352979687499997
20.675000000000008	 2.03687390625
20.68500000000001	 2.0384879687499997
20.69500000000001	 2.0427746875
20.70500000000001	 2.0422621875000004
20.715000000000007	 2.04665625
20.725000000000005	 2.0480939062499997
20.735000000000003	 2.0498415625
20.745	 2.0541496875
20.755	 2.0536251562499994
20.764999999999997	 2.05810265625
20.774999999999995	 2.0596071874999997
20.784999999999993	 2.0613595312499995
20.79499999999999	 2.06586328125
20.80499999999999	 2.0653721875
20.81499999999999	 2.06978765625
20.824999999999992	 2.07118484375
20.834999999999994	 2.0728943749999997
20.844999999999995	 2.0771764062499996
20.854999999999997	 2.0767139062499997
20.865	 2.0811937499999993
20.875	 2.0824096874999998
20.885	 2.08417875
20.895000000000003	 2.08855140625
20.905000000000005	 2.0881078124999997
20.915000000000006	 2.0925328125
20.925000000000008	 2.09380359375
20.93500000000001	 2.09570859375
20.94500000000001	 2.100069375
20.95500000000001	 2.0996092187500004
20.965000000000007	 2.1038745312500002
20.97500000000001	 2.1054982812499996
20.985000000000007	 2.10731265625
20.995000000000005	 2.1116709374999996
21.005000000000003	 2.1112179687499997
21.014999999999997	 2.1156548437499993
21.024999999999995	 2.1167253124999994
21.034999999999993	 2.118351249999999
21.04499999999999	 2.122611874999999
21.05499999999999	 2.12213515625
21.06499999999999	 2.1265339062499997
21.074999999999992	 2.12785953125
21.084999999999994	 2.1296046874999996
21.094999999999995	 2.13387953125
21.104999999999997	 2.1334146874999993
21.115	 2.13788984375
21.125	 2.1390701562500003
21.135	 2.140810625
21.145000000000003	 2.145085625
21.155	 2.1446159375
21.165000000000003	 2.14929375
21.175000000000004	 2.1503881249999997
21.185000000000006	 2.15223359375
21.195000000000007	 2.156513125
21.20500000000001	 2.15614125
21.21500000000001	 2.16071421875
21.22500000000001	 2.16211859375
21.235000000000007	 2.1640782812499997
21.245000000000005	 2.1684246875
21.255000000000003	 2.1680026562500005
21.264999999999997	 2.1727281250000003
21.274999999999995	 2.174072812500001
21.284999999999993	 2.1761065625000002
21.29499999999999	 2.1804625000000004
21.30499999999999	 2.1800618750000007
21.31499999999999	 2.1846395312500007
21.324999999999992	 2.1858173437500006
21.334999999999994	 2.1877342187500006
21.344999999999995	 2.1919923437500004
21.354999999999997	 2.1915654687500004
21.365	 2.19602625
21.375	 2.1971420312500003
21.385	 2.1990614062500007
21.395000000000003	 2.2032909375000003
21.405	 2.2027710937500005
21.415000000000003	 2.20718421875
21.425000000000004	 2.208314375
21.435000000000006	 2.2099737500000005
21.445000000000007	 2.2140029687500005
21.45500000000001	 2.2134737500000004
21.46500000000001	 2.2179726562500006
21.47500000000001	 2.219019218750001
21.485000000000007	 2.2210553125000008
21.495000000000005	 2.2250535937500002
21.505000000000003	 2.2245290625000003
21.515	 2.2291496875
21.524999999999995	 2.22994125
21.534999999999993	 2.231960625
21.54499999999999	 2.23601375
21.55499999999999	 2.2354534375
21.56499999999999	 2.2399142187500005
21.574999999999992	 2.2406818750000004
21.584999999999994	 2.2425128125000007
21.594999999999995	 2.2463918750000005
21.604999999999997	 2.2458531250000004
21.615	 2.2500659375000005
21.625	 2.251362968750001
21.635	 2.2533084375000008
21.645000000000003	 2.2571732812500014
21.655	 2.256636875000001
21.665000000000003	 2.2612287500000012
21.675000000000004	 2.2622253125000014
21.685000000000006	 2.2642232812500014
21.695000000000007	 2.268071250000001
21.70500000000001	 2.267592031250001
21.71500000000001	 2.272048125000001
21.72500000000001	 2.27281828125
21.735000000000007	 2.2749592187500003
21.745000000000005	 2.279021875
21.755000000000003	 2.27859984375
21.765	 2.28307015625
21.775	 2.28390703125
21.784999999999993	 2.2860598437500004
21.79499999999999	 2.2902250000000004
21.80499999999999	 2.28981015625
21.81499999999999	 2.2944259375000002
21.824999999999992	 2.2953200000000002
21.834999999999994	 2.29749203125
21.844999999999995	 2.30092515625
21.854999999999997	 2.3009154687500004
21.865	 2.3053046874999996
21.875	 2.3059484374999997
21.885	 2.3084399999999996
21.895000000000003	 2.3120424999999996
21.905	 2.312056875
21.915000000000003	 2.316405625
21.925	 2.3168681249999996
21.935000000000002	 2.3194501562499994
21.945000000000004	 2.3229525
21.955000000000005	 2.32307171875
21.965000000000007	 2.3275253124999997
21.97500000000001	 2.3281714062499996
21.98500000000001	 2.3307653125
21.995000000000005	 2.33427484375
22.005000000000003	 2.33437015625
22.015	 2.3387689062500003
22.025	 2.3393648437500003
22.034999999999997	 2.3421304687499997
22.04499999999999	 2.34561625
22.05499999999999	 2.34577828125
22.06499999999999	 2.3501770312499994
22.074999999999992	 2.350804062499999
22.084999999999994	 2.353522031249999
22.094999999999995	 2.3570099999999985
22.104999999999997	 2.3571840624999987
22.115	 2.361706874999999
22.125	 2.3621860937499988
22.135	 2.364908906249999
22.145000000000003	 2.3683826562499988
22.155	 2.368513749999999
22.165000000000003	 2.373191562499999
22.175	 2.3735706249999993
22.185000000000002	 2.3764103124999996
22.195000000000004	 2.379876875
22.205000000000005	 2.379922187499999
22.215000000000007	 2.3845118749999994
22.22500000000001	 2.385096093749999
22.23500000000001	 2.3879856249999993
22.245000000000005	 2.391373593749999
22.255000000000003	 2.391533281249999
22.265	 2.395722343749999
22.275	 2.396351874999999
22.284999999999997	 2.3994107812499994
22.29499999999999	 2.402848749999999
22.30499999999999	 2.4030562499999997
22.31499999999999	 2.407574375
22.324999999999992	 2.4080893749999994
22.334999999999994	 2.4110696875
22.344999999999995	 2.4143670312499994
22.354999999999993	 2.414629218749999
22.365	 2.4191734374999996
22.375	 2.4195143749999994
22.385	 2.4222560937499993
22.395000000000003	 2.4255939062499996
22.405	 2.42574890625
22.415000000000003	 2.43040515625
22.425	 2.43084390625
22.435000000000002	 2.4335523437499997
22.445000000000004	 2.4367995312499997
22.455000000000005	 2.43702359375
22.465000000000007	 2.4415915625
22.47500000000001	 2.4419754687500004
22.48500000000001	 2.4454254687500008
22.495000000000008	 2.448293750000001
22.505000000000006	 2.448649062500001
22.515000000000004	 2.45343890625
22.525000000000002	 2.45343890625
22.534999999999997	 2.4567076562500003
22.544999999999995	 2.45957578125
22.55499999999999	 2.459888125
22.56499999999999	 2.4647399999999995
22.574999999999992	 2.4646542187499993
22.584999999999994	 2.4681590624999994
22.594999999999995	 2.470896093749999
22.604999999999993	 2.4712799999999993
22.615	 2.4760484374999994
22.625	 2.4760056249999995
22.634999999999998	 2.4795604687499995
22.645000000000003	 2.4822807812499996
22.655	 2.4826432812499992
22.665000000000003	 2.4874593749999994
22.675000000000004	 2.4872639062499995
22.685000000000002	 2.4908926562499993
22.695000000000004	 2.4936464062499994
22.705000000000005	 2.4940421874999994
22.715000000000007	 2.4989059374999996
22.72500000000001	 2.4988940625
22.73500000000001	 2.5025776562499993
22.745000000000008	 2.5053457812499995
22.755000000000006	 2.5058393749999994
22.765000000000004	 2.5106815624999994
22.775000000000002	 2.5107339062499996
22.784999999999997	 2.5143865624999995
22.794999999999995	 2.517159375
22.80499999999999	 2.5177529687499995
22.81499999999999	 2.5225548437499996
22.824999999999992	 2.52238546875
22.834999999999994	 2.5259618749999997
22.844999999999995	 2.5289492187499993
22.854999999999993	 2.5295309374999997
22.864999999999995	 2.5343946875
22.874999999999996	 2.5343875
22.884999999999998	 2.5380996875
22.895000000000003	 2.5409082812499997
22.905	 2.5413946874999995
22.915000000000003	 2.5461439062499998
22.925000000000004	 2.5460221874999998
22.935000000000002	 2.54970109375
22.945	 2.5523665625
22.955000000000002	 2.5530842187499996
22.965000000000003	 2.5579050000000003
22.975000000000005	 2.5578643750000003
22.985000000000007	 2.5615884375000006
22.995000000000008	 2.56409421875
23.005000000000006	 2.56466890625
23.015000000000004	 2.5695660937500007
23.025000000000002	 2.5695184375
23.035	 2.5733856250000002
23.044999999999995	 2.5762871875000006
23.054999999999993	 2.5768593750000006
23.06499999999999	 2.5816873437500005
23.074999999999992	 2.5816443750000007
23.084999999999994	 2.5854281250000004
23.094999999999995	 2.5881126562500003
23.104999999999993	 2.588723125000001
23.114999999999995	 2.5936225000000004
23.124999999999996	 2.5935414062500004
23.134999999999998	 2.5973918750000005
23.145000000000003	 2.6001789062500005
23.155	 2.6009609375000005
23.165000000000003	 2.6059009375000004
23.175000000000004	 2.60587234375
23.185000000000002	 2.60966078125
23.195	 2.6124740624999996
23.205000000000002	 2.6131534374999994
23.215000000000003	 2.6181148437499986
23.225000000000005	 2.6179503124999988
23.235000000000007	 2.621900937499999
23.245000000000008	 2.624604531249999
23.255000000000006	 2.625438906249999
23.265000000000004	 2.630283593749999
23.275000000000002	 2.6300618749999987
23.285	 2.6339696874999987
23.294999999999995	 2.636802031249999
23.304999999999993	 2.6375578124999985
23.31499999999999	 2.642512187499999
23.324999999999992	 2.6423023437499995
23.334999999999994	 2.6463317187499995
23.344999999999995	 2.6490259375
23.354999999999993	 2.6496959374999998
23.364999999999995	 2.65467890625
23.374999999999996	 2.65442140625
23.384999999999998	 2.65836953125
23.395000000000003	 2.660970625
23.405	 2.6617765625
23.415000000000003	 2.6667428125
23.425000000000004	 2.6665090625
23.435000000000002	 2.6703428125
23.445	 2.6727675
23.455000000000002	 2.67363046875
23.465000000000003	 2.67866109375
23.475000000000005	 2.6785751562500004
23.485000000000007	 2.6825018750000007
23.495000000000005	 2.6851531250000007
23.505000000000006	 2.686156875000001
23.515000000000004	 2.6911112500000014
23.525000000000002	 2.690982500000001
23.535	 2.6950595312500014
23.544999999999998	 2.6978131250000015
23.554999999999993	 2.698616562500001
23.564999999999994	 2.7035757812500014
23.574999999999992	 2.703523281250001
23.584999999999994	 2.707669375000001
23.594999999999995	 2.7102323437500004
23.604999999999993	 2.7111693750000003
23.614999999999995	 2.7161762500000006
23.624999999999996	 2.7161548437500005
23.634999999999998	 2.7203678124999997
23.645	 2.72291171875
23.655	 2.724020312499999
23.665000000000003	 2.728938906249999
23.675000000000004	 2.7287004687499987
23.685000000000002	 2.732765468749999
23.695	 2.7354762499999983
23.705000000000002	 2.736332187499998
23.715000000000003	 2.7413270312499987
23.725000000000005	 2.7412435937499984
23.735000000000007	 2.7454921874999987
23.745000000000005	 2.7479812499999987
23.755000000000006	 2.7490614062499987
23.765000000000004	 2.754120624999999
23.775000000000002	 2.753987031249999
23.785	 2.758161718749999
23.794999999999998	 2.760703281249999
23.804999999999993	 2.76164984375
23.814999999999994	 2.7666614062499995
23.824999999999992	 2.76662328125
23.834999999999994	 2.77087421875
23.844999999999995	 2.7735923437500003
23.854999999999993	 2.77472484375
23.864999999999995	 2.779779375
23.874999999999996	 2.77962203125
23.884999999999998	 2.7838659375000003
23.895	 2.78630265625
23.905	 2.78740890625
23.915000000000003	 2.7925301562500002
23.925000000000004	 2.7925276562500003
23.935000000000002	 2.7967023437500003
23.945	 2.7992987500000006
23.955000000000002	 2.8005360937500003
23.965	 2.8055762500000005
23.975	 2.8053973437500006
23.985000000000003	 2.8097984375000005
23.995000000000005	 2.8124806250000005
24.005000000000006	 2.8136821875000004
24.015000000000004	 2.81879390625
24.025000000000006	 2.81868421875
24.035000000000004	 2.8231117187499994
24.044999999999998	 2.8255364062500004
24.054999999999996	 2.8268454687500006
24.064999999999994	 2.8318690624999996
24.074999999999992	 2.8319310937499997
24.084999999999994	 2.83635625
24.094999999999995	 2.83885734375
24.104999999999993	 2.83997796875
24.114999999999995	 2.8450587499999997
24.124999999999996	 2.8449325
24.134999999999998	 2.8492620312500003
24.145	 2.8516246875
24.155	 2.85269046875
24.165000000000003	 2.8576328125000003
24.175000000000004	 2.85744671875
24.185000000000002	 2.861797968750001
24.195	 2.8642846875000005
24.205000000000002	 2.86548390625
24.215	 2.8704025000000004
24.225	 2.870331093750001
24.235000000000003	 2.874767968750001
24.245000000000005	 2.8773070312500004
24.255000000000006	 2.878482343750001
24.265000000000004	 2.883415312500001
24.275000000000006	 2.883379531250001
24.285000000000004	 2.887902343750001
24.294999999999998	 2.890238906250001
24.304999999999996	 2.891731406250001
24.314999999999994	 2.8967739062500004
24.324999999999992	 2.896628437500001
24.334999999999994	 2.901094062500001
24.344999999999995	 2.9035831250000004
24.354999999999993	 2.904985000000001
24.364999999999995	 2.9101371875
24.374999999999996	 2.9099656250000003
24.384999999999998	 2.9145575000000004
24.395	 2.9168915625000005
24.405	 2.91824109375
24.415000000000003	 2.92333140625
24.425000000000004	 2.92315984375
24.435000000000002	 2.92760390625
24.445	 2.9300881249999993
24.455000000000002	 2.93139703125
24.465	 2.93640140625
24.475	 2.9362274999999993
24.485000000000003	 2.9405785937499997
24.495	 2.9428484374999995
24.505000000000003	 2.9441620312499994
24.515000000000004	 2.9491854687499997
24.525000000000006	 2.9490328125
24.535000000000004	 2.953631875
24.545	 2.955985
24.554999999999996	 2.9572390625
24.564999999999998	 2.96226734375
24.574999999999996	 2.96211234375
24.584999999999994	 2.9666137499999996
24.594999999999995	 2.9687620312499994
24.604999999999993	 2.9702378124999997
24.614999999999995	 2.9752256249999998
24.624999999999996	 2.9750206249999995
24.634999999999998	 2.9795385937499996
24.645	 2.98177265625
24.654999999999998	 2.98317453125
24.665000000000003	 2.9880764062500003
24.675000000000004	 2.9878784375
