Time - Voltage	Amplitude - Voltage
0	-3.8379
0.001	-3.8989
0.002	-3.9478
0.003	-3.9697
0.004	-3.9722
0.005	-3.9624
0.006	-3.9502
0.007	-3.9526
0.008	-3.9673
0.009	-3.9844
0.01	-3.9966
0.011	-3.999
0.012	-3.9868
0.013	-3.9648
0.014	-3.938
0.015	-3.9404
0.016	-3.9648
0.017	-3.9941
0.018	-4.0039
0.019	-3.9941
0.02	-3.9893
0.021	-3.9966
0.022	-4.0039
0.023	-4.0039
0.024	-4.0015
0.025	-4.0063
0.026	-3.999
0.027	-3.9697
0.028	-3.9282
0.029	-3.9062
0.03	-3.9209
0.031	-3.9624
0.032	-3.9868
0.033	-3.9893
0.034	-3.9624
0.035	-3.9014
0.036	-3.8452
0.037	-3.8452
0.038	-3.9087
0.039	-3.96
0.04	-3.9819
0.041	-3.9746
0.042	-3.9429
0.043	-3.8794
0.044	-3.7988
0.045	-3.7598
0.046	-3.7988
0.047	-3.8672
0.048	-3.916
0.049	-3.9355
0.05	-3.916
0.051	-3.8501
0.052	-3.7378
0.053	-3.6255
0.054	-3.5767
0.055	-3.606
0.056	-3.6475
0.057	-3.645
0.058	-3.5815
0.059	-3.4937
0.06	-3.4229
0.061	-3.4155
0.062	-3.4937
0.063	-3.6011
0.064	-3.6548
0.065	-3.6353
0.066	-3.5327
0.067	-3.3423
0.068	-3.1763
0.069	-3.0908
0.07	-3.064
0.071	-3.1104
0.072	-3.1958
0.073	-3.2617
0.074	-3.2935
0.075	-3.291
0.076	-3.2495
0.077	-3.1909
0.078	-3.1323
0.079	-3.1128
0.08	-3.1348
0.081	-3.1787
0.082	-3.2227
0.083	-3.2617
0.084	-3.2104
0.085	-3.0518
0.086	-2.8345
0.087	-2.6489
0.088	-2.5732
0.089	-2.627
0.09	-2.7051
0.091	-2.7026
0.092	-2.6099
0.093	-2.4219
0.094	-2.229
0.095	-2.1729
0.096	-2.2925
0.097	-2.5195
0.098	-2.6978
0.099	-2.6709
0.1	-2.4194
0.101	-2.0679
0.102	-1.8018
0.103	-1.7407
0.104	-1.8994
0.105	-2.1826
0.106	-2.4121
0.107	-2.4365
0.108	-2.2388
0.109	-1.9531
0.11	-1.7627
0.111	-1.7456
0.112	-1.897
0.113	-2.1411
0.114	-2.3145
0.115	-2.3315
0.116	-2.2192
0.117	-2.0312
0.118	-1.8799
0.119	-1.8164
0.12	-1.8018
0.121	-1.814
0.122	-1.8042
0.123	-1.7578
0.124	-1.6919
0.125	-1.6284
0.126	-1.5796
0.127	-1.5283
0.128	-1.4624
0.129	-1.4307
0.13	-1.4209
0.131	-1.4136
0.132	-1.4331
0.133	-1.4478
0.134	-1.4258
0.135	-1.3745
0.136	-1.2988
0.137	-1.2207
0.138	-1.1963
0.139	-1.2061
0.14	-1.2036
0.141	-1.1865
0.142	-1.1353
0.143	-1.0767
0.144	-1.04
0.145	-1.0303
0.146	-1.0718
0.147	-1.1694
0.148	-1.2744
0.149	-1.3208
0.15	-1.2549
0.151	-1.123
0.152	-1.0132
0.153	-0.9595
0.154	-0.9497
0.155	-0.9717
0.156	-1.0083
0.157	-1.0181
0.158	-0.9985
0.159	-0.9595
0.16	-0.9131
0.161	-0.8813
0.162	-0.8691
0.163	-0.8716
0.164	-0.8813
0.165	-0.9009
0.166	-0.9204
0.167	-0.918
0.168	-0.8984
0.169	-0.8716
0.17	-0.8618
0.171	-0.8594
0.172	-0.8618
0.173	-0.8643
0.174	-0.8643
0.175	-0.8594
0.176	-0.8594
0.177	-0.874
0.178	-0.8838
0.179	-0.8838
0.18	-0.8765
0.181	-0.8667
0.182	-0.8618
0.183	-0.8594
0.184	-0.8618
0.185	-0.8667
0.186	-0.8789
0.187	-0.9058
0.188	-0.9351
0.189	-0.9546
0.19	-0.9619
0.191	-0.9692
0.192	-0.9937
0.193	-1.0571
0.194	-1.145
0.195	-1.2036
0.196	-1.2036
0.197	-1.145
0.198	-1.0571
0.199	-0.9937
0.2	-0.9668
0.201	-0.9839
0.202	-1.0449
0.203	-1.1206
0.204	-1.1597
0.205	-1.1499
0.206	-1.1353
0.207	-1.1328
0.208	-1.1646
0.209	-1.2183
0.21	-1.2769
0.211	-1.3208
0.212	-1.3184
0.213	-1.2671
0.214	-1.2231
0.215	-1.2158
0.216	-1.2378
0.217	-1.3062
0.218	-1.3965
0.219	-1.4795
0.22	-1.5552
0.221	-1.6113
0.222	-1.6431
0.223	-1.665
0.224	-1.6699
0.225	-1.6968
0.226	-1.7627
0.227	-1.8896
0.228	-2.0459
0.229	-2.146
0.23	-2.1631
0.231	-2.0776
0.232	-1.9482
0.233	-1.8677
0.234	-1.8921
0.235	-2.002
0.236	-2.1265
0.237	-2.1924
0.238	-2.1216
0.239	-1.9751
0.24	-1.8335
0.241	-1.7676
0.242	-1.8457
0.243	-2.0654
0.244	-2.3169
0.245	-2.4536
0.246	-2.3901
0.247	-2.2144
0.248	-2.0435
0.249	-1.958
0.25	-2.0044
0.251	-2.1387
0.252	-2.2827
0.253	-2.3853
0.254	-2.373
0.255	-2.2925
0.256	-2.251
0.257	-2.3145
0.258	-2.4707
0.259	-2.6782
0.26	-2.8711
0.261	-3.0005
0.262	-3.0542
0.263	-3.0249
0.264	-2.959
0.265	-2.8833
0.266	-2.8491
0.267	-2.8979
0.268	-3.0078
0.269	-3.1543
0.27	-3.2861
0.271	-3.3301
0.272	-3.2471
0.273	-3.1055
0.274	-2.9858
0.275	-2.9785
0.276	-3.0737
0.277	-3.2471
0.278	-3.4106
0.279	-3.4692
0.28	-3.4424
0.281	-3.3521
0.282	-3.2056
0.283	-3.0957
0.284	-3.0981
0.285	-3.1958
0.286	-3.3423
0.287	-3.4399
0.288	-3.4351
0.289	-3.3594
0.29	-3.2666
0.291	-3.208
0.292	-3.2446
0.293	-3.3813
0.294	-3.5522
0.295	-3.6768
0.296	-3.7061
0.297	-3.6597
0.298	-3.5986
0.299	-3.5767
0.3	-3.6279
0.301	-3.7231
0.302	-3.8062
0.303	-3.8428
0.304	-3.8403
0.305	-3.8159
0.306	-3.7817
0.307	-3.7964
0.308	-3.8525
0.309	-3.9062
0.31	-3.9453
0.311	-3.9673
0.312	-3.9697
0.313	-3.96
0.314	-3.9404
0.315	-3.9185
0.316	-3.916
0.317	-3.9258
0.318	-3.9404
0.319	-3.9478
0.32	-3.9502
0.321	-3.938
0.322	-3.9111
0.323	-3.8818
0.324	-3.8672
0.325	-3.8818
0.326	-3.9282
0.327	-3.9819
0.328	-4.0039
0.329	-3.9966
0.33	-3.9893
0.331	-3.9844
0.332	-3.9966
0.333	-4.0015
0.334	-4.0039
0.335	-3.999
0.336	-3.9868
0.337	-3.9746
0.338	-3.9844
0.339	-4.0015
0.34	-4.0039
0.341	-4.0015
0.342	-3.9819
0.343	-3.9014
0.344	-3.7939
0.345	-3.75
0.346	-3.8159
0.347	-3.9282
0.348	-3.9941
0.349	-3.999
0.35	-3.9868
0.351	-3.9233
0.352	-3.8354
0.353	-3.8135
0.354	-3.8721
0.355	-3.9453
0.356	-3.9795
0.357	-3.9697
0.358	-3.9185
0.359	-3.8281
0.36	-3.7061
0.361	-3.606
0.362	-3.5889
0.363	-3.6108
0.364	-3.6523
0.365	-3.7012
0.366	-3.7109
0.367	-3.6865
0.368	-3.6353
0.369	-3.5596
0.37	-3.5205
0.371	-3.5498
0.372	-3.6011
0.373	-3.6182
0.374	-3.5986
0.375	-3.5229
0.376	-3.4448
0.377	-3.4399
0.378	-3.4424
0.379	-3.4644
0.38	-3.4961
0.381	-3.4521
0.382	-3.3838
0.383	-3.3301
0.384	-3.2446
0.385	-3.208
0.386	-3.2178
0.387	-3.1787
0.388	-3.147
0.389	-3.1494
0.39	-3.125
0.391	-3.1079
0.392	-3.0688
0.393	-2.9541
0.394	-2.8613
0.395	-2.8198
0.396	-2.8198
0.397	-2.8662
0.398	-2.8809
0.399	-2.8687
0.4	-2.8223
0.401	-2.6978
0.402	-2.522
0.403	-2.3706
0.404	-2.3071
0.405	-2.3584
0.406	-2.4609
0.407	-2.5732
0.408	-2.6343
0.409	-2.6343
0.41	-2.5439
0.411	-2.4048
0.412	-2.3096
0.413	-2.2925
0.414	-2.2998
0.415	-2.334
0.416	-2.3096
0.417	-2.2217
0.418	-2.1558
0.419	-2.1069
0.42	-2.0728
0.421	-2.1338
0.422	-2.2021
0.423	-2.207
0.424	-2.207
0.425	-2.168
0.426	-2.085
0.427	-2.0679
0.428	-2.0166
0.429	-1.9141
0.43	-1.8506
0.431	-1.7773
0.432	-1.6821
0.433	-1.6235
0.434	-1.5625
0.435	-1.4819
0.436	-1.4355
0.437	-1.4355
0.438	-1.4526
0.439	-1.5186
0.44	-1.6162
0.441	-1.6479
0.442	-1.5845
0.443	-1.4429
0.444	-1.2549
0.445	-1.1206
0.446	-1.0889
0.447	-1.1133
0.448	-1.1865
0.449	-1.3086
0.45	-1.4185
0.451	-1.4624
0.452	-1.4502
0.453	-1.4087
0.454	-1.3794
0.455	-1.3818
0.456	-1.394
0.457	-1.3647
0.458	-1.2891
0.459	-1.2207
0.46	-1.1646
0.461	-1.1353
0.462	-1.1621
0.463	-1.2061
0.464	-1.2183
0.465	-1.2036
0.466	-1.1401
0.467	-1.0547
0.468	-0.9961
0.469	-0.9595
0.47	-0.9375
0.471	-0.9302
0.472	-0.9302
0.473	-0.9204
0.474	-0.9058
0.475	-0.896
0.476	-0.8887
0.477	-0.8813
0.478	-0.8862
0.479	-0.8887
0.48	-0.8838
0.481	-0.8887
0.482	-0.8911
0.483	-0.8911
0.484	-0.8813
0.485	-0.8667
0.486	-0.8618
0.487	-0.8594
0.488	-0.8643
0.489	-0.8813
0.49	-0.9131
0.491	-0.9326
0.492	-0.9204
0.493	-0.8911
0.494	-0.8716
0.495	-0.8618
0.496	-0.8618
0.497	-0.8618
0.498	-0.8643
0.499	-0.8643
0.5	-0.8618
0.501	-0.8789
0.502	-0.9155
0.503	-0.9473
0.504	-0.9644
0.505	-0.9448
0.506	-0.9131
0.507	-0.9033
0.508	-0.9033
0.509	-0.9229
0.51	-0.9595
0.511	-0.9937
0.512	-0.9814
0.513	-0.9595
0.514	-0.9351
0.515	-0.9253
0.516	-0.9473
0.517	-0.9863
0.518	-1.0278
0.519	-1.062
0.52	-1.062
0.521	-1.0449
0.522	-1.0156
0.523	-0.979
0.524	-0.9521
0.525	-0.9424
0.526	-0.9473
0.527	-0.9937
0.528	-1.0742
0.529	-1.1621
0.53	-1.2451
0.531	-1.2988
0.532	-1.3062
0.533	-1.2646
0.534	-1.2231
0.535	-1.2207
0.536	-1.2842
0.537	-1.3867
0.538	-1.4551
0.539	-1.46
0.54	-1.4233
0.541	-1.3965
0.542	-1.4526
0.543	-1.5747
0.544	-1.7163
0.545	-1.8213
0.546	-1.7871
0.547	-1.6284
0.548	-1.4551
0.549	-1.3574
0.55	-1.3843
0.551	-1.543
0.552	-1.709
0.553	-1.77
0.554	-1.7212
0.555	-1.5845
0.556	-1.4844
0.557	-1.5112
0.558	-1.6162
0.559	-1.7505
0.56	-1.8677
0.561	-1.8872
0.562	-1.814
0.563	-1.7285
0.564	-1.7139
0.565	-1.7944
0.566	-1.9629
0.567	-2.1729
0.568	-2.3511
0.569	-2.4707
0.57	-2.5122
0.571	-2.4854
0.572	-2.4512
0.573	-2.4487
0.574	-2.4316
0.575	-2.3975
0.576	-2.3535
0.577	-2.3267
0.578	-2.3657
0.579	-2.4585
0.58	-2.5415
0.581	-2.583
0.582	-2.5391
0.583	-2.4609
0.584	-2.4268
0.585	-2.4658
0.586	-2.5781
0.587	-2.7026
0.588	-2.7466
0.589	-2.6538
0.59	-2.4561
0.591	-2.2876
0.592	-2.2778
0.593	-2.4561
0.594	-2.7637
0.595	-3.0054
0.596	-3.0518
0.597	-2.9443
0.598	-2.7637
0.599	-2.6343
0.6	-2.6807
0.601	-2.9102
0.602	-3.1958
0.603	-3.3813
0.604	-3.3789
0.605	-3.2251
0.606	-3.0371
0.607	-2.9468
0.608	-3.0249
0.609	-3.208
0.61	-3.3838
0.611	-3.4839
0.612	-3.4448
0.613	-3.3447
0.614	-3.2422
0.615	-3.2007
0.616	-3.2788
0.617	-3.374
0.618	-3.4253
0.619	-3.4375
0.62	-3.3716
0.621	-3.2935
0.622	-3.2861
0.623	-3.3276
0.624	-3.4424
0.625	-3.562
0.626	-3.6011
0.627	-3.6035
0.628	-3.5815
0.629	-3.5278
0.63	-3.5327
0.631	-3.5815
0.632	-3.6084
0.633	-3.645
0.634	-3.6646
0.635	-3.645
0.636	-3.6694
0.637	-3.7036
0.638	-3.7061
0.639	-3.7378
0.64	-3.7671
0.641	-3.7817
0.642	-3.8354
0.643	-3.9014
0.644	-3.9429
0.645	-3.9697
0.646	-3.9624
0.647	-3.8989
0.648	-3.8184
0.649	-3.7549
0.65	-3.7305
0.651	-3.8257
0.652	-3.916
0.653	-3.9526
0.654	-3.9746
0.655	-3.9502
0.656	-3.8892
0.657	-3.877
0.658	-3.8867
0.659	-3.9136
0.66	-3.9624
0.661	-3.9746
0.662	-3.9575
0.663	-3.9502
0.664	-3.9307
0.665	-3.938
0.666	-3.9844
0.667	-4.0039
0.668	-4.0063
0.669	-4.0063
0.67	-4.0088
0.671	-4.0015
0.672	-3.9966
0.673	-4.0015
0.674	-4.0088
0.675	-3.9966
0.676	-3.9868
0.677	-3.9941
0.678	-4.0015
0.679	-4.0063
0.68	-4.0063
0.681	-3.999
0.682	-3.9966
0.683	-3.999
0.684	-4.0015
0.685	-4.0015
0.686	-3.999
0.687	-3.9819
0.688	-3.9746
0.689	-3.9771
0.69	-3.9844
0.691	-3.9966
0.692	-4.0015
0.693	-3.9917
0.694	-3.9722
0.695	-3.9331
0.696	-3.8892
0.697	-3.9014
0.698	-3.9233
0.699	-3.9429
0.7	-3.9526
0.701	-3.9282
0.702	-3.8916
0.703	-3.8599
0.704	-3.833
0.705	-3.8306
0.706	-3.855
0.707	-3.8428
0.708	-3.8086
0.709	-3.7646
0.71	-3.7378
0.711	-3.7573
0.712	-3.8086
0.713	-3.8477
0.714	-3.8477
0.715	-3.8062
0.716	-3.7354
0.717	-3.6768
0.718	-3.6597
0.719	-3.6865
0.72	-3.7329
0.721	-3.7549
0.722	-3.75
0.723	-3.7354
0.724	-3.6841
0.725	-3.645
0.726	-3.6035
0.727	-3.5571
0.728	-3.5156
0.729	-3.5083
0.73	-3.4741
0.731	-3.4277
0.732	-3.4155
0.733	-3.4131
0.734	-3.4204
0.735	-3.4229
0.736	-3.3521
0.737	-3.2544
0.738	-3.1934
0.739	-3.1909
0.74	-3.2129
0.741	-3.2544
0.742	-3.2031
0.743	-3.0957
0.744	-2.9565
0.745	-2.8125
0.746	-2.7734
0.747	-2.8833
0.748	-3.0835
0.749	-3.2788
0.75	-3.3521
0.751	-3.3252
0.752	-3.2056
0.753	-3.042
0.754	-2.9419
0.755	-2.9077
0.756	-2.8711
0.757	-2.9077
0.758	-2.9199
0.759	-2.8833
0.76	-2.8223
0.761	-2.749
0.762	-2.6831
0.763	-2.7148
0.764	-2.7441
0.765	-2.7197
0.766	-2.6978
0.767	-2.6074
0.768	-2.4756
0.769	-2.3706
0.77	-2.2705
0.771	-2.2241
0.772	-2.2705
0.773	-2.3218
0.774	-2.3682
0.775	-2.4292
0.776	-2.4658
0.777	-2.3828
0.778	-2.2583
0.779	-2.1313
0.78	-2.0532
0.781	-2.0801
0.782	-2.1631
0.783	-2.2046
0.784	-2.2266
0.785	-2.1973
0.786	-2.1387
0.787	-2.0508
0.788	-2.019
0.789	-2.0532
0.79	-2.1313
0.791	-2.1851
0.792	-2.1729
0.793	-2.1069
0.794	-1.958
0.795	-1.8188
0.796	-1.7822
0.797	-1.7773
0.798	-1.8286
0.799	-1.9263
0.8	-1.9434
0.801	-1.8555
0.802	-1.6943
0.803	-1.5112
0.804	-1.4111
0.805	-1.4673
0.806	-1.5601
0.807	-1.6187
0.808	-1.6187
0.809	-1.4917
0.81	-1.333
0.811	-1.2427
0.812	-1.2231
0.813	-1.2695
0.814	-1.3501
0.815	-1.3989
0.816	-1.3843
0.817	-1.3306
0.818	-1.3013
0.819	-1.2744
0.82	-1.2744
0.821	-1.2817
0.822	-1.2646
0.823	-1.2573
0.824	-1.272
0.825	-1.2866
0.826	-1.2866
0.827	-1.2671
0.828	-1.2207
0.829	-1.1572
0.83	-1.1182
0.831	-1.1328
0.832	-1.1694
0.833	-1.2183
0.834	-1.2036
0.835	-1.0962
0.836	-0.9644
0.837	-0.9009
0.838	-0.8911
0.839	-0.9253
0.84	-1.0132
0.841	-1.0986
0.842	-1.0815
0.843	-0.9839
0.844	-0.896
0.845	-0.8643
0.846	-0.8667
0.847	-0.8813
0.848	-0.9009
0.849	-0.9106
0.85	-0.8862
0.851	-0.8667
0.852	-0.8643
0.853	-0.8643
0.854	-0.8643
0.855	-0.8765
0.856	-0.896
0.857	-0.8936
0.858	-0.8765
0.859	-0.8667
0.86	-0.8643
0.861	-0.8643
0.862	-0.8643
0.863	-0.8667
0.864	-0.8691
0.865	-0.8765
0.866	-0.8887
0.867	-0.9082
0.868	-0.9131
0.869	-0.9009
0.87	-0.8887
0.871	-0.8789
0.872	-0.8789
0.873	-0.896
0.874	-0.9204
0.875	-0.9473
0.876	-0.9619
0.877	-0.9668
0.878	-0.979
0.879	-0.9937
0.88	-1.0205
0.881	-1.0449
0.882	-1.0449
0.883	-1.04
0.884	-1.0474
0.885	-1.0767
0.886	-1.1401
0.887	-1.189
0.888	-1.1743
0.889	-1.1157
0.89	-1.0425
0.891	-0.9961
0.892	-1.0205
0.893	-1.123
0.894	-1.3037
0.895	-1.5039
0.896	-1.5845
0.897	-1.521
0.898	-1.4062
0.899	-1.3306
0.9	-1.3428
0.901	-1.46
0.902	-1.6211
0.903	-1.7236
0.904	-1.709
0.905	-1.5942
0.906	-1.4624
0.907	-1.4331
0.908	-1.5601
0.909	-1.7749
0.91	-1.9604
0.911	-1.9824
0.912	-1.7871
0.913	-1.5381
0.914	-1.4209
0.915	-1.4722
0.916	-1.6748
0.917	-1.9434
0.918	-2.0947
0.919	-2.0679
0.92	-1.958
0.921	-1.8457
0.922	-1.7847
0.923	-1.8384
0.924	-1.9116
0.925	-1.936
0.926	-1.9238
0.927	-1.9141
0.928	-1.958
0.929	-2.0874
0.93	-2.2437
0.931	-2.3657
0.932	-2.4194
0.933	-2.3779
0.934	-2.3633
0.935	-2.4634
0.936	-2.6221
0.937	-2.7344
0.938	-2.7319
0.939	-2.5806
0.94	-2.3828
0.941	-2.2827
0.942	-2.3657
0.943	-2.5781
0.944	-2.8418
0.945	-3.0054
0.946	-3.0029
0.947	-2.8857
0.948	-2.7417
0.949	-2.6978
0.95	-2.8467
0.951	-3.0664
0.952	-3.1934
0.953	-3.2056
0.954	-3.0981
0.955	-2.9614
0.956	-2.9468
0.957	-3.0566
0.958	-3.2056
0.959	-3.3276
0.96	-3.3618
0.961	-3.3008
0.962	-3.1396
0.963	-2.9883
0.964	-2.9736
0.965	-3.0688
0.966	-3.2056
0.967	-3.3057
0.968	-3.3545
0.969	-3.3643
0.97	-3.4009
0.971	-3.4497
0.972	-3.4888
0.973	-3.5083
0.974	-3.4521
0.975	-3.3398
0.976	-3.269
0.977	-3.3179
0.978	-3.4644
0.979	-3.6377
0.98	-3.7451
0.981	-3.7598
0.982	-3.728
0.983	-3.6987
0.984	-3.7109
0.985	-3.7842
0.986	-3.877
0.987	-3.9258
0.988	-3.9233
0.989	-3.8696
0.99	-3.7695
0.991	-3.7158
0.992	-3.75
0.993	-3.8428
0.994	-3.916
0.995	-3.9478
0.996	-3.9185
0.997	-3.8354
0.998	-3.75
0.999	-3.7231
1	-3.8159
1.001	-3.916
1.002	-3.9795
1.003	-3.9941
1.004	-3.9722
1.005	-3.916
1.006	-3.8525
1.007	-3.8721
1.008	-3.9307
1.009	-3.9722
1.01	-3.9819
1.011	-3.9648
1.012	-3.938
1.013	-3.9062
1.014	-3.9429
1.015	-3.9868
1.016	-3.999
1.017	-3.9917
1.018	-4.0015
1.019	-4.0015
1.02	-3.999
1.021	-4.0015
1.022	-3.9868
1.023	-3.9575
1.024	-3.938
1.025	-3.9746
1.026	-3.9966
1.027	-4.0015
1.028	-4.0015
1.029	-3.9697
1.03	-3.9136
1.031	-3.8843
1.032	-3.938
1.033	-3.9917
1.034	-4.0015
1.035	-3.9966
1.036	-3.9331
1.037	-3.8062
1.038	-3.7158
1.039	-3.7915
1.04	-3.9258
1.041	-3.9746
1.042	-3.9868
1.043	-3.9209
1.044	-3.75
1.045	-3.6377
1.046	-3.6816
1.047	-3.8721
1.048	-3.9722
1.049	-3.9917
1.05	-3.9575
1.051	-3.8135
1.052	-3.6548
1.053	-3.5693
1.054	-3.6792
1.055	-3.8062
1.056	-3.8477
1.057	-3.7988
1.058	-3.6255
1.059	-3.4644
1.06	-3.4229
1.061	-3.5449
1.062	-3.7183
1.063	-3.7939
1.064	-3.7817
1.065	-3.6646
1.066	-3.5059
1.067	-3.3838
1.068	-3.3301
1.069	-3.3423
1.07	-3.2861
1.071	-3.1396
1.072	-2.9956
1.073	-2.8809
1.074	-2.9443
1.075	-3.1396
1.076	-3.291
1.077	-3.3325
1.078	-3.208
1.079	-3.0176
1.08	-2.8662
1.081	-2.8931
1.082	-3.0859
1.083	-3.252
1.084	-3.2837
1.085	-3.0859
1.086	-2.7368
1.087	-2.4561
1.088	-2.4097
1.089	-2.644
1.09	-2.9468
1.091	-3.1714
1.092	-3.1738
1.093	-2.937
1.094	-2.6367
1.095	-2.4268
1.096	-2.4902
1.097	-2.749
1.098	-3.0005
1.099	-3.0298
1.1	-2.7979
1.101	-2.4243
1.102	-2.0874
1.103	-2.019
1.104	-2.2192
1.105	-2.4585
1.106	-2.5977
1.107	-2.5073
1.108	-2.2168
1.109	-1.9189
1.11	-1.8457
1.111	-1.9922
1.112	-2.1973
1.113	-2.3682
1.114	-2.3047
1.115	-2.0166
1.116	-1.7993
1.117	-1.7163
1.118	-1.7407
1.119	-1.8433
1.12	-1.8774
1.121	-1.7725
1.122	-1.6455
1.123	-1.5869
1.124	-1.604
1.125	-1.7041
1.126	-1.8164
1.127	-1.7871
1.128	-1.6235
1.129	-1.46
1.13	-1.3892
1.131	-1.4648
1.132	-1.6968
1.133	-1.9312
1.134	-1.9775
1.135	-1.8164
1.136	-1.5308
1.137	-1.2988
1.138	-1.2524
1.139	-1.355
1.14	-1.5308
1.141	-1.6113
1.142	-1.5308
1.143	-1.3281
1.144	-1.1304
1.145	-1.0498
1.146	-1.0889
1.147	-1.2109
1.148	-1.3867
1.149	-1.4355
1.15	-1.2939
1.151	-1.0937
1.152	-0.9863
1.153	-0.9521
1.154	-0.9888
1.155	-1.0571
1.156	-1.0547
1.157	-0.979
1.158	-0.9009
1.159	-0.8716
1.16	-0.8667
1.161	-0.8716
1.162	-0.918
1.163	-0.9888
1.164	-1.0303
1.165	-1.0083
1.166	-0.9668
1.167	-0.9424
1.168	-0.9277
1.169	-0.9131
1.17	-0.896
1.171	-0.8765
1.172	-0.8691
1.173	-0.8691
1.174	-0.8765
1.175	-0.8936
1.176	-0.9082
1.177	-0.8984
1.178	-0.8838
1.179	-0.874
1.18	-0.874
1.181	-0.8862
1.182	-0.9082
1.183	-0.9058
1.184	-0.8789
1.185	-0.8643
1.186	-0.896
1.187	-0.918
1.188	-0.896
1.189	-0.8716
1.19	-0.8667
1.191	-0.8691
1.192	-0.9131
1.193	-1.0352
1.194	-1.1304
1.195	-1.1157
1.196	-0.9961
1.197	-0.9204
1.198	-0.9033
1.199	-0.9229
1.2	-0.9985
1.201	-1.1182
1.202	-1.145
1.203	-1.0864
1.204	-0.9863
1.205	-0.9229
1.206	-0.9302
1.207	-1.0083
1.208	-1.0815
1.209	-1.1304
1.21	-1.1157
1.211	-1.0693
1.212	-1.0767
1.213	-1.1328
1.214	-1.2012
1.215	-1.2598
1.216	-1.2427
1.217	-1.1743
1.218	-1.1401
1.219	-1.1743
1.22	-1.2842
1.221	-1.4282
1.222	-1.5063
1.223	-1.4624
1.224	-1.3574
1.225	-1.2866
1.226	-1.2964
1.227	-1.394
1.228	-1.5845
1.229	-1.7236
1.23	-1.7456
1.231	-1.6943
1.232	-1.5771
1.233	-1.4844
1.234	-1.5112
1.235	-1.5967
1.236	-1.6943
1.237	-1.7651
1.238	-1.7529
1.239	-1.7139
1.24	-1.7676
1.241	-1.9214
1.242	-2.1606
1.243	-2.417
1.244	-2.5244
1.245	-2.395
1.246	-2.1436
1.247	-1.897
1.248	-1.7651
1.249	-1.8213
1.25	-1.958
1.251	-2.0654
1.252	-2.1484
1.253	-2.1533
1.254	-2.1411
1.255	-2.2144
1.256	-2.334
1.257	-2.4683
1.258	-2.5562
1.259	-2.4805
1.26	-2.3145
1.261	-2.1704
1.262	-2.085
1.263	-2.1558
1.264	-2.3413
1.265	-2.4707
1.266	-2.5562
1.267	-2.5635
1.268	-2.4902
1.269	-2.4902
1.27	-2.6074
1.271	-2.7637
1.272	-2.9199
1.273	-2.9907
1.274	-2.9126
1.275	-2.8003
1.276	-2.7612
1.277	-2.8491
1.278	-3.0542
1.279	-3.2178
1.28	-3.2422
1.281	-3.1201
1.282	-2.9126
1.283	-2.7588
1.284	-2.8223
1.285	-3.0591
1.286	-3.2715
1.287	-3.3447
1.288	-3.2129
1.289	-2.8955
1.29	-2.6636
1.291	-2.7026
1.292	-2.9492
1.293	-3.3301
1.294	-3.5937
1.295	-3.6255
1.296	-3.5034
1.297	-3.3008
1.298	-3.1396
1.299	-3.1958
1.3	-3.3691
1.301	-3.4961
1.302	-3.5278
1.303	-3.4302
1.304	-3.2593
1.305	-3.2007
1.306	-3.2959
1.307	-3.4888
1.308	-3.6938
1.309	-3.7842
1.31	-3.7695
1.311	-3.7207
1.312	-3.667
1.313	-3.6597
1.314	-3.728
1.315	-3.7671
1.316	-3.7036
1.317	-3.562
1.318	-3.3789
1.319	-3.2861
1.32	-3.4351
1.321	-3.6572
1.322	-3.8208
1.323	-3.8989
1.324	-3.877
1.325	-3.7915
1.326	-3.7329
1.327	-3.7671
1.328	-3.8818
1.329	-3.9648
1.33	-3.9795
1.331	-3.9355
1.332	-3.7988
1.333	-3.6206
1.334	-3.6133
1.335	-3.7988
1.336	-3.9648
1.337	-4.0039
1.338	-4.0039
1.339	-3.9771
1.34	-3.877
1.341	-3.7988
1.342	-3.8647
1.343	-3.9771
1.344	-4.0039
1.345	-3.9966
1.346	-4.0039
1.347	-3.9697
1.348	-3.916
1.349	-3.9355
1.35	-3.9941
1.351	-4.0015
1.352	-3.9868
1.353	-3.9941
1.354	-4.0039
1.355	-3.9966
1.356	-4.0015
1.357	-4.0015
1.358	-3.9722
1.359	-3.9258
1.36	-3.916
1.361	-3.9429
1.362	-3.9722
1.363	-3.9868
1.364	-3.9795
1.365	-3.9551
1.366	-3.9258
1.367	-3.9209
1.368	-3.9404
1.369	-3.9624
1.37	-3.9624
1.371	-3.9453
1.372	-3.9209
1.373	-3.9062
1.374	-3.9331
1.375	-3.9771
1.376	-3.9917
1.377	-3.9771
1.378	-3.8843
1.379	-3.6987
1.38	-3.5522
1.381	-3.6108
1.382	-3.7964
1.383	-3.9209
1.384	-3.9404
1.385	-3.8623
1.386	-3.6792
1.387	-3.501
1.388	-3.5278
1.389	-3.7354
1.39	-3.8965
1.391	-3.9355
1.392	-3.8428
1.393	-3.5474
1.394	-3.1494
1.395	-2.959
1.396	-3.1055
1.397	-3.4033
1.398	-3.6499
1.399	-3.7207
1.4	-3.6108
1.401	-3.3887
1.402	-3.2031
1.403	-3.2031
1.404	-3.4082
1.405	-3.6279
1.406	-3.6768
1.407	-3.5571
1.408	-3.2983
1.409	-2.9932
1.41	-2.8369
1.411	-2.9102
1.412	-3.064
1.413	-3.1738
1.414	-3.1787
1.415	-3.0664
1.416	-2.9126
1.417	-2.8516
1.418	-2.915
1.419	-3.0322
1.42	-3.1152
1.421	-3.1128
1.422	-3.0249
1.423	-2.9517
1.424	-2.959
1.425	-3.02
1.426	-3.0688
1.427	-3.0322
1.428	-2.8809
1.429	-2.6709
1.43	-2.4951
1.431	-2.4805
1.432	-2.5903
1.433	-2.7344
1.434	-2.7954
1.435	-2.6904
1.436	-2.4902
1.437	-2.3096
1.438	-2.2778
1.439	-2.395
1.44	-2.5464
1.441	-2.561
1.442	-2.3853
1.443	-2.0972
1.444	-1.853
1.445	-1.7749
1.446	-1.9385
1.447	-2.1851
1.448	-2.3486
1.449	-2.3633
1.45	-2.2241
1.451	-2.0068
1.452	-1.8945
1.453	-1.9019
1.454	-2.0142
1.455	-2.1997
1.456	-2.3462
1.457	-2.3267
1.458	-2.2266
1.459	-2.1045
1.46	-1.9995
1.461	-1.98
1.462	-2.0337
1.463	-2.0361
1.464	-1.9971
1.465	-1.897
1.466	-1.7627
1.467	-1.6382
1.468	-1.5991
1.469	-1.582
1.47	-1.5649
1.471	-1.5479
1.472	-1.5137
1.473	-1.4624
1.474	-1.4771
1.475	-1.5137
1.476	-1.543
1.477	-1.5063
1.478	-1.394
1.479	-1.2573
1.48	-1.1768
1.481	-1.1572
1.482	-1.2085
1.483	-1.2988
1.484	-1.3477
1.485	-1.3013
1.486	-1.2036
1.487	-1.1353
1.488	-1.1646
1.489	-1.2939
1.49	-1.4844
1.491	-1.5991
1.492	-1.5576
1.493	-1.3721
1.494	-1.1597
1.495	-1.0278
1.496	-1.0083
1.497	-1.0645
1.498	-1.1523
1.499	-1.2158
1.5	-1.189
1.501	-1.0937
1.502	-1.04
1.503	-1.0449
1.504	-1.0864
1.505	-1.1694
1.506	-1.2183
1.507	-1.1792
1.508	-1.0889
1.509	-1.0132
1.51	-0.9692
1.511	-0.9619
1.512	-0.979
1.513	-0.979
1.514	-0.9448
1.515	-0.8984
1.516	-0.8691
1.517	-0.8643
1.518	-0.8667
1.519	-0.8838
1.52	-0.9033
1.521	-0.918
1.522	-0.9033
1.523	-0.8789
1.524	-0.8691
1.525	-0.8716
1.526	-0.8813
1.527	-0.8862
1.528	-0.874
1.529	-0.8618
1.53	-0.8618
1.531	-0.8594
1.532	-0.8594
1.533	-0.8667
1.534	-0.8691
1.535	-0.8594
1.536	-0.8887
1.537	-0.9448
1.538	-0.9448
1.539	-0.8838
1.54	-0.8618
1.541	-0.8862
1.542	-0.8765
1.543	-0.8594
1.544	-0.8984
1.545	-0.9424
1.546	-0.9399
1.547	-0.9009
1.548	-0.8838
1.549	-0.8887
1.55	-0.9253
1.551	-0.9937
1.552	-1.0156
1.553	-0.9985
1.554	-0.9521
1.555	-0.9082
1.556	-0.9082
1.557	-0.9131
1.558	-0.9302
1.559	-0.9692
1.56	-0.979
1.561	-0.9912
1.562	-1.0059
1.563	-1.0132
1.564	-1.0596
1.565	-1.106
1.566	-1.145
1.567	-1.1816
1.568	-1.2036
1.569	-1.2231
1.57	-1.2476
1.571	-1.2524
1.572	-1.2866
1.573	-1.2817
1.574	-1.2695
1.575	-1.2329
1.576	-1.189
1.577	-1.2354
1.578	-1.3525
1.579	-1.4673
1.58	-1.5332
1.581	-1.4893
1.582	-1.3354
1.583	-1.2451
1.584	-1.25
1.585	-1.3452
1.586	-1.521
1.587	-1.6821
1.588	-1.6748
1.589	-1.5405
1.59	-1.3867
1.591	-1.3159
1.592	-1.3477
1.593	-1.4893
1.594	-1.7261
1.595	-1.8335
1.596	-1.7529
1.597	-1.6138
1.598	-1.4648
1.599	-1.4697
1.6	-1.6846
1.601	-1.9263
1.602	-2.0825
1.603	-2.1094
1.604	-1.9629
1.605	-1.8384
1.606	-1.853
1.607	-1.936
1.608	-2.0312
1.609	-2.1289
1.61	-2.1948
1.611	-2.2852
1.612	-2.3755
1.613	-2.4292
1.614	-2.4243
1.615	-2.3682
1.616	-2.3511
1.617	-2.3315
1.618	-2.3486
1.619	-2.4536
1.62	-2.5854
1.621	-2.7002
1.622	-2.7808
1.623	-2.6709
1.624	-2.4487
1.625	-2.2729
1.626	-2.168
1.627	-2.2339
1.628	-2.4487
1.629	-2.6294
1.63	-2.7002
1.631	-2.6245
1.632	-2.4805
1.633	-2.3975
1.634	-2.4146
1.635	-2.5708
1.636	-2.7393
1.637	-2.8418
1.638	-2.8442
1.639	-2.7441
1.64	-2.6294
1.641	-2.6221
1.642	-2.7417
1.643	-2.9712
1.644	-3.2153
1.645	-3.335
1.646	-3.2739
1.647	-3.1079
1.648	-2.9541
1.649	-2.9224
1.65	-3.0322
1.651	-3.2446
1.652	-3.3569
1.653	-3.3911
1.654	-3.3496
1.655	-3.2568
1.656	-3.2007
1.657	-3.3008
1.658	-3.4009
1.659	-3.4814
1.66	-3.4985
1.661	-3.418
1.662	-3.2983
1.663	-3.2471
1.664	-3.2104
1.665	-3.252
1.666	-3.335
1.667	-3.4351
1.668	-3.5156
1.669	-3.5937
1.67	-3.6548
1.671	-3.6816
1.672	-3.6694
1.673	-3.645
1.674	-3.5547
1.675	-3.4912
1.676	-3.5034
1.677	-3.5791
1.678	-3.6694
1.679	-3.7402
1.68	-3.7061
1.681	-3.6621
1.682	-3.5937
1.683	-3.5547
1.684	-3.6255
1.685	-3.7866
1.686	-3.8989
1.687	-3.96
1.688	-3.9453
1.689	-3.877
1.69	-3.7769
1.691	-3.7305
1.692	-3.7793
1.693	-3.8965
1.694	-3.9648
1.695	-3.9893
1.696	-3.9771
1.697	-3.9355
1.698	-3.894
1.699	-3.9087
1.7	-3.9551
1.701	-3.9941
1.702	-4.0015
1.703	-4.0039
1.704	-3.999
1.705	-3.999
1.706	-3.999
1.707	-4.0015
1.708	-4.0039
1.709	-4.0039
1.71	-4.0015
1.711	-4.0015
1.712	-3.999
1.713	-3.999
1.714	-4.0039
1.715	-4.0015
1.716	-3.9941
1.717	-3.9893
1.718	-3.9917
1.719	-3.9893
1.72	-3.9893
1.721	-3.999
1.722	-3.999
1.723	-3.9941
1.724	-3.9844
1.725	-3.9526
1.726	-3.916
1.727	-3.8916
1.728	-3.8647
1.729	-3.8745
1.73	-3.8989
1.731	-3.9185
1.732	-3.938
1.733	-3.9355
1.734	-3.9062
1.735	-3.8428
1.736	-3.7476
1.737	-3.667
1.738	-3.6475
1.739	-3.6914
1.74	-3.7378
1.741	-3.7378
1.742	-3.689
1.743	-3.6206
1.744	-3.562
1.745	-3.5864
1.746	-3.6694
1.747	-3.7378
1.748	-3.7744
1.749	-3.728
1.75	-3.6084
1.751	-3.4839
1.752	-3.3984
1.753	-3.3789
1.754	-3.4302
1.755	-3.4644
1.756	-3.4277
1.757	-3.3325
1.758	-3.2739
1.759	-3.2617
1.76	-3.3203
1.761	-3.4229
1.762	-3.5034
1.763	-3.5547
1.764	-3.584
1.765	-3.5913
1.766	-3.5693
1.767	-3.5034
1.768	-3.3936
1.769	-3.2544
1.77	-3.1274
1.771	-3.1104
1.772	-3.1543
1.773	-3.208
1.774	-3.2642
1.775	-3.2642
1.776	-3.1934
1.777	-3.1519
1.778	-3.0884
1.779	-3.02
1.78	-3.02
1.781	-3.02
1.782	-3.0103
1.783	-2.9834
1.784	-2.8149
1.785	-2.5806
1.786	-2.4097
1.787	-2.3242
1.788	-2.3828
1.789	-2.5635
1.79	-2.6514
1.791	-2.644
1.792	-2.6367
1.793	-2.627
1.794	-2.6807
1.795	-2.7979
1.796	-2.8052
1.797	-2.6831
1.798	-2.4976
1.799	-2.2925
1.8	-2.2437
1.801	-2.3877
1.802	-2.6001
1.803	-2.771
1.804	-2.876
1.805	-2.8101
1.806	-2.6733
1.807	-2.5366
1.808	-2.4243
1.809	-2.3389
1.81	-2.2339
1.811	-2.0728
1.812	-1.958
1.813	-1.9189
1.814	-1.9678
1.815	-2.0605
1.816	-2.1484
1.817	-2.1826
1.818	-2.146
1.819	-2.041
1.82	-1.9165
1.821	-1.8091
1.822	-1.7676
1.823	-1.7944
1.824	-1.8213
1.825	-1.7896
1.826	-1.7285
1.827	-1.6309
1.828	-1.543
1.829	-1.5234
1.83	-1.5723
1.831	-1.6602
1.832	-1.7603
1.833	-1.8188
1.834	-1.8042
1.835	-1.7041
1.836	-1.6211
1.837	-1.5796
1.838	-1.5894
1.839	-1.6504
1.84	-1.6455
1.841	-1.5259
1.842	-1.3916
1.843	-1.2817
1.844	-1.2207
1.845	-1.2573
1.846	-1.3208
1.847	-1.3477
1.848	-1.3428
1.849	-1.3062
1.85	-1.2476
1.851	-1.1963
1.852	-1.1401
1.853	-1.0986
1.854	-1.0791
1.855	-1.0864
1.856	-1.1035
1.857	-1.1133
1.858	-1.0986
1.859	-1.0718
1.86	-1.0278
1.861	-1.001
1.862	-0.9937
1.863	-1.0034
1.864	-1.0376
1.865	-1.084
1.866	-1.0889
1.867	-1.0522
1.868	-0.9985
1.869	-0.9448
1.87	-0.9058
1.871	-0.896
1.872	-0.8984
1.873	-0.9082
1.874	-0.9302
1.875	-0.9302
1.876	-0.9131
1.877	-0.8862
1.878	-0.8667
1.879	-0.8594
1.88	-0.8667
1.881	-0.8716
1.882	-0.874
1.883	-0.874
1.884	-0.8618
1.885	-0.8618
1.886	-0.8667
1.887	-0.8667
1.888	-0.8618
1.889	-0.8618
1.89	-0.8643
1.891	-0.8618
1.892	-0.8643
1.893	-0.8667
1.894	-0.8838
1.895	-0.896
1.896	-0.8936
1.897	-0.8887
1.898	-0.8789
1.899	-0.8765
1.9	-0.8862
1.901	-0.9033
1.902	-0.9106
1.903	-0.9204
1.904	-0.9351
1.905	-0.9326
1.906	-0.9424
1.907	-0.9546
1.908	-0.9668
1.909	-1.0083
1.91	-1.0791
1.911	-1.1646
1.912	-1.2329
1.913	-1.2744
1.914	-1.2329
1.915	-1.1523
1.916	-1.0864
1.917	-1.0254
1.918	-1.0571
1.919	-1.1401
1.92	-1.2231
1.921	-1.272
1.922	-1.2061
1.923	-1.1597
1.924	-1.1328
1.925	-1.1865
1.926	-1.333
1.927	-1.4941
1.928	-1.6577
1.929	-1.6064
1.93	-1.4429
1.931	-1.2671
1.932	-1.1475
1.933	-1.1963
1.934	-1.333
1.935	-1.5137
1.936	-1.6821
1.937	-1.6699
1.938	-1.5747
1.939	-1.4624
1.94	-1.438
1.941	-1.5332
1.942	-1.7163
1.943	-1.8896
1.944	-1.9238
1.945	-1.9165
1.946	-1.8335
1.947	-1.7725
1.948	-1.8042
1.949	-1.8628
1.95	-1.9653
1.951	-2.0654
1.952	-2.0874
1.953	-2.1118
1.954	-2.1167
1.955	-2.1338
1.956	-2.1997
1.957	-2.2388
1.958	-2.2339
1.959	-2.1948
1.96	-2.1387
1.961	-2.1094
1.962	-2.1436
1.963	-2.1851
1.964	-2.1899
1.965	-2.1924
1.966	-2.207
1.967	-2.2656
1.968	-2.4341
1.969	-2.627
1.97	-2.7759
1.971	-2.8198
1.972	-2.6782
1.973	-2.4048
1.974	-2.1924
1.975	-2.1997
1.976	-2.395
1.977	-2.7417
1.978	-3.02
1.979	-3.0688
1.98	-2.9663
1.981	-2.7661
1.982	-2.6562
1.983	-2.7808
1.984	-3.0615
1.985	-3.335
1.986	-3.4033
1.987	-3.2935
1.988	-3.0566
1.989	-2.8345
1.99	-2.8174
1.991	-2.9712
1.992	-3.186
1.993	-3.3301
1.994	-3.3496
1.995	-3.3105
1.996	-3.2202
1.997	-3.2324
1.998	-3.3521
1.999	-3.4497
2	-3.5205
2.001	-3.5083
2.002	-3.3862
2.003	-3.2593
2.004	-3.1445
2.005	-3.1152
2.006	-3.2104
2.007	-3.3423
2.008	-3.4497
2.009	-3.5278
2.01	-3.5937
2.011	-3.6523
2.012	-3.6743
2.013	-3.667
2.014	-3.6108
2.015	-3.5303
2.016	-3.4961
2.017	-3.5132
2.018	-3.5889
2.019	-3.7134
2.02	-3.833
2.021	-3.8916
2.022	-3.8965
2.023	-3.8623
2.024	-3.811
2.025	-3.7988
2.026	-3.8428
2.027	-3.916
2.028	-3.9526
2.029	-3.9648
2.03	-3.9453
2.031	-3.8623
2.032	-3.811
2.033	-3.8184
2.034	-3.8867
2.035	-3.9697
2.036	-3.9966
2.037	-3.999
2.038	-3.9844
2.039	-3.9551
2.04	-3.9551
2.041	-3.9771
2.042	-3.9966
2.043	-4.0015
2.044	-3.9893
2.045	-3.9502
2.046	-3.8965
2.047	-3.8843
2.048	-3.9453
2.049	-3.9966
2.05	-3.9966
2.051	-3.9746
2.052	-3.9697
2.053	-3.9795
2.054	-3.9868
2.055	-3.9893
2.056	-3.9868
2.057	-3.9917
2.058	-3.999
2.059	-4.0015
2.06	-4.0015
2.061	-3.999
2.062	-3.9624
2.063	-3.9136
2.064	-3.8843
2.065	-3.8989
2.066	-3.9258
2.067	-3.9209
2.068	-3.8721
2.069	-3.8135
2.07	-3.7866
2.071	-3.8232
2.072	-3.9087
2.073	-3.96
2.074	-3.9648
2.075	-3.9331
2.076	-3.8501
2.077	-3.728
2.078	-3.6694
2.079	-3.7109
2.08	-3.7769
2.081	-3.7915
2.082	-3.7427
2.083	-3.6328
2.084	-3.4888
2.085	-3.4326
2.086	-3.4375
2.087	-3.479
2.088	-3.5474
2.089	-3.5791
2.09	-3.562
2.091	-3.4961
2.092	-3.3813
2.093	-3.2544
2.094	-3.147
2.095	-3.1006
2.096	-3.1445
2.097	-3.2251
2.098	-3.3154
2.099	-3.3838
2.1	-3.3643
2.101	-3.2959
2.102	-3.2153
2.103	-3.0981
2.104	-3.0298
2.105	-3.0176
2.106	-3.0908
2.107	-3.1885
2.108	-3.2544
2.109	-3.252
2.11	-3.1323
2.111	-2.9883
2.112	-2.8809
2.113	-2.8125
2.114	-2.8467
2.115	-2.9443
2.116	-3.0127
2.117	-2.9907
2.118	-2.8125
2.119	-2.4902
2.12	-2.2168
2.121	-2.1484
2.122	-2.2485
2.123	-2.4048
2.124	-2.4902
2.125	-2.4683
2.126	-2.3437
2.127	-2.1997
2.128	-2.1191
2.129	-2.0898
2.13	-2.1387
2.131	-2.2583
2.132	-2.2827
2.133	-2.2876
2.134	-2.2144
2.135	-2.0532
2.136	-1.9556
2.137	-1.9629
2.138	-1.9995
2.139	-2.1045
2.14	-2.1875
2.141	-2.168
2.142	-2.0679
2.143	-1.9531
2.144	-1.8896
2.145	-1.8579
2.146	-1.9116
2.147	-1.9702
2.148	-1.9653
2.149	-1.9312
2.15	-1.8164
2.151	-1.6284
2.152	-1.4771
2.153	-1.394
2.154	-1.333
2.155	-1.3281
2.156	-1.3306
2.157	-1.2964
2.158	-1.2964
2.159	-1.3306
2.16	-1.3281
2.161	-1.2769
2.162	-1.2134
2.163	-1.1621
2.164	-1.167
2.165	-1.228
2.166	-1.3379
2.167	-1.377
2.168	-1.2817
2.169	-1.1548
2.17	-1.0474
2.171	-1.0327
2.172	-1.1523
2.173	-1.355
2.174	-1.5234
2.175	-1.5625
2.176	-1.4014
2.177	-1.2207
2.178	-1.1206
2.179	-1.1157
2.18	-1.1987
2.181	-1.3013
2.182	-1.3208
2.183	-1.1963
2.184	-1.0205
2.185	-0.918
2.186	-0.8911
2.187	-0.9082
2.188	-0.9619
2.189	-0.9912
2.19	-0.9497
2.191	-0.8936
2.192	-0.8643
2.193	-0.8618
2.194	-0.8667
2.195	-0.8813
2.196	-0.8984
2.197	-0.896
2.198	-0.874
2.199	-0.8643
2.2	-0.8643
2.201	-0.8643
2.202	-0.8643
2.203	-0.8643
2.204	-0.874
2.205	-0.8789
2.206	-0.8813
2.207	-0.8691
2.208	-0.8643
2.209	-0.8643
2.21	-0.8643
2.211	-0.918
2.212	-1.0132
2.213	-1.04
2.214	-0.9424
2.215	-0.8691
2.216	-0.8716
2.217	-0.8643
2.218	-0.8765
2.219	-0.9863
2.22	-1.123
2.221	-1.0864
2.222	-0.9619
2.223	-0.8887
2.224	-0.8838
2.225	-0.9448
2.226	-1.1304
2.227	-1.3232
2.228	-1.3525
2.229	-1.1938
2.23	-0.9985
2.231	-0.9204
2.232	-0.918
2.233	-0.9985
2.234	-1.1987
2.235	-1.3696
2.236	-1.4185
2.237	-1.3135
2.238	-1.2036
2.239	-1.189
2.24	-1.2866
2.241	-1.4551
2.242	-1.5796
2.243	-1.5771
2.244	-1.4673
2.245	-1.3574
2.246	-1.2988
2.247	-1.3184
2.248	-1.4307
2.249	-1.4819
2.25	-1.5137
2.251	-1.5039
2.252	-1.4697
2.253	-1.5137
2.254	-1.5796
2.255	-1.6919
2.256	-1.7334
2.257	-1.6919
2.258	-1.5918
2.259	-1.5088
2.26	-1.5869
2.261	-1.7896
2.262	-2.0557
2.263	-2.1436
2.264	-2.0386
2.265	-1.8091
2.266	-1.6064
2.267	-1.5942
2.268	-1.731
2.269	-1.9653
2.27	-2.124
2.271	-2.0947
2.272	-1.9971
2.273	-1.8579
2.274	-1.8408
2.275	-1.9824
2.276	-2.2217
2.277	-2.4683
2.278	-2.5586
2.279	-2.4658
2.28	-2.2168
2.281	-2.0581
2.282	-2.0728
2.283	-2.2852
2.284	-2.5977
2.285	-2.7637
2.286	-2.7905
2.287	-2.561
2.288	-2.3315
2.289	-2.3145
2.29	-2.5244
2.291	-2.9004
2.292	-3.1836
2.293	-3.2935
2.294	-3.1909
2.295	-2.9932
2.296	-2.7832
2.297	-2.6758
2.298	-2.7612
2.299	-2.8613
2.3	-2.9785
2.301	-2.9932
2.302	-2.9004
2.303	-2.8687
2.304	-2.8687
2.305	-2.9297
2.306	-2.9883
2.307	-3.0322
2.308	-3.0151
2.309	-2.9248
2.31	-2.9028
2.311	-2.9321
2.312	-3.0371
2.313	-3.1201
2.314	-3.1226
2.315	-3.0518
2.316	-2.9907
2.317	-3.0371
2.318	-3.1592
2.319	-3.3667
2.32	-3.5352
2.321	-3.6035
2.322	-3.623
2.323	-3.6108
2.324	-3.6011
2.325	-3.6548
2.326	-3.7329
2.327	-3.833
2.328	-3.8965
2.329	-3.8794
2.33	-3.7988
2.331	-3.6865
2.332	-3.6206
2.333	-3.6938
2.334	-3.8354
2.335	-3.9136
2.336	-3.9209
2.337	-3.8501
2.338	-3.7061
2.339	-3.5645
2.34	-3.5449
2.341	-3.6646
2.342	-3.8013
2.343	-3.8843
2.344	-3.9111
2.345	-3.8843
2.346	-3.8086
2.347	-3.7427
2.348	-3.7305
2.349	-3.7842
2.35	-3.8672
2.351	-3.9062
2.352	-3.9258
2.353	-3.916
2.354	-3.9038
2.355	-3.9307
2.356	-3.9746
2.357	-3.9966
2.358	-4.0015
2.359	-4.0015
2.36	-4.0015
2.361	-4.0015
2.362	-3.9941
2.363	-3.9795
2.364	-3.9624
2.365	-3.9648
2.366	-3.9844
2.367	-3.999
2.368	-4.0039
2.369	-3.999
2.37	-3.9893
2.371	-3.9722
2.372	-3.9722
2.373	-3.9941
2.374	-4.0015
2.375	-4.0015
2.376	-3.9844
2.377	-3.9087
2.378	-3.7866
2.379	-3.7427
2.38	-3.8354
2.381	-3.9648
2.382	-3.999
2.383	-4.0015
2.384	-3.9844
2.385	-3.8965
2.386	-3.7769
2.387	-3.7573
2.388	-3.8184
2.389	-3.8843
2.39	-3.9087
2.391	-3.877
2.392	-3.8062
2.393	-3.7036
2.394	-3.6206
2.395	-3.6401
2.396	-3.7085
2.397	-3.7598
2.398	-3.7573
2.399	-3.6938
2.4	-3.606
2.401	-3.5718
2.402	-3.5962
2.403	-3.6523
2.404	-3.6938
2.405	-3.6719
2.406	-3.6084
2.407	-3.5156
2.408	-3.4814
2.409	-3.5083
2.41	-3.5059
2.411	-3.4473
2.412	-3.335
2.413	-3.1982
2.414	-3.1372
2.415	-3.1689
2.416	-3.252
2.417	-3.3179
2.418	-3.3008
2.419	-3.2104
2.42	-3.0371
2.421	-2.8979
2.422	-2.9248
2.423	-3.0981
2.424	-3.2837
2.425	-3.3447
2.426	-3.1982
2.427	-2.876
2.428	-2.5635
2.429	-2.4341
2.43	-2.5635
2.431	-2.8125
2.432	-3.0322
2.433	-3.1299
2.434	-3.0688
2.435	-2.9004
2.436	-2.7539
2.437	-2.6685
2.438	-2.7173
2.439	-2.8223
2.44	-2.8345
2.441	-2.7588
2.442	-2.5781
2.443	-2.3437
2.444	-2.1606
2.445	-2.0923
2.446	-2.1704
2.447	-2.3291
2.448	-2.4243
2.449	-2.3828
2.45	-2.2656
2.451	-2.1045
2.452	-1.9946
2.453	-1.9507
2.454	-1.958
2.455	-1.9751
2.456	-2.0239
2.457	-2.0874
2.458	-2.0947
2.459	-2.0288
2.46	-1.8945
2.461	-1.7651
2.462	-1.6504
2.463	-1.6113
2.464	-1.6235
2.465	-1.6821
2.466	-1.7236
2.467	-1.7041
2.468	-1.6699
2.469	-1.5796
2.47	-1.4941
2.471	-1.4795
2.472	-1.5454
2.473	-1.6772
2.474	-1.8433
2.475	-1.9019
2.476	-1.7896
2.477	-1.5332
2.478	-1.3232
2.479	-1.2476
2.48	-1.2817
2.481	-1.3843
2.482	-1.4355
2.483	-1.3965
2.484	-1.2793
2.485	-1.145
2.486	-1.0669
2.487	-1.0742
2.488	-1.1523
2.489	-1.2964
2.49	-1.4014
2.491	-1.3354
2.492	-1.1841
2.493	-1.0107
2.494	-0.9204
2.495	-0.9131
2.496	-0.9497
2.497	-1.0132
2.498	-1.0571
2.499	-1.0107
2.5	-0.957
2.501	-0.9204
2.502	-0.9082
2.503	-0.9302
2.504	-0.9595
2.505	-0.9961
2.506	-1.0327
2.507	-1.04
2.508	-1.0376
2.509	-1.0303
2.51	-0.9888
2.511	-0.9424
2.512	-0.9033
2.513	-0.874
2.514	-0.8691
2.515	-0.8618
2.516	-0.8691
2.517	-0.8862
2.518	-0.8936
2.519	-0.896
2.52	-0.8862
2.521	-0.874
2.522	-0.8691
2.523	-0.8691
2.524	-0.8716
2.525	-0.8691
2.526	-0.8618
2.527	-0.8813
2.528	-0.918
2.529	-0.9229
2.53	-0.8887
2.531	-0.8643
2.532	-0.8643
2.533	-0.8667
2.534	-0.8984
2.535	-0.9619
2.536	-0.9985
2.537	-0.9888
2.538	-0.9351
2.539	-0.8862
2.54	-0.874
2.541	-0.8813
2.542	-0.918
2.543	-1.0107
2.544	-1.0913
2.545	-1.1133
2.546	-1.0547
2.547	-0.9863
2.548	-0.9619
2.549	-1.0034
2.55	-1.0742
2.551	-1.1426
2.552	-1.1548
2.553	-1.1084
2.554	-1.0669
2.555	-1.0547
2.556	-1.0767
2.557	-1.1377
2.558	-1.1841
2.559	-1.2085
2.56	-1.2231
2.561	-1.2256
2.562	-1.25
2.563	-1.2964
2.564	-1.3892
2.565	-1.4868
2.566	-1.5259
2.567	-1.499
2.568	-1.4478
2.569	-1.4331
2.57	-1.4868
2.571	-1.5405
2.572	-1.5186
2.573	-1.4282
2.574	-1.3208
2.575	-1.2598
2.576	-1.3037
2.577	-1.4746
2.578	-1.6797
2.579	-1.8384
2.58	-1.8359
2.581	-1.7017
2.582	-1.5649
2.583	-1.499
2.584	-1.5845
2.585	-1.7847
2.586	-2.0044
2.587	-2.1338
2.588	-2.1289
2.589	-1.9873
2.59	-1.8188
2.591	-1.731
2.592	-1.7505
2.593	-1.9263
2.594	-2.1948
2.595	-2.395
2.596	-2.417
2.597	-2.334
2.598	-2.229
2.599	-2.207
2.6	-2.312
2.601	-2.4585
2.602	-2.5635
2.603	-2.583
2.604	-2.5317
2.605	-2.4805
2.606	-2.4878
2.607	-2.5439
2.608	-2.6196
2.609	-2.644
2.61	-2.6318
2.611	-2.583
2.612	-2.5122
2.613	-2.4316
2.614	-2.4414
2.615	-2.5537
2.616	-2.7661
2.617	-3.0005
2.618	-3.1323
2.619	-3.147
2.62	-3.0737
2.621	-2.9468
2.622	-2.8223
2.623	-2.7148
2.624	-2.6587
2.625	-2.6904
2.626	-2.7686
2.627	-2.915
2.628	-3.0908
2.629	-3.1982
2.63	-3.2397
2.631	-3.2007
2.632	-3.0884
2.633	-2.9834
2.634	-2.998
2.635	-3.1104
2.636	-3.3032
2.637	-3.4521
2.638	-3.5205
2.639	-3.54
2.64	-3.5352
2.641	-3.479
2.642	-3.4326
2.643	-3.418
2.644	-3.4253
2.645	-3.4619
2.646	-3.4546
2.647	-3.3984
2.648	-3.3496
2.649	-3.3545
2.65	-3.4277
2.651	-3.5474
2.652	-3.6475
2.653	-3.7109
2.654	-3.7256
2.655	-3.7012
2.656	-3.6646
2.657	-3.6206
2.658	-3.5742
2.659	-3.5669
2.66	-3.6011
2.661	-3.6548
2.662	-3.7305
2.663	-3.772
2.664	-3.7842
2.665	-3.7915
2.666	-3.811
2.667	-3.8647
2.668	-3.9331
2.669	-3.9697
2.67	-3.9746
2.671	-3.9624
2.672	-3.9233
2.673	-3.8892
2.674	-3.8745
2.675	-3.8672
2.676	-3.8843
2.677	-3.9233
2.678	-3.96
2.679	-3.9819
2.68	-3.9917
2.681	-3.9941
2.682	-3.9868
2.683	-3.9746
2.684	-3.9697
2.685	-3.9819
2.686	-3.9966
2.687	-4.0015
2.688	-4.0015
2.689	-3.999
2.69	-3.9868
2.691	-3.9673
2.692	-3.9551
2.693	-3.9722
2.694	-3.9966
2.695	-3.999
2.696	-3.9771
2.697	-3.9624
2.698	-3.9746
2.699	-3.9893
2.7	-3.9893
2.701	-3.96
2.702	-3.8843
2.703	-3.7769
2.704	-3.7231
2.705	-3.772
2.706	-3.8672
2.707	-3.9282
2.708	-3.9404
2.709	-3.9014
2.71	-3.811
2.711	-3.6987
2.712	-3.6523
2.713	-3.7231
2.714	-3.833
2.715	-3.9062
2.716	-3.9331
2.717	-3.9136
2.718	-3.8599
2.719	-3.8159
2.72	-3.811
2.721	-3.8379
2.722	-3.8623
2.723	-3.8477
2.724	-3.7939
2.725	-3.728
2.726	-3.6865
2.727	-3.6816
2.728	-3.7183
2.729	-3.7598
2.73	-3.7671
2.731	-3.7354
2.732	-3.667
2.733	-3.5645
2.734	-3.4692
2.735	-3.3862
2.736	-3.2983
2.737	-3.208
2.738	-3.1299
2.739	-3.0835
2.74	-3.0933
2.741	-3.1445
2.742	-3.2104
2.743	-3.2764
2.744	-3.2959
2.745	-3.269
2.746	-3.2202
2.747	-3.1592
2.748	-3.1128
2.749	-3.1226
2.75	-3.125
2.751	-3.0957
2.752	-2.9907
2.753	-2.8076
2.754	-2.6782
2.755	-2.6929
2.756	-2.8491
2.757	-3.0688
2.758	-3.2178
2.759	-3.2056
2.76	-3.0615
2.761	-2.8711
2.762	-2.7759
2.763	-2.8394
2.764	-2.9687
2.765	-3.0103
2.766	-2.9199
2.767	-2.6758
2.768	-2.3804
2.769	-2.2339
2.77	-2.3047
2.771	-2.5562
2.772	-2.8369
2.773	-2.9126
2.774	-2.7222
2.775	-2.3779
2.776	-2.0361
2.777	-1.8677
2.778	-1.9067
2.779	-2.0557
2.78	-2.2192
2.781	-2.29
2.782	-2.207
2.783	-2.0679
2.784	-1.9775
2.785	-1.9922
2.786	-2.1045
2.787	-2.2266
2.788	-2.2729
2.789	-2.1875
2.79	-2.0166
2.791	-1.8921
2.792	-1.8701
2.793	-1.9165
2.794	-1.958
2.795	-1.9189
2.796	-1.8237
2.797	-1.748
2.798	-1.7383
2.799	-1.8384
2.8	-1.9922
2.801	-2.0532
2.802	-1.936
2.803	-1.6821
2.804	-1.4404
2.805	-1.3306
2.806	-1.3623
2.807	-1.4795
2.808	-1.5723
2.809	-1.5356
2.81	-1.3843
2.811	-1.2402
2.812	-1.2109
2.813	-1.3452
2.814	-1.6016
2.815	-1.8408
2.816	-1.8774
2.817	-1.6528
2.818	-1.3501
2.819	-1.1572
2.82	-1.1084
2.821	-1.2183
2.822	-1.438
2.823	-1.5967
2.824	-1.5625
2.825	-1.3403
2.826	-1.106
2.827	-0.9912
2.828	-0.9863
2.829	-1.0791
2.83	-1.2231
2.831	-1.2793
2.832	-1.2036
2.833	-1.0645
2.834	-0.957
2.835	-0.918
2.836	-0.9229
2.837	-0.9595
2.838	-0.9741
2.839	-0.9424
2.84	-0.896
2.841	-0.8716
2.842	-0.874
2.843	-0.9058
2.844	-0.9619
2.845	-1.0083
2.846	-1.0107
2.847	-0.9668
2.848	-0.9229
2.849	-0.9106
2.85	-0.9106
2.851	-0.9253
2.852	-0.9326
2.853	-0.9106
2.854	-0.8887
2.855	-0.8789
2.856	-0.8862
2.857	-0.9082
2.858	-0.9302
2.859	-0.9302
2.86	-0.9009
2.861	-0.8667
2.862	-0.8643
2.863	-0.8643
2.864	-0.8618
2.865	-0.8643
2.866	-0.8667
2.867	-0.8618
2.868	-0.8716
2.869	-0.9204
2.87	-0.9766
2.871	-0.9717
2.872	-0.9253
2.873	-0.8911
2.874	-0.8862
2.875	-0.9131
2.876	-0.9961
2.877	-1.1108
2.878	-1.167
2.879	-1.1157
2.88	-1.0132
2.881	-0.9546
2.882	-0.9521
2.883	-0.9912
2.884	-1.0352
2.885	-1.0352
2.886	-0.9888
2.887	-0.9326
2.888	-0.9033
2.889	-0.9106
2.89	-0.9644
2.891	-1.0718
2.892	-1.167
2.893	-1.189
2.894	-1.1279
2.895	-1.062
2.896	-1.0425
2.897	-1.0669
2.898	-1.1108
2.899	-1.1548
2.9	-1.1841
2.901	-1.1963
2.902	-1.228
2.903	-1.2891
2.904	-1.3892
2.905	-1.4819
2.906	-1.5015
2.907	-1.4355
2.908	-1.3477
2.909	-1.3062
2.91	-1.3818
2.911	-1.582
2.912	-1.8018
2.913	-1.9043
2.914	-1.7871
2.915	-1.5356
2.916	-1.3354
2.917	-1.3013
2.918	-1.4624
2.919	-1.77
2.92	-2.063
2.921	-2.1216
2.922	-1.9312
2.923	-1.7065
2.924	-1.5796
2.925	-1.6528
2.926	-1.8994
2.927	-2.1484
2.928	-2.2437
2.929	-2.1021
2.93	-1.8286
2.931	-1.6431
2.932	-1.6431
2.933	-1.8237
2.934	-2.0972
2.935	-2.2876
2.936	-2.3022
2.937	-2.2095
2.938	-2.1167
2.939	-2.1045
2.94	-2.2314
2.941	-2.3975
2.942	-2.5269
2.943	-2.5293
2.944	-2.4097
2.945	-2.2876
2.946	-2.2583
2.947	-2.3413
2.948	-2.4707
2.949	-2.5732
2.95	-2.627
2.951	-2.6465
2.952	-2.7002
2.953	-2.8003
2.954	-2.9224
2.955	-3.0029
2.956	-2.9858
2.957	-2.8711
2.958	-2.7026
2.959	-2.6001
2.96	-2.666
2.961	-2.8687
2.962	-3.0762
2.963	-3.1763
2.964	-3.1445
2.965	-3.0054
2.966	-2.8662
2.967	-2.854
2.968	-2.9883
2.969	-3.1934
2.97	-3.313
2.971	-3.2642
2.972	-3.0835
2.973	-2.8882
2.974	-2.8442
2.975	-3.02
2.976	-3.2886
2.977	-3.4912
2.978	-3.5693
2.979	-3.5083
2.98	-3.3594
2.981	-3.2251
2.982	-3.186
2.983	-3.2959
2.984	-3.4595
2.985	-3.5547
2.986	-3.5449
2.987	-3.4546
2.988	-3.3569
2.989	-3.3618
2.99	-3.479
2.991	-3.6182
2.992	-3.7207
2.993	-3.7646
2.994	-3.7598
2.995	-3.7329
2.996	-3.7109
2.997	-3.7402
2.998	-3.7988
2.999	-3.833
3	-3.8159
3.001	-3.7671
3.002	-3.728
3.003	-3.7378
3.004	-3.8062
3.005	-3.8721
3.006	-3.9087
3.007	-3.9038
3.008	-3.8696
3.009	-3.8428
3.01	-3.8843
3.011	-3.9502
3.012	-3.9868
3.013	-3.9868
3.014	-3.9453
3.015	-3.8452
3.016	-3.7573
3.017	-3.7891
3.018	-3.9087
3.019	-3.9917
3.02	-4.0039
3.021	-4.0015
3.022	-3.9404
3.023	-3.8013
3.024	-3.7085
3.025	-3.7964
3.026	-3.938
3.027	-3.9966
3.028	-4.0015
3.029	-3.9868
3.03	-3.9453
3.031	-3.9136
3.032	-3.9478
3.033	-3.9966
3.034	-3.9966
3.035	-3.9795
3.036	-3.9917
3.037	-4.0039
3.038	-3.9868
3.039	-3.9819
3.04	-4.0015
3.041	-3.999
3.042	-3.9746
3.043	-3.96
3.044	-3.9624
3.045	-3.9673
3.046	-3.9722
3.047	-3.9697
3.048	-3.9673
3.049	-3.9648
3.05	-3.9673
3.051	-3.9673
3.052	-3.9551
3.053	-3.9331
3.054	-3.9185
3.055	-3.9282
3.056	-3.9551
3.057	-3.9771
3.058	-3.9844
3.059	-3.9771
3.06	-3.9355
3.061	-3.8672
3.062	-3.8013
3.063	-3.7817
3.064	-3.8135
3.065	-3.8647
3.066	-3.894
3.067	-3.8794
3.068	-3.8257
3.069	-3.7402
3.07	-3.689
3.071	-3.7085
3.072	-3.7671
3.073	-3.8184
3.074	-3.8403
3.075	-3.7988
3.076	-3.6987
3.077	-3.5596
3.078	-3.4473
3.079	-3.4351
3.08	-3.4985
3.081	-3.5498
3.082	-3.5571
3.083	-3.5352
3.084	-3.501
3.085	-3.4888
3.086	-3.5059
3.087	-3.5303
3.088	-3.5352
3.089	-3.4888
3.09	-3.3691
3.091	-3.2153
3.092	-3.0933
3.093	-3.0542
3.094	-3.0957
3.095	-3.186
3.096	-3.2764
3.097	-3.335
3.098	-3.3618
3.099	-3.3496
3.1	-3.269
3.101	-3.1323
3.102	-2.9687
3.103	-2.8076
3.104	-2.7344
3.105	-2.7783
3.106	-2.8857
3.107	-3.02
3.108	-3.0908
3.109	-3.0371
3.11	-2.8833
3.111	-2.688
3.112	-2.561
3.113	-2.5781
3.114	-2.6855
3.115	-2.7856
3.116	-2.7856
3.117	-2.6587
3.118	-2.4902
3.119	-2.3608
3.12	-2.3462
3.121	-2.4683
3.122	-2.6074
3.123	-2.6294
3.124	-2.5342
3.125	-2.3511
3.126	-2.2314
3.127	-2.2266
3.128	-2.3169
3.129	-2.4463
3.13	-2.4683
3.131	-2.3486
3.132	-2.1558
3.133	-1.9995
3.134	-1.9678
3.135	-2.0605
3.136	-2.1606
3.137	-2.1582
3.138	-2.0264
3.139	-1.8726
3.14	-1.7896
3.141	-1.8384
3.142	-1.9946
3.143	-2.1338
3.144	-2.1484
3.145	-2.0239
3.146	-1.8481
3.147	-1.7627
3.148	-1.8188
3.149	-1.9751
3.15	-2.1191
3.151	-2.0776
3.152	-1.7993
3.153	-1.4502
3.154	-1.2402
3.155	-1.25
3.156	-1.4624
3.157	-1.7896
3.158	-2.0288
3.159	-1.9873
3.16	-1.6919
3.161	-1.3867
3.162	-1.2451
3.163	-1.3135
3.164	-1.5259
3.165	-1.6797
3.166	-1.6138
3.167	-1.3403
3.168	-1.0815
3.169	-0.9814
3.17	-1.0107
3.171	-1.1816
3.172	-1.4307
3.173	-1.5283
3.174	-1.3818
3.175	-1.1401
3.176	-0.9888
3.177	-0.9619
3.178	-1.0254
3.179	-1.1523
3.18	-1.2524
3.181	-1.2354
3.182	-1.106
3.183	-0.9741
3.184	-0.9131
3.185	-0.9082
3.186	-0.9399
3.187	-0.9937
3.188	-1.0254
3.189	-1.0205
3.19	-1.0083
3.191	-1.0278
3.192	-1.0596
3.193	-1.0742
3.194	-1.0376
3.195	-0.9668
3.196	-0.9106
3.197	-0.8887
3.198	-0.896
3.199	-0.9375
3.2	-0.9985
3.201	-1.0083
3.202	-0.9521
3.203	-0.8862
3.204	-0.8594
3.205	-0.8594
3.206	-0.8618
3.207	-0.874
3.208	-0.8838
3.209	-0.8643
3.21	-0.8643
3.211	-0.896
3.212	-0.9082
3.213	-0.8813
3.214	-0.8618
3.215	-0.8618
3.216	-0.8594
3.217	-0.8691
3.218	-0.9033
3.219	-0.9351
3.22	-0.9253
3.221	-0.8813
3.222	-0.8618
3.223	-0.8594
3.224	-0.8643
3.225	-0.9033
3.226	-0.9497
3.227	-0.9595
3.228	-0.918
3.229	-0.8691
3.23	-0.8618
3.231	-0.8594
3.232	-0.8667
3.233	-0.9033
3.234	-0.9497
3.235	-0.9668
3.236	-0.9668
3.237	-0.957
3.238	-0.9717
3.239	-1.04
3.24	-1.1353
3.241	-1.189
3.242	-1.1523
3.243	-1.0645
3.244	-1.0205
3.245	-1.0376
3.246	-1.106
3.247	-1.2036
3.248	-1.2427
3.249	-1.2427
3.25	-1.2061
3.251	-1.1743
3.252	-1.2231
3.253	-1.3477
3.254	-1.4673
3.255	-1.4917
3.256	-1.3696
3.257	-1.2158
3.258	-1.1182
3.259	-1.123
3.26	-1.228
3.261	-1.394
3.262	-1.521
3.263	-1.4917
3.264	-1.3428
3.265	-1.2085
3.266	-1.1938
3.267	-1.3281
3.268	-1.5991
3.269	-1.8652
3.27	-1.9727
3.271	-1.9019
3.272	-1.7041
3.273	-1.5381
3.274	-1.5259
3.275	-1.6895
3.276	-1.9678
3.277	-2.2119
3.278	-2.2388
3.279	-2.0288
3.28	-1.7603
3.281	-1.6187
3.282	-1.6553
3.283	-1.853
3.284	-2.0801
3.285	-2.1631
3.286	-2.063
3.287	-1.8628
3.288	-1.7236
3.289	-1.7236
3.29	-1.9043
3.291	-2.1777
3.292	-2.3877
3.293	-2.4487
3.294	-2.3877
3.295	-2.2827
3.296	-2.2314
3.297	-2.207
3.298	-2.1704
3.299	-2.1411
3.3	-2.1655
3.301	-2.2803
3.302	-2.4731
3.303	-2.7051
3.304	-2.8467
3.305	-2.7905
3.306	-2.5879
3.307	-2.373
3.308	-2.2559
3.309	-2.3535
3.31	-2.5952
3.311	-2.8271
3.312	-2.9004
3.313	-2.771
3.314	-2.5073
3.315	-2.2705
3.316	-2.2241
3.317	-2.4023
3.318	-2.688
3.319	-2.9272
3.32	-2.981
3.321	-2.8418
3.322	-2.6196
3.323	-2.5269
3.324	-2.6416
3.325	-2.8906
3.326	-3.1787
3.327	-3.313
3.328	-3.2422
3.329	-3.064
3.33	-2.8442
3.331	-2.771
3.332	-2.9004
3.333	-3.1348
3.334	-3.3521
3.335	-3.4155
3.336	-3.3618
3.337	-3.2666
3.338	-3.1689
3.339	-3.1641
3.34	-3.2471
3.341	-3.3545
3.342	-3.4497
3.343	-3.5059
3.344	-3.5132
3.345	-3.4766
3.346	-3.4106
3.347	-3.3423
3.348	-3.2886
3.349	-3.2666
3.35	-3.2983
3.351	-3.3789
3.352	-3.4937
3.353	-3.6011
3.354	-3.6523
3.355	-3.6328
3.356	-3.5669
3.357	-3.4595
3.358	-3.3716
3.359	-3.3936
3.36	-3.5181
3.361	-3.6816
3.362	-3.7744
3.363	-3.772
3.364	-3.6719
3.365	-3.5376
3.366	-3.4912
3.367	-3.6035
3.368	-3.7842
3.369	-3.9062
3.37	-3.9307
3.371	-3.8721
3.372	-3.7476
3.373	-3.6572
3.374	-3.7231
3.375	-3.8916
3.376	-3.9893
3.377	-4.0039
3.378	-4.0015
3.379	-3.9673
3.38	-3.8965
3.381	-3.8672
3.382	-3.9038
3.383	-3.9624
3.384	-3.9917
3.385	-3.9941
3.386	-3.9844
3.387	-3.9673
3.388	-3.9624
3.389	-3.9697
3.39	-3.9771
3.391	-3.9771
3.392	-3.9771
3.393	-3.9819
3.394	-3.9966
3.395	-4.0088
3.396	-4.0039
3.397	-4.0039
3.398	-3.9893
3.399	-3.9526
3.4	-3.9282
3.401	-3.9551
3.402	-3.9941
3.403	-3.999
3.404	-3.9795
3.405	-3.9771
3.406	-3.9941
3.407	-3.999
3.408	-3.9941
3.409	-3.9673
3.41	-3.8989
3.411	-3.8354
3.412	-3.8281
3.413	-3.8574
3.414	-3.9014
3.415	-3.9233
3.416	-3.916
3.417	-3.8843
3.418	-3.8452
3.419	-3.8257
3.42	-3.833
3.421	-3.8623
3.422	-3.8892
3.423	-3.894
3.424	-3.8574
3.425	-3.7891
3.426	-3.7231
3.427	-3.6841
3.428	-3.6963
3.429	-3.7622
3.43	-3.8281
3.431	-3.8843
3.432	-3.9111
3.433	-3.9087
3.434	-3.8794
3.435	-3.8208
3.436	-3.7378
3.437	-3.6841
3.438	-3.6646
3.439	-3.667
3.44	-3.6816
3.441	-3.7061
3.442	-3.7085
3.443	-3.6621
3.444	-3.5571
3.445	-3.4229
3.446	-3.3228
3.447	-3.3203
3.448	-3.3667
3.449	-3.418
3.45	-3.4253
3.451	-3.3496
3.452	-3.23
3.453	-3.1372
3.454	-3.1348
3.455	-3.2251
3.456	-3.3447
3.457	-3.3813
3.458	-3.313
3.459	-3.1445
3.46	-2.9443
3.461	-2.8198
3.462	-2.8101
3.463	-2.9053
3.464	-3.02
3.465	-3.0615
3.466	-3.0103
3.467	-2.8955
3.468	-2.7979
3.469	-2.8052
3.47	-2.9102
3.471	-3.0469
3.472	-3.1543
3.473	-3.1714
3.474	-3.1323
3.475	-3.0469
3.476	-2.9053
3.477	-2.771
3.478	-2.6245
3.479	-2.5098
3.48	-2.4194
3.481	-2.3926
3.482	-2.5073
3.483	-2.71
3.484	-2.9053
3.485	-2.9395
3.486	-2.7686
3.487	-2.4658
3.488	-2.2144
3.489	-2.1704
3.49	-2.2461
3.491	-2.4072
3.492	-2.4731
3.493	-2.334
3.494	-2.0703
3.495	-1.7847
3.496	-1.6992
3.497	-1.8311
3.498	-2.1387
3.499	-2.4756
3.5	-2.5513
3.501	-2.4023
3.502	-2.0825
3.503	-1.8262
3.504	-1.792
3.505	-1.9116
3.506	-2.124
3.507	-2.1899
3.508	-2.0898
3.509	-1.8481
3.51	-1.5869
3.511	-1.4941
3.512	-1.5234
3.513	-1.687
3.514	-1.8555
3.515	-1.9019
3.516	-1.8628
3.517	-1.7139
3.518	-1.5967
3.519	-1.5503
3.52	-1.5649
3.521	-1.6724
3.522	-1.7456
3.523	-1.7529
3.524	-1.6846
3.525	-1.6138
3.526	-1.5894
3.527	-1.5723
3.528	-1.5747
3.529	-1.5479
3.53	-1.499
3.531	-1.4648
3.532	-1.4624
3.533	-1.5088
3.534	-1.5649
3.535	-1.5991
3.536	-1.5356
3.537	-1.3818
3.538	-1.2476
3.539	-1.1938
3.54	-1.2427
3.541	-1.3354
3.542	-1.3647
3.543	-1.2671
3.544	-1.0815
3.545	-0.9546
3.546	-0.9204
3.547	-0.9473
3.548	-1.0522
3.549	-1.1743
3.55	-1.1938
3.551	-1.0937
3.552	-0.9644
3.553	-0.9009
3.554	-0.9009
3.555	-0.9619
3.556	-1.0767
3.557	-1.1743
3.558	-1.1768
3.559	-1.0718
3.56	-0.9644
3.561	-0.9106
3.562	-0.9033
3.563	-0.9351
3.564	-0.9814
3.565	-1.001
3.566	-0.9717
3.567	-0.9277
3.568	-0.9009
3.569	-0.9033
3.57	-0.9351
3.571	-0.9912
3.572	-1.0327
3.573	-1.0181
3.574	-0.9473
3.575	-0.8936
3.576	-0.8667
3.577	-0.8594
3.578	-0.8569
3.579	-0.8618
3.58	-0.8618
3.581	-0.8618
3.582	-0.8594
3.583	-0.8594
3.584	-0.8594
3.585	-0.8643
3.586	-0.8838
3.587	-0.9106
3.588	-0.9229
3.589	-0.9033
3.59	-0.8789
3.591	-0.8667
3.592	-0.8667
3.593	-0.8911
3.594	-0.9521
3.595	-1.0229
3.596	-1.0278
3.597	-0.9619
3.598	-0.9033
3.599	-0.8789
3.6	-0.8813
3.601	-0.9155
3.602	-0.979
3.603	-1.0278
3.604	-1.0034
3.605	-0.9351
3.606	-0.8887
3.607	-0.8838
3.608	-0.918
3.609	-1.0181
3.61	-1.1597
3.611	-1.2305
3.612	-1.1963
3.613	-1.1182
3.614	-1.0669
3.615	-1.0864
3.616	-1.1865
3.617	-1.3184
3.618	-1.3965
3.619	-1.3647
3.62	-1.2598
3.621	-1.1597
3.622	-1.1426
3.623	-1.1938
3.624	-1.2964
3.625	-1.3916
3.626	-1.416
3.627	-1.416
3.628	-1.4453
3.629	-1.5063
3.63	-1.5991
3.631	-1.6479
3.632	-1.5796
3.633	-1.4624
3.634	-1.3965
3.635	-1.438
3.636	-1.6187
3.637	-1.8408
3.638	-1.8921
3.639	-1.7334
3.64	-1.4478
3.641	-1.2183
3.642	-1.1719
3.643	-1.333
3.644	-1.6968
3.645	-2.085
3.646	-2.2241
3.647	-2.0557
3.648	-1.7773
3.649	-1.6406
3.65	-1.7285
3.651	-2.0142
3.652	-2.3047
3.653	-2.3877
3.654	-2.2144
3.655	-1.897
3.656	-1.6479
3.657	-1.6357
3.658	-1.8799
3.659	-2.2559
3.66	-2.5195
3.661	-2.5049
3.662	-2.2778
3.663	-2.0142
3.664	-1.9263
3.665	-2.0801
3.666	-2.4097
3.667	-2.6855
3.668	-2.771
3.669	-2.6514
3.67	-2.439
3.671	-2.3022
3.672	-2.3145
3.673	-2.4536
3.674	-2.5854
3.675	-2.6221
3.676	-2.5732
3.677	-2.5464
3.678	-2.6147
3.679	-2.7954
3.68	-3.0103
3.681	-3.1421
3.682	-3.1177
3.683	-2.9663
3.684	-2.8003
3.685	-2.7612
3.686	-2.9028
3.687	-3.1128
3.688	-3.2324
3.689	-3.1934
3.69	-3.0249
3.691	-2.8369
3.692	-2.7417
3.693	-2.8125
3.694	-2.9761
3.695	-3.1421
3.696	-3.2251
3.697	-3.1519
3.698	-3.0127
3.699	-2.9053
3.7	-2.9736
3.701	-3.1714
3.702	-3.3252
3.703	-3.3472
3.704	-3.2104
3.705	-3.0029
3.706	-2.8711
3.707	-2.9565
3.708	-3.1934
3.709	-3.4448
3.71	-3.5864
3.711	-3.5474
3.712	-3.3984
3.713	-3.2349
3.714	-3.252
3.715	-3.4424
3.716	-3.6401
3.717	-3.7524
3.718	-3.7549
3.719	-3.7036
3.72	-3.6304
3.721	-3.6304
3.722	-3.7134
3.723	-3.8013
3.724	-3.8501
3.725	-3.811
3.726	-3.7329
3.727	-3.689
3.728	-3.7305
3.729	-3.8281
3.73	-3.9062
3.731	-3.9331
3.732	-3.8965
3.733	-3.7988
3.734	-3.7085
3.735	-3.6816
3.736	-3.7891
3.737	-3.9014
3.738	-3.9526
3.739	-3.9404
3.74	-3.8599
3.741	-3.7354
3.742	-3.6646
3.743	-3.7451
3.744	-3.8818
3.745	-3.9673
3.746	-3.9917
3.747	-3.9819
3.748	-3.9575
3.749	-3.9355
3.75	-3.9648
3.751	-4.0039
3.752	-3.9722
3.753	-3.9136
3.754	-3.9453
3.755	-3.999
3.756	-3.9966
3.757	-3.9771
3.758	-3.9868
3.759	-4.0039
3.76	-3.9844
3.761	-3.9624
3.762	-3.9746
3.763	-3.9941
3.764	-4.0039
3.765	-3.999
3.766	-3.9868
3.767	-3.9551
3.768	-3.9429
3.769	-3.96
3.77	-3.9819
3.771	-3.9893
3.772	-3.9893
3.773	-3.9697
3.774	-3.9526
3.775	-3.9551
3.776	-3.9697
3.777	-3.9795
3.778	-3.9722
3.779	-3.9307
3.78	-3.8696
3.781	-3.8135
3.782	-3.8232
3.783	-3.8867
3.784	-3.9233
3.785	-3.9087
3.786	-3.8281
3.787	-3.6914
3.788	-3.5864
3.789	-3.6011
3.79	-3.6987
3.791	-3.7988
3.792	-3.8208
3.793	-3.7427
3.794	-3.584
3.795	-3.4448
3.796	-3.4644
3.797	-3.6133
3.798	-3.7646
3.799	-3.8232
3.8	-3.7476
3.801	-3.5352
3.802	-3.2349
3.803	-3.0225
3.804	-3.0664
3.805	-3.3008
3.806	-3.5229
3.807	-3.6157
3.808	-3.5791
3.809	-3.4424
3.81	-3.3398
3.811	-3.3423
3.812	-3.4399
3.813	-3.5547
3.814	-3.5815
3.815	-3.5132
3.816	-3.3716
3.817	-3.1885
3.818	-3.0664
3.819	-3.0444
3.82	-3.0811
3.821	-3.1348
3.822	-3.1592
3.823	-3.1372
3.824	-3.0957
3.825	-3.0786
3.826	-3.0859
3.827	-3.0811
3.828	-3.0518
3.829	-2.9956
3.83	-2.9272
3.831	-2.9004
3.832	-2.9492
3.833	-2.998
3.834	-3.0005
3.835	-2.9199
3.836	-2.7075
3.837	-2.4927
3.838	-2.3779
3.839	-2.4268
3.84	-2.6123
3.841	-2.8564
3.842	-2.9517
3.843	-2.8418
3.844	-2.5635
3.845	-2.2925
3.846	-2.2021
3.847	-2.3267
3.848	-2.5391
3.849	-2.6782
3.85	-2.6099
3.851	-2.3437
3.852	-2.0361
3.853	-1.8823
3.854	-1.958
3.855	-2.1899
3.856	-2.4316
3.857	-2.4707
3.858	-2.2778
3.859	-1.9995
3.86	-1.7798
3.861	-1.7627
3.862	-1.936
3.863	-2.1558
3.864	-2.2656
3.865	-2.1899
3.866	-1.9678
3.867	-1.7676
3.868	-1.6772
3.869	-1.7139
3.87	-1.8164
3.871	-1.9238
3.872	-1.9482
3.873	-1.8799
3.874	-1.7725
3.875	-1.687
3.876	-1.6602
3.877	-1.6577
3.878	-1.6333
3.879	-1.582
3.88	-1.5186
3.881	-1.4868
3.882	-1.5356
3.883	-1.6309
3.884	-1.6846
3.885	-1.6211
3.886	-1.4331
3.887	-1.2354
3.888	-1.1279
3.889	-1.1353
3.89	-1.2305
3.891	-1.377
3.892	-1.4478
3.893	-1.3721
3.894	-1.2256
3.895	-1.0864
3.896	-1.0327
3.897	-1.0937
3.898	-1.2305
3.899	-1.355
3.9	-1.3379
3.901	-1.1865
3.902	-1.04
3.903	-0.9912
3.904	-1.0425
3.905	-1.1841
3.906	-1.3306
3.907	-1.3379
3.908	-1.189
3.909	-1.0107
3.91	-0.9155
3.911	-0.9058
3.912	-0.979
3.913	-1.1475
3.914	-1.2817
3.915	-1.2378
3.916	-1.0718
3.917	-0.9253
3.918	-0.874
3.919	-0.8667
3.92	-0.8789
3.921	-0.9009
3.922	-0.8984
3.923	-0.8716
3.924	-0.8594
3.925	-0.8643
3.926	-0.8618
3.927	-0.8594
3.928	-0.8667
3.929	-0.874
3.93	-0.8643
3.931	-0.8594
3.932	-0.8643
3.933	-0.8618
3.934	-0.8594
3.935	-0.8667
3.936	-0.8643
3.937	-0.8594
3.938	-0.8691
3.939	-0.874
3.94	-0.8643
3.941	-0.8643
3.942	-0.874
3.943	-0.8765
3.944	-0.8594
3.945	-0.8643
3.946	-0.8789
3.947	-0.8862
3.948	-0.874
3.949	-0.8643
3.95	-0.8667
3.951	-0.8911
3.952	-0.9619
3.953	-1.0596
3.954	-1.0889
3.955	-1.0278
3.956	-0.9595
3.957	-0.9204
3.958	-0.9277
3.959	-0.9937
3.96	-1.1328
3.961	-1.272
3.962	-1.311
3.963	-1.2402
3.964	-1.123
3.965	-1.0425
3.966	-1.0181
3.967	-1.0474
3.968	-1.106
3.969	-1.1572
3.97	-1.1621
3.971	-1.1133
3.972	-1.0669
3.973	-1.0498
3.974	-1.0645
3.975	-1.0986
3.976	-1.1011
3.977	-1.0815
3.978	-1.0693
3.979	-1.0742
3.98	-1.1206
3.981	-1.2158
3.982	-1.3086
3.983	-1.3672
3.984	-1.3574
3.985	-1.311
3.986	-1.3013
3.987	-1.355
3.988	-1.4453
3.989	-1.5552
3.99	-1.626
3.991	-1.6406
3.992	-1.6602
3.993	-1.7334
3.994	-1.8652
3.995	-1.9702
3.996	-1.958
3.997	-1.8091
3.998	-1.6064
3.999	-1.4526
4	-1.4307
4.001	-1.5796
4.002	-1.853
4.003	-2.1167
4.004	-2.2046
4.005	-2.0801
4.006	-1.8457
4.007	-1.6821
4.008	-1.6577
4.009	-1.7603
4.01	-1.9336
4.011	-2.0703
4.012	-2.0972
4.013	-2.0532
4.014	-1.9824
4.015	-1.9556
4.016	-2.0142
4.017	-2.1118
4.018	-2.1777
4.019	-2.207
4.02	-2.2217
4.021	-2.2437
4.022	-2.3047
4.023	-2.4048
4.024	-2.5049
4.025	-2.5684
4.026	-2.5684
4.027	-2.5415
4.028	-2.5464
4.029	-2.583
4.03	-2.6611
4.031	-2.7173
4.032	-2.7002
4.033	-2.6221
4.034	-2.5635
4.035	-2.5854
4.036	-2.7026
4.037	-2.8564
4.038	-2.9199
4.039	-2.8516
4.04	-2.7051
4.041	-2.5415
4.042	-2.5293
4.043	-2.7295
4.044	-3.0029
4.045	-3.1909
4.046	-3.1934
4.047	-2.998
4.048	-2.7783
4.049	-2.7002
4.05	-2.8296
4.051	-3.0908
4.052	-3.3252
4.053	-3.4155
4.054	-3.3667
4.055	-3.2349
4.056	-3.1152
4.057	-3.125
4.058	-3.2764
4.059	-3.4692
4.06	-3.6157
4.061	-3.667
4.062	-3.6304
4.063	-3.5498
4.064	-3.4814
4.065	-3.4692
4.066	-3.4937
4.067	-3.5229
4.068	-3.5376
4.069	-3.5352
4.07	-3.5278
4.071	-3.5181
4.072	-3.5229
4.073	-3.5547
4.074	-3.5718
4.075	-3.5767
4.076	-3.5889
4.077	-3.6206
4.078	-3.6865
4.079	-3.7476
4.08	-3.7622
4.081	-3.7305
4.082	-3.6475
4.083	-3.5815
4.084	-3.6157
4.085	-3.7451
4.086	-3.9062
4.087	-3.9868
4.088	-4.0015
4.089	-3.9868
4.09	-3.9282
4.091	-3.8403
4.092	-3.8354
4.093	-3.9087
4.094	-3.9844
4.095	-4.0063
4.096	-4.0063
4.097	-4.0015
4.098	-3.9526
4.099	-3.8965
4.1	-3.916
4.101	-3.9844
4.102	-4.0088
4.103	-3.9941
4.104	-4.0039
4.105	-3.9917
4.106	-3.9331
4.107	-3.9038
4.108	-3.9429
4.109	-3.9941
4.11	-4.0039
4.111	-4.0015
4.112	-4.0063
4.113	-3.9795
4.114	-3.938
4.115	-3.9526
4.116	-3.9966
4.117	-4.0015
4.118	-3.9722
4.119	-3.9624
4.12	-3.9722
4.121	-3.9868
4.122	-3.9868
4.123	-3.9648
4.124	-3.9282
4.125	-3.894
4.126	-3.8843
4.127	-3.8794
4.128	-3.8525
4.129	-3.8037
4.13	-3.7573
4.131	-3.7524
4.132	-3.811
4.133	-3.8745
4.134	-3.8965
4.135	-3.8477
4.136	-3.7231
4.137	-3.5718
4.138	-3.5205
4.139	-3.6377
4.14	-3.7964
4.141	-3.894
4.142	-3.9062
4.143	-3.8354
4.144	-3.6865
4.145	-3.5718
4.146	-3.5913
4.147	-3.7134
4.148	-3.8208
4.149	-3.8599
4.15	-3.7915
4.151	-3.6035
4.152	-3.374
4.153	-3.2666
4.154	-3.3716
4.155	-3.584
4.156	-3.7183
4.157	-3.7061
4.158	-3.54
4.159	-3.2593
4.16	-3.0103
4.161	-2.9614
4.162	-3.1079
4.163	-3.3008
4.164	-3.4033
4.165	-3.3521
4.166	-3.1763
4.167	-2.9932
4.168	-2.9321
4.169	-3.0396
4.17	-3.2153
4.171	-3.3203
4.172	-3.2764
4.173	-3.1104
4.174	-2.9175
4.175	-2.8076
4.176	-2.8345
4.177	-2.937
4.178	-3.0103
4.179	-3.0103
4.18	-2.9346
4.181	-2.8223
4.182	-2.7173
4.183	-2.6489
4.184	-2.644
4.185	-2.6733
4.186	-2.6978
4.187	-2.7051
4.188	-2.6807
4.189	-2.6196
4.19	-2.5684
4.191	-2.5415
4.192	-2.5073
4.193	-2.4243
4.194	-2.3291
4.195	-2.2778
4.196	-2.3193
4.197	-2.4316
4.198	-2.5708
4.199	-2.666
4.2	-2.6392
4.201	-2.4634
4.202	-2.2119
4.203	-2.0312
4.204	-2.0312
4.205	-2.2266
4.206	-2.4756
4.207	-2.6001
4.208	-2.5195
4.209	-2.29
4.21	-2.0288
4.211	-1.9165
4.212	-1.98
4.213	-2.146
4.214	-2.2925
4.215	-2.2998
4.216	-2.1362
4.217	-1.9092
4.218	-1.7432
4.219	-1.687
4.22	-1.709
4.221	-1.7554
4.222	-1.7261
4.223	-1.6235
4.224	-1.4941
4.225	-1.4233
4.226	-1.4624
4.227	-1.5918
4.228	-1.7627
4.229	-1.8823
4.23	-1.8359
4.231	-1.6748
4.232	-1.4966
4.233	-1.3721
4.234	-1.3208
4.235	-1.333
4.236	-1.3501
4.237	-1.3525
4.238	-1.3501
4.239	-1.3354
4.24	-1.3452
4.241	-1.394
4.242	-1.438
4.243	-1.4429
4.244	-1.377
4.245	-1.2622
4.246	-1.1914
4.247	-1.1914
4.248	-1.2329
4.249	-1.2793
4.25	-1.2646
4.251	-1.1743
4.252	-1.0815
4.253	-1.0229
4.254	-1.0181
4.255	-1.0669
4.256	-1.1304
4.257	-1.1426
4.258	-1.0742
4.259	-0.9717
4.26	-0.9009
4.261	-0.8765
4.262	-0.8789
4.263	-0.8911
4.264	-0.8984
4.265	-0.8887
4.266	-0.8691
4.267	-0.8594
4.268	-0.8594
4.269	-0.8643
4.27	-0.8789
4.271	-0.9033
4.272	-0.9131
4.273	-0.8936
4.274	-0.874
4.275	-0.8667
4.276	-0.8643
4.277	-0.8667
4.278	-0.8789
4.279	-0.9009
4.28	-0.9253
4.281	-0.9473
4.282	-0.9619
4.283	-0.9546
4.284	-0.9302
4.285	-0.8936
4.286	-0.8643
4.287	-0.8569
4.288	-0.8594
4.289	-0.8618
4.29	-0.8594
4.291	-0.8643
4.292	-0.8594
4.293	-0.8594
4.294	-0.8911
4.295	-0.9497
4.296	-0.9863
4.297	-0.9619
4.298	-0.918
4.299	-0.8936
4.3	-0.8984
4.301	-0.9399
4.302	-1.0132
4.303	-1.0864
4.304	-1.1011
4.305	-1.0498
4.306	-0.9839
4.307	-0.9399
4.308	-0.9277
4.309	-0.9546
4.31	-1.0083
4.311	-1.04
4.312	-1.0107
4.313	-0.9521
4.314	-0.9058
4.315	-0.8911
4.316	-0.9106
4.317	-0.9619
4.318	-1.0571
4.319	-1.1621
4.32	-1.1938
4.321	-1.1523
4.322	-1.0791
4.323	-1.0327
4.324	-1.0327
4.325	-1.0937
4.326	-1.1792
4.327	-1.2671
4.328	-1.3159
4.329	-1.2866
4.33	-1.2378
4.331	-1.1914
4.332	-1.167
4.333	-1.1963
4.334	-1.2842
4.335	-1.4185
4.336	-1.5894
4.337	-1.7065
4.338	-1.6919
4.339	-1.5649
4.34	-1.438
4.341	-1.3354
4.342	-1.333
4.343	-1.4111
4.344	-1.5503
4.345	-1.6919
4.346	-1.7505
4.347	-1.7114
4.348	-1.6309
4.349	-1.5942
4.35	-1.6504
4.351	-1.7993
4.352	-1.9653
4.353	-2.063
4.354	-2.0068
4.355	-1.8701
4.356	-1.7505
4.357	-1.748
4.358	-1.8848
4.359	-2.0996
4.36	-2.3193
4.361	-2.4561
4.362	-2.439
4.363	-2.3291
4.364	-2.1704
4.365	-2.0581
4.366	-2.0483
4.367	-2.1191
4.368	-2.2266
4.369	-2.3364
4.37	-2.4438
4.371	-2.4951
4.372	-2.4902
4.373	-2.4292
4.374	-2.334
4.375	-2.2974
4.376	-2.3584
4.377	-2.5049
4.378	-2.6782
4.379	-2.7783
4.38	-2.7466
4.381	-2.6074
4.382	-2.4683
4.383	-2.4365
4.384	-2.5537
4.385	-2.7759
4.386	-2.998
4.387	-3.1079
4.388	-3.0737
4.389	-2.9468
4.39	-2.8467
4.391	-2.8662
4.392	-3.064
4.393	-3.3325
4.394	-3.5107
4.395	-3.5376
4.396	-3.3887
4.397	-3.1372
4.398	-2.9614
4.399	-2.9614
4.4	-3.1396
4.401	-3.3813
4.402	-3.5352
4.403	-3.562
4.404	-3.4692
4.405	-3.3252
4.406	-3.2593
4.407	-3.3325
4.408	-3.4644
4.409	-3.562
4.41	-3.5742
4.411	-3.4839
4.412	-3.3496
4.413	-3.2544
4.414	-3.2422
4.415	-3.3154
4.416	-3.4302
4.417	-3.5449
4.418	-3.6304
4.419	-3.6768
4.42	-3.7158
4.421	-3.7427
4.422	-3.7671
4.423	-3.7793
4.424	-3.7817
4.425	-3.7622
4.426	-3.7598
4.427	-3.7915
4.428	-3.8403
4.429	-3.8892
4.43	-3.9209
4.431	-3.916
4.432	-3.8965
4.433	-3.8818
4.434	-3.9062
4.435	-3.9551
4.436	-3.999
4.437	-4.0063
4.438	-3.9966
4.439	-3.9478
4.44	-3.8696
4.441	-3.8306
4.442	-3.8989
4.443	-3.9868
4.444	-4.0063
4.445	-3.999
4.446	-4.0063
4.447	-3.9771
4.448	-3.9062
4.449	-3.8843
4.45	-3.9404
4.451	-3.9941
4.452	-4.0063
4.453	-4.0039
4.454	-3.9917
4.455	-3.9673
4.456	-3.9648
4.457	-3.9966
4.458	-4.0015
4.459	-3.9551
4.46	-3.9111
4.461	-3.9087
4.462	-3.9307
4.463	-3.9429
4.464	-3.9136
4.465	-3.8599
4.466	-3.8184
4.467	-3.833
4.468	-3.8892
4.469	-3.938
4.47	-3.9478
4.471	-3.9331
4.472	-3.8867
4.473	-3.8232
4.474	-3.7866
4.475	-3.7769
4.476	-3.7451
4.477	-3.6572
4.478	-3.5352
4.479	-3.4717
4.48	-3.5596
4.481	-3.75
4.482	-3.9185
4.483	-3.9844
4.484	-3.9795
4.485	-3.9038
4.486	-3.7085
4.487	-3.4985
4.488	-3.4521
4.489	-3.5693
4.49	-3.7061
4.491	-3.7549
4.492	-3.6768
4.493	-3.479
4.494	-3.2764
4.495	-3.2056
4.496	-3.3252
4.497	-3.5303
4.498	-3.6475
4.499	-3.6133
4.5	-3.4277
4.501	-3.1543
4.502	-2.9395
4.503	-2.8955
4.504	-2.998
4.505	-3.1201
4.506	-3.1372
4.507	-3.0273
4.508	-2.8516
4.509	-2.7295
4.51	-2.7368
4.511	-2.8467
4.512	-2.9907
4.513	-3.064
4.514	-3.0151
4.515	-2.8906
4.516	-2.7954
4.517	-2.7686
4.518	-2.7954
4.519	-2.8394
4.52	-2.8516
4.521	-2.8369
4.522	-2.832
4.523	-2.8662
4.524	-2.937
4.525	-2.9883
4.526	-2.937
4.527	-2.7197
4.528	-2.3779
4.529	-2.085
4.53	-1.9849
4.531	-2.1191
4.532	-2.3975
4.533	-2.5659
4.534	-2.4927
4.535	-2.1802
4.536	-1.7969
4.537	-1.5942
4.538	-1.6821
4.539	-1.9507
4.54	-2.2559
4.541	-2.3633
4.542	-2.2266
4.543	-1.9629
4.544	-1.7139
4.545	-1.6455
4.546	-1.7554
4.547	-1.9531
4.548	-2.0825
4.549	-2.019
4.55	-1.8652
4.551	-1.7236
4.552	-1.7383
4.553	-1.9116
4.554	-2.1289
4.555	-2.3071
4.556	-2.2485
4.557	-2.0728
4.558	-1.8359
4.559	-1.6382
4.56	-1.5405
4.561	-1.4624
4.562	-1.4331
4.563	-1.3818
4.564	-1.3379
4.565	-1.3477
4.566	-1.4062
4.567	-1.5088
4.568	-1.5479
4.569	-1.4771
4.57	-1.3037
4.571	-1.1206
4.572	-1.0522
4.573	-1.0669
4.574	-1.1646
4.575	-1.2964
4.576	-1.311
4.577	-1.1816
4.578	-1.0083
4.579	-0.918
4.58	-0.9155
4.581	-1.0083
4.582	-1.2012
4.583	-1.3574
4.584	-1.3623
4.585	-1.1938
4.586	-1.0254
4.587	-0.957
4.588	-0.9814
4.589	-1.1011
4.59	-1.2305
4.591	-1.2451
4.592	-1.0937
4.593	-0.9229
4.594	-0.8618
4.595	-0.8569
4.596	-0.874
4.597	-0.9399
4.598	-0.9888
4.599	-0.9595
4.6	-0.8887
4.601	-0.8569
4.602	-0.8716
4.603	-0.874
4.604	-0.8618
4.605	-0.8594
4.606	-0.8691
4.607	-0.8643
4.608	-0.8569
4.609	-0.8667
4.61	-0.8789
4.611	-0.8838
4.612	-0.8838
4.613	-0.8862
4.614	-0.8887
4.615	-0.8838
4.616	-0.8691
4.617	-0.8618
4.618	-0.8594
4.619	-0.8594
4.62	-0.8716
4.621	-0.8911
4.622	-0.9009
4.623	-0.8887
4.624	-0.8643
4.625	-0.8594
4.626	-0.8594
4.627	-0.896
4.628	-1.0254
4.629	-1.1792
4.63	-1.2354
4.631	-1.1523
4.632	-1.0352
4.633	-0.9863
4.634	-1.0376
4.635	-1.2085
4.636	-1.4404
4.637	-1.5503
4.638	-1.4355
4.639	-1.2085
4.64	-1.0449
4.641	-1.0034
4.642	-1.0913
4.643	-1.2915
4.644	-1.5039
4.645	-1.5552
4.646	-1.4087
4.647	-1.1987
4.648	-1.0815
4.649	-1.0864
4.65	-1.2256
4.651	-1.4185
4.652	-1.5259
4.653	-1.46
4.654	-1.272
4.655	-1.1108
4.656	-1.0474
4.657	-1.084
4.658	-1.2183
4.659	-1.3989
4.66	-1.5161
4.661	-1.5381
4.662	-1.4966
4.663	-1.5112
4.664	-1.6382
4.665	-1.8115
4.666	-1.9263
4.667	-1.9263
4.668	-1.8677
4.669	-1.8262
4.67	-1.8359
4.671	-1.9067
4.672	-1.9702
4.673	-1.9897
4.674	-1.958
4.675	-1.9214
4.676	-1.9946
4.677	-2.1924
4.678	-2.417
4.679	-2.5146
4.68	-2.3901
4.681	-2.1021
4.682	-1.814
4.683	-1.7017
4.684	-1.7847
4.685	-2.0337
4.686	-2.3047
4.687	-2.395
4.688	-2.2681
4.689	-2.0117
4.69	-1.7798
4.691	-1.7432
4.692	-1.9312
4.693	-2.2803
4.694	-2.6196
4.695	-2.7783
4.696	-2.7124
4.697	-2.5049
4.698	-2.3511
4.699	-2.3755
4.7	-2.5952
4.701	-2.8955
4.702	-3.0981
4.703	-3.125
4.704	-2.9932
4.705	-2.8076
4.706	-2.7417
4.707	-2.8247
4.708	-3.0322
4.709	-3.2373
4.71	-3.3374
4.711	-3.2935
4.712	-3.1396
4.713	-2.998
4.714	-2.9687
4.715	-3.0542
4.716	-3.2031
4.717	-3.3252
4.718	-3.3936
4.719	-3.3984
4.72	-3.3423
4.721	-3.2446
4.722	-3.1177
4.723	-3.0176
4.724	-2.9907
4.725	-3.0713
4.726	-3.2373
4.727	-3.4229
4.728	-3.562
4.729	-3.6035
4.73	-3.5791
4.731	-3.5205
4.732	-3.4644
4.733	-3.4985
4.734	-3.6157
4.735	-3.75
4.736	-3.833
4.737	-3.855
4.738	-3.8086
4.739	-3.7354
4.74	-3.6987
4.741	-3.7207
4.742	-3.7891
4.743	-3.8647
4.744	-3.9111
4.745	-3.9136
4.746	-3.8892
4.747	-3.8501
4.748	-3.8354
4.749	-3.8672
4.75	-3.9233
4.751	-3.9697
4.752	-3.9893
4.753	-3.9771
4.754	-3.916
4.755	-3.8037
4.756	-3.7012
4.757	-3.7231
4.758	-3.8257
4.759	-3.9233
4.76	-3.9819
4.761	-3.9966
4.762	-3.9893
4.763	-3.9819
4.764	-3.9673
4.765	-3.9722
4.766	-3.9868
4.767	-4.0015
4.768	-4.0063
4.769	-4.0039
4.77	-3.9917
4.771	-3.9819
4.772	-3.9893
4.773	-4.0015
4.774	-4.0063
4.775	-4.0063
4.776	-4.0063
4.777	-3.9966
4.778	-3.9844
4.779	-3.9746
4.78	-3.9795
4.781	-3.9941
4.782	-4.0039
4.783	-4.0088
4.784	-4.0063
4.785	-4.0088
4.786	-4.0063
4.787	-4.0015
4.788	-3.9941
4.789	-3.9966
4.79	-4.0039
4.791	-4.0063
4.792	-4.0063
4.793	-4.0015
4.794	-3.9868
4.795	-3.9746
4.796	-3.9746
4.797	-3.9722
4.798	-3.9502
4.799	-3.916
4.8	-3.8379
4.801	-3.7476
4.802	-3.689
4.803	-3.6426
4.804	-3.6353
4.805	-3.6865
4.806	-3.7012
4.807	-3.7305
4.808	-3.7573
4.809	-3.7305
4.81	-3.6792
4.811	-3.5962
4.812	-3.4766
4.813	-3.4741
4.814	-3.5596
4.815	-3.6865
4.816	-3.8062
4.817	-3.833
4.818	-3.7744
4.819	-3.6768
4.82	-3.5498
4.821	-3.4961
4.822	-3.5352
4.823	-3.5986
4.824	-3.6572
4.825	-3.7012
4.826	-3.6914
4.827	-3.6499
4.828	-3.6108
4.829	-3.5913
4.83	-3.5718
4.831	-3.5547
4.832	-3.4961
4.833	-3.4131
4.834	-3.291
4.835	-3.1323
4.836	-2.9492
4.837	-2.8662
4.838	-2.8784
4.839	-2.9761
4.84	-3.1372
4.841	-3.2422
4.842	-3.2446
4.843	-3.1421
4.844	-2.937
4.845	-2.7686
4.846	-2.7393
4.847	-2.8442
4.848	-3.0151
4.849	-3.1226
4.85	-3.0713
4.851	-2.8784
4.852	-2.6367
4.853	-2.439
4.854	-2.4023
4.855	-2.5269
4.856	-2.7441
4.857	-2.9443
4.858	-3.0225
4.859	-2.9687
4.86	-2.7979
4.861	-2.6025
4.862	-2.4829
4.863	-2.4487
4.864	-2.4854
4.865	-2.5659
4.866	-2.6123
4.867	-2.5928
4.868	-2.4463
4.869	-2.2241
4.87	-2.019
4.871	-1.9507
4.872	-2.0215
4.873	-2.1338
4.874	-2.2412
4.875	-2.2559
4.876	-2.146
4.877	-1.9678
4.878	-1.8188
4.879	-1.7798
4.88	-1.8604
4.881	-1.9971
4.882	-2.0703
4.883	-2.0117
4.884	-1.875
4.885	-1.7017
4.886	-1.6138
4.887	-1.6284
4.888	-1.7187
4.889	-1.8457
4.89	-1.9067
4.891	-1.853
4.892	-1.7212
4.893	-1.5698
4.894	-1.4673
4.895	-1.4575
4.896	-1.5332
4.897	-1.6528
4.898	-1.7505
4.899	-1.7773
4.9	-1.7139
4.901	-1.6235
4.902	-1.5161
4.903	-1.4062
4.904	-1.3403
4.905	-1.2964
4.906	-1.2769
4.907	-1.3086
4.908	-1.3623
4.909	-1.3989
4.91	-1.3721
4.911	-1.2988
4.912	-1.2207
4.913	-1.1841
4.914	-1.2085
4.915	-1.272
4.916	-1.333
4.917	-1.3135
4.918	-1.2085
4.919	-1.0767
4.92	-0.9937
4.921	-0.9937
4.922	-1.0791
4.923	-1.2061
4.924	-1.3062
4.925	-1.3013
4.926	-1.1963
4.927	-1.0791
4.928	-1.0083
4.929	-0.9912
4.93	-1.0278
4.931	-1.0937
4.932	-1.1328
4.933	-1.0962
4.934	-1.001
4.935	-0.9106
4.936	-0.8643
4.937	-0.8569
4.938	-0.8594
4.939	-0.8716
4.94	-0.8887
4.941	-0.8984
4.942	-0.896
4.943	-0.8813
4.944	-0.8716
4.945	-0.8765
4.946	-0.8838
4.947	-0.8887
4.948	-0.8789
4.949	-0.8643
4.95	-0.8569
4.951	-0.8594
4.952	-0.8594
4.953	-0.8569
4.954	-0.8594
4.955	-0.8838
4.956	-0.9131
4.957	-0.9277
4.958	-0.9082
4.959	-0.8716
4.96	-0.8545
4.961	-0.8643
4.962	-0.8765
4.963	-0.8643
4.964	-0.8569
4.965	-0.8594
4.966	-0.8569
4.967	-0.8569
4.968	-0.8789
4.969	-0.9204
4.97	-0.957
4.971	-0.9619
4.972	-0.9473
4.973	-0.9473
4.974	-0.9863
4.975	-1.0693
4.976	-1.1963
4.977	-1.2842
4.978	-1.2842
4.979	-1.2109
4.98	-1.1133
4.981	-1.0278
4.982	-0.9839
4.983	-0.9741
4.984	-0.9912
4.985	-1.04
4.986	-1.0937
4.987	-1.1255
4.988	-1.1377
4.989	-1.123
4.99	-1.1084
4.991	-1.1206
4.992	-1.1377
4.993	-1.1523
4.994	-1.145
4.995	-1.084
4.996	-1.0083
4.997	-0.9644
4.998	-0.9644
4.999	-1.0181
