run08
run09	 14.205	 15.155000000000001	 16.685000000000002	 18.105000000000004
run10	 14.185	 15.134999999999998	 16.534999999999997	 18.13500000000001
run02	 14.195	 15.145000000000001	 16.675	 18.105000000000004
run03	 14.124999999999998	 15.104999999999999	 16.654999999999998	 18.105000000000004
run01	 13.715	 14.725	 16.254999999999995	 17.695
run06	 13.785	 14.805000000000001	 16.355	 17.80499999999999
run07	 13.614999999999998	 14.695	 16.244999999999997	 17.695
run04	 13.685	 14.415000000000001	 15.915000000000001	 17.415
run05	 12.975	 13.844999999999999	 15.344999999999999	 16.845000000000006
