FH-Hg-612-100, 18.815, 22.974999999999994, 27.624999999999996, 32.394999999999996, 37.195, 42.105000000000004, 47.005, 51.98499999999999
FH-Hg-612-050, 20.695, 23.244999999999997, 27.755000000000003, 32.525, 37.325, 42.225, 47.17500000000001, 52.214999999999996
FH-HG-611-250, 18.775, 23.254999999999995, 27.905, 32.575, 37.485, 42.37499999999999, 47.324999999999996, 52.375
FH-Hg-612-100-3, 20.695, 22.494999999999997, 27.045, 31.724999999999994, 36.525000000000006, 41.375, 46.275, 51.255
FH-Hg-612-100-6, 20.695, 22.735, 27.185, 31.835000000000004, 36.535, 41.335, 46.185, 51.085
FH-Hg-612-100-7, 20.695, 22.754999999999995, 27.235000000000003, 31.815, 36.544999999999995, 41.345000000000006, 46.175000000000004, 51.055
FH-Hg-612-100-4, 20.695, 22.525, 27.045, 31.724999999999994, 36.495, 41.365, 46.294999999999995, 51.245
FH-Hg-612-100-5, 20.695, 22.525, 27.025000000000006, 31.724999999999994, 36.495, 41.365, 46.265, 51.235
FH-Hg-750-100, 20.695, 24.195000000000004, 28.645, 33.245, 37.975, 42.51500000000001, 46.665000000000006, 50.405
FH-Hg-612-200, 18.685000000000002, 23.165, 27.674999999999997, 32.474999999999994, 37.275, 42.185, 47.144999999999996, 52.10500000000001
FH-Hg-612-100-2, 20.695, 22.525, 27.025000000000006, 31.724999999999994, 36.525000000000006, 41.375, 46.305, 51.275
FH-Hg-650-100, 20.695, 23.214999999999996, 27.644999999999996, 32.245, 36.945, 41.724999999999994, 46.575, 51.474999999999994
FH-Hg-700-100, 20.695, 23.724999999999998, 28.154999999999998, 32.755, 37.455, 42.225, 47.085, 51.575
