40000 1339092234
40000 1339092235
40010 1339092236
40005 1339092237
40006 1339092238
40000 1339092239
40003 1339092240
40007 1339092241
40004 1339092242
40006 1339092243
40008 1339092244
40002 1339092245
40001 1339092246
40008 1339092247
40006 1339092248
40007 1339092249
40005 1339092250
40005 1339092251
40004 1339092252
40008 1339092253
40006 1339092254
40012 1339092255
40003 1339092256
40003 1339092257
40003 1339092258
40004 1339092259
40009 1339092260
40004 1339092261
40003 1339092262
40006 1339092263
40005 1339092264
40004 1339092265
40006 1339092266
40008 1339092267
40005 1339092268
40005 1339092269
40001 1339092270
40002 1339092271
40004 1339092272
40007 1339092273
40003 1339092274
40007 1339092275
40004 1339092276
40002 1339092277
40007 1339092278
40001 1339092279
40002 1339092280
40003 1339092281
40008 1339092282
40003 1339092283
40003 1339092284
40003 1339092285
40001 1339092286
40002 1339092287
40002 1339092288
