40000 1338921675
40000 1338921676
40000 1338921677
40000 1338921678
40000 1338921679
40000 1338921680
40000 1338921681
40000 1338921682
40000 1338921683
40000 1338921684
40000 1338921685
40000 1338921686
40000 1338921687
40000 1338921688
40000 1338921689
40000 1338921690
40000 1338921691
40000 1338921692
40000 1338921693
40000 1338921694
40000 1338921695
40000 1338921696
40000 1338921697
40000 1338921698
40000 1338921699
40000 1338921700
40000 1338921701
40000 1338921702
40000 1338921703
40000 1338921704
40000 1338921705
40000 1338921706
40000 1338921707
40000 1338921708
40000 1338921709
40000 1338921710
40000 1338921711
40000 1338921712
40000 1338921713
40000 1338921714
40000 1338921715
40000 1338921716
40000 1338921717
40000 1338921718
40000 1338921719
40000 1338921720
40000 1338921721
40000 1338921722
40000 1338921723
40000 1338921724
40000 1338921725
40000 1338921726
40000 1338921727
40000 1338921728
40000 1338921729
40000 1338921730
40000 1338921731
40000 1338921732
40000 1338921733
40000 1338921734
40000 1338921735
40000 1338921736
40000 1338921737
40000 1338921738
40000 1338921739
40000 1338921740
40000 1338921741
40000 1338921742
40000 1338921743
40000 1338921744
40000 1338921745
40000 1338921746
40000 1338921747
40000 1338921748
40000 1338921749
40000 1338921750
40000 1338921751
40000 1338921752
40000 1338921753
40000 1338921754
40000 1338921755
40000 1338921756
40000 1338921757
40000 1338921758
40000 1338921759
40000 1338921760
40000 1338921761
40000 1338921762
40000 1338921763
40000 1338921764
40000 1338921765
40000 1338921766
40000 1338921767
40000 1338921768
40000 1338921769
40000 1338921770
40000 1338921771
40000 1338921772
40000 1338921773
40000 1338921774
40000 1338921775
40000 1338921776
40000 1338921777
40000 1338921778
40000 1338921779
40000 1338921780
40000 1338921781
40000 1338921782
40000 1338921783
40000 1338921784
40000 1338921785
40000 1338921786
40000 1338921787
40000 1338921788
40000 1338921789
40000 1338921790
40000 1338921791
40000 1338921792
40000 1338921793
40000 1338921794
40000 1338921795
40000 1338921796
40000 1338921797
40000 1338921798
40000 1338921799
40000 1338921800
40000 1338921801
40000 1338921802
40000 1338921803
40000 1338921804
40000 1338921805
40000 1338921806
40000 1338921807
40000 1338921808
40000 1338921809
40000 1338921810
40000 1338921811
40000 1338921812
40000 1338921813
40000 1338921814
40000 1338921815
40000 1338921816
40000 1338921817
40000 1338921818
40000 1338921819
40000 1338921820
40000 1338921821
40000 1338921822
40000 1338921823
40000 1338921824
40000 1338921825
40000 1338921826
40000 1338921827
40000 1338921828
40000 1338921829
40000 1338921830
40000 1338921831
40000 1338921832
40000 1338921833
40000 1338921834
40000 1338921835
40000 1338921836
40000 1338921837
40000 1338921838
40000 1338921839
40000 1338921840
40000 1338921841
40000 1338921842
40000 1338921843
40000 1338921844
40000 1338921845
40000 1338921846
40000 1338921847
40000 1338921848
40000 1338921849
40000 1338921850
40000 1338921851
40000 1338921852
40000 1338921853
40000 1338921854
40000 1338921855
40000 1338921856
40000 1338921857
40000 1338921858
40000 1338921859
40000 1338921860
40000 1338921861
40000 1338921862
40000 1338921863
40000 1338921864
40000 1338921865
40000 1338921866
40000 1338921867
40000 1338921868
40000 1338921869
40000 1338921870
40000 1338921871
40000 1338921872
40000 1338921873
40000 1338921874
40000 1338921875
40000 1338921876
40000 1338921877
40000 1338921878
40000 1338921879
40000 1338921880
40000 1338921881
40000 1338921882
40000 1338921883
40000 1338921884
40000 1338921885
40000 1338921886
40000 1338921887
40000 1338921888
40000 1338921889
40000 1338921890
40000 1338921891
40000 1338921892
40000 1338921893
40000 1338921894
40000 1338921895
40000 1338921896
40000 1338921897
40000 1338921898
40000 1338921899
40000 1338921900
40000 1338921901
40000 1338921902
40000 1338921903
40000 1338921904
40000 1338921905
40000 1338921906
40000 1338921907
40000 1338921908
40000 1338921909
40000 1338921910
40000 1338921911
40000 1338921912
40000 1338921913
40000 1338921914
40000 1338921915
40000 1338921916
40000 1338921917
40000 1338921918
40000 1338921919
40000 1338921920
40000 1338921921
40000 1338921922
40000 1338921923
40000 1338921924
40000 1338921925
40000 1338921926
40000 1338921927
40000 1338921928
40000 1338921929
40000 1338921930
40000 1338921931
40000 1338921932
40000 1338921933
40000 1338921934
40000 1338921935
40000 1338921936
40000 1338921937
40000 1338921938
40000 1338921939
40000 1338921940
40000 1338921941
40000 1338921942
40000 1338921943
40000 1338921944
40000 1338921945
40000 1338921946
40000 1338921947
40000 1338921948
40000 1338921949
40000 1338921950
40000 1338921951
40000 1338921952
40000 1338921953
40000 1338921954
40000 1338921955
40000 1338921956
40000 1338921957
40000 1338921958
40000 1338921959
40000 1338921960
40000 1338921961
40000 1338921962
40000 1338921963
40000 1338921964
40000 1338921965
40000 1338921966
40000 1338921967
40000 1338921968
40000 1338921969
40000 1338921970
40000 1338921971
40000 1338921972
40000 1338921973
40000 1338921974
40000 1338921975
40000 1338921976
40000 1338921977
40000 1338921978
40000 1338921979
40000 1338921980
40000 1338921981
40000 1338921982
40000 1338921983
40000 1338921984
40000 1338921985
40000 1338921986
40000 1338921987
40000 1338921988
