40000 1338922000
40000 1338922001
40000 1338922002
40000 1338922003
40000 1338922004
40000 1338922005
40000 1338922006
40000 1338922007
40000 1338922008
40000 1338922009
40000 1338922010
40000 1338922011
40000 1338922012
40000 1338922013
40000 1338922014
40000 1338922015
40000 1338922016
40000 1338922017
40000 1338922018
40000 1338922019
40000 1338922020
40000 1338922021
40000 1338922022
40000 1338922023
40000 1338922024
40000 1338922025
40000 1338922026
40000 1338922027
40000 1338922028
40000 1338922029
40000 1338922030
40000 1338922031
40000 1338922032
