40000 1339092161
40000 1339092162
40000 1339092163
40000 1339092164
40000 1339092165
40000 1339092166
40000 1339092167
40000 1339092168
40000 1339092169
40000 1339092170
40000 1339092171
40000 1339092172
40000 1339092173
40000 1339092174
40000 1339092175
40000 1339092176
40000 1339092177
40000 1339092178
40000 1339092179
40000 1339092180
40000 1339092181
40000 1339092182
40000 1339092183
40000 1339092184
40000 1339092185
40000 1339092186
40000 1339092187
40000 1339092188
40000 1339092189
40000 1339092190
40000 1339092191
40000 1339092192
40000 1339092193
40000 1339092194
