40000 1339091720
40000 1339091721
40011 1339091722
40007 1339091723
40003 1339091724
40006 1339091725
40001 1339091726
40003 1339091727
40007 1339091728
40005 1339091729
40005 1339091730
40011 1339091731
40007 1339091732
40002 1339091733
40009 1339091734
40002 1339091735
40009 1339091736
40007 1339091737
40002 1339091738
40001 1339091739
40005 1339091740
40008 1339091741
40005 1339091742
40000 1339091743
40003 1339091744
40005 1339091745
40005 1339091746
40008 1339091747
40006 1339091748
40007 1339091749
40003 1339091750
40004 1339091751
40003 1339091752
40005 1339091753
40007 1339091754
40003 1339091755
40003 1339091756
40005 1339091757
40005 1339091758
40002 1339091759
40006 1339091760
40005 1339091761
40006 1339091762
40003 1339091763
40001 1339091764
40003 1339091765
40002 1339091766
40005 1339091767
40004 1339091768
40006 1339091769
40003 1339091770
40003 1339091771
40002 1339091772
40006 1339091773
40006 1339091774
40009 1339091775
40008 1339091776
40005 1339091777
40006 1339091778
40007 1339091779
40006 1339091780
40004 1339091781
40005 1339091782
40003 1339091783
40001 1339091784
40007 1339091785
40004 1339091786
40006 1339091787
40009 1339091788
40005 1339091789
40006 1339091790
40005 1339091791
40010 1339091792
40004 1339091793
40002 1339091794
40006 1339091795
40004 1339091796
40003 1339091797
40001 1339091798
40006 1339091799
40005 1339091800
40005 1339091801
40003 1339091802
40009 1339091803
40005 1339091804
40011 1339091805
40008 1339091806
40006 1339091807
40005 1339091808
40003 1339091809
40005 1339091810
40005 1339091811
40008 1339091812
40006 1339091813
40004 1339091814
40003 1339091815
40003 1339091816
40006 1339091817
40007 1339091818
40010 1339091819
40006 1339091820
40005 1339091821
1720 1339091822
40007 1339091822
40007 1339091823
40004 1339091824
40007 1339091825
40007 1339091826
40002 1339091827
40007 1339091828
40005 1339091829
40005 1339091830
40002 1339091831
40005 1339091832
40005 1339091833
40007 1339091834
40005 1339091835
40009 1339091836
40007 1339091837
40008 1339091838
40007 1339091839
40006 1339091840
40010 1339091841
40003 1339091842
40003 1339091843
40002 1339091844
40000 1339091845
