40000 1338921610
40000 1338921611
40000 1338921612
40000 1338921613
40000 1338921614
40000 1338921615
40000 1338921616
40000 1338921617
40000 1338921618
40000 1338921619
40000 1338921620
40000 1338921621
40000 1338921622
40000 1338921623
40000 1338921624
40000 1338921625
40000 1338921626
40000 1338921627
40000 1338921628
40000 1338921629
40000 1338921630
40000 1338921631
40000 1338921632
40000 1338921633
40000 1338921634
40000 1338921635
40000 1338921636
40000 1338921637
40000 1338921638
40000 1338921639
40000 1338921640
40000 1338921641
40000 1338921642
40000 1338921643
40000 1338921644
40000 1338921645
40000 1338921646
40000 1338921647
40000 1338921648
40000 1338921649
40000 1338921650
40000 1338921651
40000 1338921652
40000 1338921653
40000 1338921654
40000 1338921655
