0.01, 0.0441
0.02, 0.02594
0.03, 0.00702
0.04, -0.01022
0.05, -0.0296
0.06, -0.04181
0.07, -0.05127
0.08, -0.05081
0.09, -0.04425
0.1, -0.02625
0.11, 0.00046
0.12, 0.02197
0.13, 0.03769
0.14, 0.04883
0.15, 0.05478
0.16, 0.05432
0.17, 0.04913
0.18, 0.04013
0.19, 0.02472
0.2, -0.00732
0.21, -0.02686
0.22, -0.04211
0.23, -0.05051
0.24, -0.05188
0.25, -0.04807
0.26, -0.03159
0.27, -0.01572
0.28, 0.00244
0.29, 0.01862
0.3, 0.03555
0.31, 0.04761
0.32, 0.05493
0.33, 0.05402
0.34, 0.04761
0.35, 0.03555
0.36, 0.01862
0.37, -0.00137
0.38, -0.02182
0.39, -0.0386
0.4, -0.05081
0.41, -0.05234
0.42, -0.04822
0.43, -0.03418
0.44, -0.01526
0.45, 0.00275
0.46, 0.01984
0.47, 0.03601
0.48, 0.04822
0.49, 0.05402
0.5, 0.05188
0.51, 0.04044
0.52, 0.01358
0.53, -0.00946
0.54, -0.02533
0.55, -0.0386
0.56, -0.05157
0.57, -0.0528
0.58, -0.04745
0.59, -0.03601
0.6, -0.02106
0.61, -0.00412
0.62, 0.01266
0.63, 0.03128
0.64, 0.04639
0.65, 0.05341
0.66, 0.0531
0.67, 0.0473
0.68, 0.03723
0.69, 0.01892
0.7, -0.00229
0.71, -0.02563
0.72, -0.03876
0.73, -0.0502
0.74, -0.05371
0.75, -0.04868
0.76, -0.03906
0.77, -0.02426
0.78, -0.00793
0.79, 0.01144
0.8, 0.03067
0.81, 0.04379
0.82, 0.05249
0.83, 0.05264
0.84, 0.04242
0.85, 0.00351
0.86, -0.01877
0.87, -0.0325
0.88, -0.04807
0.89, -0.05386
0.9, -0.05402
0.91, -0.04776
0.92, -0.03784
0.93, -0.02243
0.94, -0.00244
0.95, 0.0174
0.96, 0.03769
0.97, 0.04868
0.98, 0.05264
0.99, 0.05066
1.0, 0.03647
1.01, 0.02213
1.02, 0.00229
1.03, -0.01648
1.04, -0.03189
1.05, -0.04486
1.06, -0.05371
1.07, -0.05386
1.08, -0.04578
1.09, -0.02991
1.1, -0.01373
1.11, 0.00351
1.12, 0.02426
1.13, 0.04089
1.14, 0.05157
1.15, 0.05188
1.16, 0.04654
1.17, 0.02533
1.18, 0.00824
1.19, -0.01175
1.2, -0.02747
1.21, -0.04135
1.22, -0.05188
1.23, -0.05508
1.24, -0.04944
1.25, -0.04013
1.26, -0.02548
1.27, -0.00961
1.28, 0.01083
1.29, 0.02869
1.3, 0.04227
1.31, 0.05081
1.32, 0.05066
1.33, 0.04395
1.34, 0.0325
1.35, 0.01389
1.36, -0.0061
1.37, -0.0264
1.38, -0.04105
1.39, -0.05341
1.4, -0.05569
1.41, -0.0502
1.42, -0.03891
1.43, -0.01556
1.44, 0.01114
1.45, 0.02747
1.46, 0.03967
1.47, 0.04959
1.48, 0.05127
1.49, 0.04791
1.5, 0.02914
1.51, 0.00854
1.52, -0.00916
1.53, -0.02563
1.54, -0.0415
1.55, -0.05325
1.56, -0.05569
1.57, -0.04898
1.58, -0.03555
1.59, -0.02136
1.6, -0.00366
1.61, 0.01358
1.62, 0.03021
1.63, 0.0444
1.64, 0.05096
1.65, 0.05005
1.66, 0.04318
1.67, 0.03113
1.68, 0.01266
1.69, -0.00458
1.7, -0.02014
1.71, -0.04181
1.72, -0.05417
1.73, -0.05585
1.74, -0.05157
1.75, -0.04089
1.76, -0.02655
1.77, -0.00351
1.78, 0.01404
1.79, 0.02853
1.8, 0.04318
1.81, 0.05096
1.82, 0.04532
1.83, 0.03571
1.84, 0.01785
1.85, -0.00748
1.86, -0.0235
1.87, -0.03906
1.88, -0.05035
1.89, -0.05585
1.9, -0.05554
1.91, -0.04715
1.92, -0.03464
1.93, -0.0206
1.94, 0.00244
1.95, 0.01816
1.96, 0.03235
1.97, 0.04547
1.98, 0.05051
1.99, 0.04868
2.0, 0.03983
2.01, 0.02213
2.02, 0.00702
2.03, -0.01404
2.04, -0.0354
2.05, -0.04776
2.06, -0.05585
2.07, -0.05585
2.08, -0.04898
2.09, -0.03586
2.1, -0.01663
2.11, 0.00275
2.12, 0.02258
2.13, 0.04395
2.14, 0.05066
2.15, 0.04196
2.16, 0.02533
2.17, 0.00595
2.18, -0.01663
2.19, -0.03448
2.2, -0.05005
2.21, -0.0563
2.22, -0.05569
2.23, -0.05035
2.24, -0.0383
2.25, -0.02319
2.26, -0.00595
2.27, 0.01678
2.28, 0.03662
2.29, 0.04501
2.3, 0.0499
2.31, 0.04959
2.32, 0.04211
2.33, 0.02899
2.34, 0.01266
2.35, -0.00793
2.36, -0.02625
2.37, -0.04364
2.38, -0.05554
2.39, -0.05676
2.4, -0.05203
2.41, -0.03784
2.42, -0.01648
2.43, 0.00229
2.44, 0.0209
2.45, 0.03494
2.46, 0.04623
2.47, 0.04944
2.48, 0.04105
2.49, 0.02975
2.5, 0.01129
2.51, -0.00763
2.52, -0.02518
2.53, -0.03937
2.54, -0.05081
2.55, -0.05615
2.56, -0.056
2.57, -0.04807
2.58, -0.03296
2.59, -0.01663
2.6, 0.00366
2.61, 0.02136
2.62, 0.03632
2.63, 0.04852
2.64, 0.0502
2.65, 0.04578
2.66, 0.03311
2.67, 0.0177
2.68, -0.00229
2.69, -0.02045
2.7, -0.04227
2.71, -0.05524
2.72, -0.05692
2.73, -0.05463
2.74, -0.04639
2.75, -0.02853
2.76, -0.00885
2.77, 0.01129
2.78, 0.02747
2.79, 0.04333
2.8, 0.0499
2.81, 0.04547
2.82, 0.03494
2.83, 0.02029
2.84, -0.00137
2.85, -0.02426
2.86, -0.03876
2.87, -0.04974
2.88, -0.05676
2.89, -0.05508
2.9, -0.04715
2.91, -0.0325
2.92, -0.01465
2.93, 0.00687
2.94, 0.02243
2.95, 0.0351
2.96, 0.04471
2.97, 0.0499
2.98, 0.04761
2.99, 0.03815
3.0, 0.02441
3.01, 0.00214
3.02, -0.01602
3.03, -0.03326
3.04, -0.04791
3.05, -0.05646
3.06, -0.05661
3.07, -0.04898
3.08, -0.03601
3.09, -0.01846
3.1, 0.00351
3.11, 0.01923
3.12, 0.04715
3.13, 0.0499
3.14, 0.04562
3.15, 0.03647
3.16, 0.02136
3.17, 0.00534
3.18, -0.01236
3.19, -0.02991
3.2, -0.04318
3.21, -0.05341
3.22, -0.05722
3.23, -0.05341
3.24, -0.04532
3.25, -0.03006
3.26, -0.01068
3.27, 0.00687
3.28, 0.02472
3.29, 0.0412
3.3, 0.04929
3.31, 0.04913
3.32, 0.04257
3.33, 0.02533
3.34, 0.00946
3.35, -0.00916
3.36, -0.02792
3.37, -0.04593
3.38, -0.05539
3.39, -0.05737
3.4, -0.05295
3.41, -0.04181
3.42, -0.02518
3.43, -0.00458
3.44, 0.0206
3.45, 0.04272
3.46, 0.04898
3.47, 0.04868
3.48, 0.04303
3.49, 0.03342
3.5, 0.01236
3.51, -0.01053
3.52, -0.03113
3.53, -0.04501
3.54, -0.05447
3.55, -0.05737
3.56, -0.05432
3.57, -0.04532
3.58, -0.02655
3.59, -0.00793
3.6, 0.00778
3.61, 0.02487
3.62, 0.0415
3.63, 0.04898
3.64, 0.04929
3.65, 0.04272
3.66, 0.03433
3.67, 0.01709
3.68, -0.00214
3.69, -0.02136
3.7, -0.03906
3.71, -0.05325
3.72, -0.05737
3.73, -0.0531
3.74, -0.03876
3.75, -0.01953
3.76, -0.00122
3.77, 0.02762
3.78, 0.04211
3.79, 0.04868
3.8, 0.04822
3.81, 0.04166
3.82, 0.02777
3.83, 0.01099
3.84, -0.01022
3.85, -0.02808
3.86, -0.05066
3.87, -0.05722
3.88, -0.05554
3.89, -0.04517
3.9, -0.03159
3.91, -0.01373
3.92, 0.0032
3.93, 0.01907
3.94, 0.03296
3.95, 0.0441
3.96, 0.04913
3.97, 0.04684
3.98, 0.03876
3.99, 0.02304
4.0, 0.00061
4.01, -0.02335
4.02, -0.03906
4.03, -0.0499
4.04, -0.05707
4.05, -0.05676
4.06, -0.04959
4.07, -0.03571
4.08, -0.01984
4.09, 0.00198
4.1, 0.03128
4.11, 0.04349
4.12, 0.04929
4.13, 0.04608
4.14, 0.0386
4.15, 0.01511
4.16, -0.00198
4.17, -0.02136
4.18, -0.03662
4.19, -0.05112
4.2, -0.05737
4.21, -0.05585
4.22, -0.04913
4.23, -0.03784
4.24, -0.02151
4.25, -0.00351
4.26, 0.01221
4.27, 0.02609
4.28, 0.04013
4.29, 0.04929
4.3, 0.04837
4.31, 0.04257
4.32, 0.02853
4.33, 0.01068
4.34, -0.00839
4.35, -0.02762
4.36, -0.04532
4.37, -0.05569
4.38, -0.05768
4.39, -0.0528
4.4, -0.04166
4.41, -0.02533
4.42, 0.01297
4.43, 0.03448
4.44, 0.04593
4.45, 0.04944
4.46, 0.04715
4.47, 0.03525
4.48, 0.02167
4.49, 0.0058
4.5, -0.01526
4.51, -0.03403
4.52, -0.04883
4.53, -0.05692
4.54, -0.05615
4.55, -0.04761
4.56, -0.03006
4.57, -0.00381
4.58, 0.01678
4.59, 0.03113
4.6, 0.04379
4.61, 0.04913
4.62, 0.04791
4.63, 0.0415
4.64, 0.03098
4.65, 0.01572
4.66, -0.00473
4.67, -0.02457
4.68, -0.03845
4.69, -0.05295
4.7, -0.05783
4.71, -0.05356
4.72, -0.04593
4.73, -0.02853
4.74, -0.01312
4.75, 0.01511
4.76, 0.02869
4.77, 0.04318
4.78, 0.04822
4.79, 0.04898
4.8, 0.04257
4.81, 0.0296
4.82, 0.01266
4.83, -0.00641
4.84, -0.02609
4.85, -0.04898
4.86, -0.05554
4.87, -0.05768
4.88, -0.0531
4.89, -0.04211
4.9, -0.0264
4.91, -0.00092
4.92, 0.01266
4.93, 0.03143
4.94, 0.04333
4.95, 0.04868
4.96, 0.047
4.97, 0.03662
4.98, 0.02472
4.99, 0.00656
5.0, -0.01434
5.01, -0.03174
5.02, -0.04807
5.03, -0.05646
5.04, -0.05646
5.05, -0.05066
5.06, -0.03815
5.07, -0.00488
5.08, 0.0145
5.09, 0.02808
5.1, 0.03738
5.11, 0.04807
5.12, 0.04913
5.13, 0.04501
5.14, 0.0354
5.15, 0.01938
5.16, -0.00885
5.17, -0.02426
5.18, -0.03784
5.19, -0.05341
5.2, -0.05814
5.21, -0.05615
5.22, -0.04745
5.23, -0.03311
5.24, -0.0087
5.25, 0.0058
5.26, 0.02579
5.27, 0.0412
5.28, 0.04929
5.29, 0.04578
5.3, 0.04013
5.31, 0.02365
5.32, 0.00595
5.33, -0.00824
5.34, -0.02686
5.35, -0.04517
5.36, -0.05539
5.37, -0.05814
5.38, -0.05219
5.39, -0.04105
5.4, -0.01572
5.41, -0.00061
5.42, 0.01816
5.43, 0.03448
5.44, 0.04395
5.45, 0.04898
5.46, 0.04715
5.47, 0.0386
5.48, 0.02213
5.49, 0.00473
5.5, -0.01648
5.51, -0.0325
5.52, -0.04745
5.53, -0.05661
5.54, -0.05646
5.55, -0.04898
5.56, -0.03845
5.57, -0.02045
5.58, -0.00107
5.59, 0.02258
5.6, 0.03403
5.61, 0.04684
5.62, 0.04852
5.63, 0.04501
5.64, 0.03143
5.65, 0.01678
5.66, -0.00107
5.67, -0.02319
5.68, -0.04028
5.69, -0.05325
5.7, -0.05753
5.71, -0.05127
5.72, -0.03235
5.73, -0.01953
5.74, -0.00626
5.75, 0.00641
5.76, 0.02869
5.77, 0.0415
5.78, 0.04822
5.79, 0.04822
5.8, 0.04181
5.81, 0.03006
5.82, 0.01236
5.83, -0.01266
5.84, -0.03204
5.85, -0.04379
5.86, -0.05508
5.87, -0.05753
5.88, -0.05371
5.89, -0.04333
5.9, -0.02701
5.91, -0.00168
5.92, 0.01343
5.93, 0.03159
5.94, 0.04333
5.95, 0.04898
5.96, 0.04654
5.97, 0.03662
5.98, 0.0238
5.99, 0.00458
6.0, -0.0145
6.01, -0.03296
6.02, -0.04745
6.03, -0.05783
6.04, -0.05722
6.05, -0.0444
6.06, -0.02823
6.07, -0.00809
6.08, 0.0087
6.09, 0.02274
6.1, 0.03448
6.11, 0.04547
6.12, 0.04669
6.13, 0.03784
6.14, 0.02716
6.15, 0.01404
6.16, -0.00565
6.17, -0.02487
6.18, -0.04028
6.19, -0.05188
6.2, -0.05783
6.21, -0.05539
6.22, -0.04745
6.23, -0.02701
6.24, -0.01312
6.25, 0.00565
6.26, 0.0238
6.27, 0.03845
6.28, 0.04868
6.29, 0.04807
6.3, 0.04211
6.31, 0.0264
6.32, 0.01266
6.33, -0.01297
6.34, -0.02914
6.35, -0.04333
6.36, -0.0563
6.37, -0.056
6.38, -0.0473
6.39, -0.03128
6.4, -0.01007
6.41, 0.00381
6.42, 0.01846
6.43, 0.03448
6.44, 0.04379
6.45, 0.04883
6.46, 0.04639
6.47, 0.03784
6.48, 0.02243
6.49, 0.00214
6.5, -0.01541
6.51, -0.03372
6.52, -0.05081
6.53, -0.05814
6.54, -0.05661
6.55, -0.05035
6.56, -0.03494
6.57, -0.01892
6.58, 0.00183
6.59, 0.01877
6.6, 0.03372
6.61, 0.04456
6.62, 0.04852
6.63, 0.04135
6.64, 0.0293
6.65, 0.01648
6.66, -0.00275
6.67, -0.02121
6.68, -0.03799
6.69, -0.05508
6.7, -0.05737
6.71, -0.05219
6.72, -0.04196
6.73, -0.02884
6.74, -0.01236
6.75, 0.00565
6.76, 0.02426
6.77, 0.03922
6.78, 0.04822
6.79, 0.04791
6.8, 0.04059
6.81, 0.02625
6.82, 0.00702
6.83, -0.01266
6.84, -0.02716
6.85, -0.04745
6.86, -0.0563
6.87, -0.05814
6.88, -0.05295
6.89, -0.04227
6.9, -0.02502
6.91, -0.00793
6.92, 0.01602
6.93, 0.02899
6.94, 0.04517
6.95, 0.04837
6.96, 0.04654
6.97, 0.03769
6.98, 0.02319
6.99, 0.00504
7.0, -0.02045
7.01, -0.03326
7.02, -0.05524
7.03, -0.05844
7.04, -0.05478
7.05, -0.047
7.06, -0.03647
7.07, -0.01663
7.08, -0.00046
7.09, 0.01892
7.1, 0.03464
7.11, 0.04562
7.12, 0.04852
7.13, 0.0444
7.14, 0.03448
7.15, 0.0177
7.16, -0.00214
7.17, -0.02197
7.18, -0.04349
7.19, -0.05295
7.2, -0.05798
7.21, -0.05615
7.22, -0.04822
7.23, -0.0293
7.24, -0.01419
7.25, 0.01144
7.26, 0.02884
7.27, 0.04181
7.28, 0.04776
7.29, 0.04761
7.3, 0.04059
7.31, 0.0267
7.32, 0.01068
7.33, -0.009
7.34, -0.02975
7.35, -0.05325
7.36, -0.05814
7.37, -0.05707
7.38, -0.05203
7.39, -0.04379
7.4, -0.0264
7.41, -0.00626
7.42, 0.01678
7.43, 0.02975
7.44, 0.04303
7.45, 0.04807
7.46, 0.04578
7.47, 0.03693
7.48, 0.02075
7.49, 0.00366
7.5, -0.01724
7.51, -0.03403
7.52, -0.04807
7.53, -0.05798
7.54, -0.05783
7.55, -0.04623
7.56, -0.03036
7.57, -0.01358
7.58, 0.00427
7.59, 0.0206
7.6, 0.03647
7.61, 0.04654
7.62, 0.04807
7.63, 0.04318
7.64, 0.03067
7.65, 0.01434
7.66, -0.00702
7.67, -0.03723
7.68, -0.0528
7.69, -0.05829
7.7, -0.05234
7.71, -0.04257
7.72, -0.02884
7.73, -0.01144
7.74, 0.00641
7.75, 0.02686
7.76, 0.03815
7.77, 0.04715
7.78, 0.04776
7.79, 0.04166
7.8, 0.02914
7.81, 0.01175
7.82, -0.01556
7.83, -0.03357
7.84, -0.04974
7.85, -0.05707
7.86, -0.05829
7.87, -0.05386
7.88, -0.0441
7.89, -0.02792
7.9, -0.0029
7.91, 0.01266
7.92, 0.03387
7.93, 0.04318
7.94, 0.04807
7.95, 0.04517
7.96, 0.03677
7.97, 0.01846
7.98, -0.00229
7.99, -0.01587
8.0, -0.03845
8.01, -0.05127
8.02, -0.05814
8.03, -0.05676
8.04, -0.05127
8.05, -0.03769
8.06, -0.01724
8.07, 0.00092
8.08, 0.01923
8.09, 0.03403
8.1, 0.04501
8.11, 0.04761
8.12, 0.03952
8.13, 0.02945
8.14, 0.01694
8.15, -0.00732
8.16, -0.02182
8.17, -0.03876
8.18, -0.05219
8.19, -0.05859
8.2, -0.05585
8.21, -0.04776
8.22, -0.03296
8.23, -0.01022
8.24, 0.0058
8.25, 0.02899
8.26, 0.04471
8.27, 0.04776
8.28, 0.04486
8.29, 0.03738
8.3, 0.0264
8.31, 0.0058
8.32, -0.02274
8.33, -0.03891
8.34, -0.05051
8.35, -0.05753
8.36, -0.05844
8.37, -0.05341
8.38, -0.0412
8.39, -0.02518
8.4, -0.00473
8.41, 0.01709
8.42, 0.03403
8.43, 0.0441
8.44, 0.04761
8.45, 0.04379
8.46, 0.03601
8.47, 0.02197
8.48, 0.00397
8.49, -0.01892
8.5, -0.0354
8.51, -0.04913
8.52, -0.05768
8.53, -0.05753
8.54, -0.05096
8.55, -0.02869
8.56, -0.00748
8.57, 0.00809
8.58, 0.02274
8.59, 0.03632
8.6, 0.04562
8.61, 0.04776
8.62, 0.04364
8.63, 0.03357
8.64, 0.01663
8.65, -0.01205
8.66, -0.02777
8.67, -0.04486
8.68, -0.05432
8.69, -0.0592
8.7, -0.05661
8.71, -0.04837
8.72, -0.03235
8.73, -0.01404
8.74, 0.01007
8.75, 0.02365
8.76, 0.03799
8.77, 0.04639
8.78, 0.04684
8.79, 0.04059
8.8, 0.02258
8.81, 0.00992
8.82, -0.00961
8.83, -0.02853
8.84, -0.04501
8.85, -0.05844
8.86, -0.05905
8.87, -0.05417
8.88, -0.04456
8.89, -0.02792
8.9, -0.00732
8.91, 0.01175
8.92, 0.0322
8.93, 0.04135
8.94, 0.047
8.95, 0.04486
8.96, 0.03479
8.97, 0.00916
8.98, -0.01801
8.99, -0.03784
9.0, -0.05035
9.01, -0.05875
9.02, -0.05951
9.03, -0.0563
9.04, -0.04837
9.05, -0.03494
9.06, -0.02121
9.07, -0.00107
9.08, 0.01923
9.09, 0.03326
9.1, 0.04425
9.11, 0.04623
9.12, 0.03937
9.13, 0.02686
9.14, 0.01495
9.15, -0.00488
9.16, -0.0235
9.17, -0.04044
9.18, -0.05661
9.19, -0.06012
9.2, -0.05798
9.21, -0.04929
9.22, -0.02869
9.23, -0.00717
9.24, 0.0119
9.25, 0.02563
9.26, 0.04044
9.27, 0.04639
9.28, 0.04486
9.29, 0.03922
9.3, 0.01846
9.31, 0.0029
9.32, -0.01205
9.33, -0.03281
9.34, -0.04959
9.35, -0.05859
9.36, -0.05997
9.37, -0.05508
9.38, -0.04471
9.39, -0.02884
9.4, -0.00931
9.41, 0.01099
9.42, 0.03159
9.43, 0.04074
9.44, 0.04578
9.45, 0.04395
9.46, 0.0354
9.47, 0.01602
9.48, 0.00137
9.49, -0.01862
9.5, -0.03967
9.51, -0.05157
9.52, -0.05981
9.53, -0.05859
9.54, -0.04974
9.55, -0.03418
9.56, -0.01923
9.57, -0.00031
9.58, 0.01816
9.59, 0.03464
9.6, 0.04456
9.61, 0.04532
9.62, 0.0354
9.63, 0.02579
9.64, 0.01404
9.65, -0.01221
9.66, -0.02579
9.67, -0.04257
9.68, -0.05707
9.69, -0.06119
9.7, -0.05585
9.71, -0.04852
9.72, -0.03204
9.73, -0.00946
9.74, 0.00458
9.75, 0.02457
9.76, 0.03616
9.77, 0.0444
9.78, 0.04486
9.79, 0.03723
9.8, 0.02106
9.81, 0.00702
9.82, -0.01221
9.83, -0.04227
9.84, -0.05707
9.85, -0.06149
9.86, -0.05905
9.87, -0.05081
9.88, -0.03952
9.89, -0.02289
9.9, -0.0032
9.91, 0.0116
9.92, 0.02808
9.93, 0.04013
9.94, 0.04501
9.95, 0.03815
9.96, 0.02823
9.97, 0.01266
9.98, -0.00259
9.99, -0.01984
10.0, -0.03983
10.01, -0.05569
10.02, -0.06134
10.03, -0.06073
10.04, -0.05386
10.05, -0.04135
10.06, -0.02365
10.07, 0.00504
10.08, 0.0177
10.09, 0.03113
10.1, 0.04303
10.11, 0.04471
10.12, 0.04028
10.13, 0.0296
10.14, 0.01114
10.15, -0.00565
10.16, -0.02533
10.17, -0.04227
10.18, -0.05585
10.19, -0.0618
10.2, -0.05936
10.21, -0.04593
10.22, -0.03067
10.23, -0.01556
10.24, 0.00336
10.25, 0.0209
10.26, 0.03555
10.27, 0.04456
10.28, 0.04105
10.29, 0.03357
10.3, 0.02396
10.31, -0.00015
10.32, -0.01724
10.33, -0.03342
10.34, -0.04807
10.35, -0.05997
10.36, -0.06134
10.37, -0.05707
10.38, -0.04364
10.39, -0.02869
10.4, -0.01022
10.41, 0.01266
10.42, 0.0264
10.43, 0.03906
10.44, 0.04471
10.45, 0.04059
10.46, 0.03281
10.47, 0.01755
10.48, -0.00137
10.49, -0.0209
10.5, -0.03738
10.51, -0.05264
10.52, -0.06134
10.53, -0.06104
10.54, -0.05402
10.55, -0.0412
10.56, -0.0235
10.57, 0.00488
10.58, 0.02029
10.59, 0.03296
10.6, 0.0444
10.61, 0.04379
10.62, 0.03708
10.63, 0.02762
10.64, 0.00656
10.65, -0.01587
10.66, -0.03189
10.67, -0.04669
10.68, -0.05692
10.69, -0.06165
10.7, -0.05615
10.71, -0.0415
10.72, -0.02762
10.73, -0.01358
10.74, 0.00336
10.75, 0.02075
10.76, 0.0386
10.77, 0.0444
10.78, 0.04364
10.79, 0.03677
10.8, 0.02457
10.81, 0.00275
10.82, -0.0174
10.83, -0.03265
10.84, -0.04791
10.85, -0.0592
10.86, -0.06165
10.87, -0.05478
10.88, -0.04364
10.89, -0.02853
10.9, -0.00534
10.91, 0.01144
10.92, 0.03555
10.93, 0.04288
10.94, 0.04456
10.95, 0.04074
10.96, 0.03235
10.97, 0.0177
10.98, -0.00015
10.99, -0.02792
11.0, -0.04196
11.01, -0.05402
11.02, -0.06119
11.03, -0.06073
11.04, -0.05295
11.05, -0.03952
11.06, -0.02289
11.07, -0.00168
11.08, 0.01724
11.09, 0.03479
11.1, 0.04288
11.11, 0.04364
11.12, 0.0386
11.13, 0.02899
11.14, 0.00488
11.15, -0.00961
11.16, -0.02686
11.17, -0.04669
11.18, -0.05707
11.19, -0.06195
11.2, -0.05981
11.21, -0.0473
11.22, -0.03189
11.23, -0.01617
11.24, 0.00504
11.25, 0.02716
11.26, 0.03662
11.27, 0.04364
11.28, 0.04211
11.29, 0.03677
11.3, 0.02274
11.31, 0.00626
11.32, -0.02014
11.33, -0.03326
11.34, -0.05081
11.35, -0.05997
11.36, -0.0621
11.37, -0.0563
11.38, -0.04547
11.39, -0.02945
11.4, -0.00977
11.41, 0.00931
11.42, 0.02914
11.43, 0.0415
11.44, 0.04471
11.45, 0.0415
11.46, 0.03281
11.47, 0.01343
11.48, -0.00168
11.49, -0.02411
11.5, -0.03906
11.51, -0.0531
11.52, -0.06195
11.53, -0.06149
11.54, -0.05157
11.55, -0.04089
11.56, -0.02274
11.57, 0.01297
11.58, 0.02853
11.59, 0.03845
11.6, 0.04303
11.61, 0.04364
11.62, 0.03891
11.63, 0.02808
11.64, 0.01114
11.65, -0.01465
11.66, -0.02838
11.67, -0.04562
11.68, -0.05707
11.69, -0.06256
11.7, -0.05676
11.71, -0.04517
11.72, -0.03281
11.73, -0.01709
11.74, 0.00412
11.75, 0.02518
11.76, 0.03662
11.77, 0.04349
11.78, 0.04288
11.79, 0.03479
11.8, 0.02121
11.81, 0.00488
11.82, -0.01419
11.83, -0.03784
11.84, -0.05203
11.85, -0.06195
11.86, -0.0618
11.87, -0.05585
11.88, -0.04364
11.89, -0.0296
11.9, -0.00168
11.91, 0.01297
11.92, 0.0293
11.93, 0.0386
11.94, 0.04379
11.95, 0.04105
11.96, 0.03235
11.97, 0.01205
11.98, -0.00641
11.99, -0.02396
12.0, -0.04318
12.01, -0.05447
12.02, -0.0621
12.03, -0.06134
12.04, -0.05493
12.05, -0.04105
12.06, -0.02396
12.07, 0.00214
12.08, 0.0177
12.09, 0.03036
12.1, 0.04059
12.11, 0.04288
12.12, 0.03845
12.13, 0.02762
12.14, 0.01099
12.15, -0.01358
12.16, -0.0296
12.17, -0.04547
12.18, -0.05829
12.19, -0.06348
12.2, -0.06119
12.21, -0.05188
12.22, -0.02151
12.23, -0.0032
12.24, 0.0119
12.25, 0.0235
12.26, 0.03754
12.27, 0.04227
12.28, 0.04074
12.29, 0.03433
12.3, 0.02182
12.31, 0.00366
12.32, -0.01892
12.33, -0.03555
12.34, -0.05051
12.35, -0.06317
12.36, -0.06439
12.37, -0.05707
12.38, -0.04776
12.39, -0.03174
12.4, -0.00931
12.41, 0.00763
12.42, 0.02426
12.43, 0.03922
12.44, 0.04166
12.45, 0.03922
12.46, 0.02823
12.47, 0.0145
12.48, -0.00885
12.49, -0.02426
12.5, -0.04135
12.51, -0.056
12.52, -0.06485
12.53, -0.06439
12.54, -0.05356
12.55, -0.02518
12.56, -0.00885
12.57, 0.0061
12.58, 0.01999
12.59, 0.03326
12.6, 0.04013
12.61, 0.03967
12.62, 0.03433
12.63, 0.0238
12.64, 0.00732
12.65, -0.01236
12.66, -0.03143
12.67, -0.04822
12.68, -0.0618
12.69, -0.06668
12.7, -0.0589
12.71, -0.04486
12.72, -0.0325
12.73, -0.01511
12.74, -0.00031
12.75, 0.01709
12.76, 0.03281
12.77, 0.03906
12.78, 0.03693
12.79, 0.02991
12.8, 0.01724
12.81, -0.00244
12.82, -0.02609
12.83, -0.03998
12.84, -0.05463
12.85, -0.06607
12.86, -0.06805
12.87, -0.05615
12.88, -0.03906
12.89, -0.02167
12.9, -0.00504
12.91, 0.01129
12.92, 0.02579
12.93, 0.03448
12.94, 0.03693
12.95, 0.03418
12.96, 0.02518
12.97, 0.00931
12.98, -0.00916
12.99, -0.02914
13.0, -0.04745
13.01, -0.06256
13.02, -0.07065
13.03, -0.06973
13.04, -0.0618
13.05, -0.04883
13.06, -0.03098
13.07, -0.00992
13.08, 0.00671
13.09, 0.02197
13.1, 0.03265
13.11, 0.03448
13.12, 0.02945
13.13, 0.01862
13.14, 0.00076
13.15, -0.02533
13.16, -0.03952
13.17, -0.056
13.18, -0.06836
13.19, -0.07339
13.2, -0.065
13.21, -0.05157
13.22, -0.0383
13.23, -0.02441
13.24, -0.00443
13.25, 0.01007
13.26, 0.02609
13.27, 0.03128
13.28, 0.03082
13.29, 0.0238
13.3, 0.00671
13.31, -0.00793
13.32, -0.03464
13.33, -0.05112
13.34, -0.06332
13.35, -0.07401
13.36, -0.07584
13.37, -0.07095
13.38, -0.05737
13.39, -0.04196
13.4, -0.02197
13.41, -0.00046
13.42, 0.01877
13.43, 0.0264
13.44, 0.0293
13.45, 0.02655
13.46, 0.01328
13.47, 0.00076
13.48, -0.02136
13.49, -0.03799
13.5, -0.05798
13.51, -0.07019
13.52, -0.07858
13.53, -0.07416
13.54, -0.06516
13.55, -0.04211
13.56, -0.02274
13.57, -0.00595
13.58, 0.00839
13.59, 0.02014
13.6, 0.02548
13.61, 0.02563
13.62, 0.0209
13.63, 0.0087
13.64, -0.0087
13.65, -0.02808
13.66, -0.05203
13.67, -0.065
13.68, -0.07751
13.69, -0.08194
13.7, -0.0769
13.71, -0.0679
13.72, -0.05417
13.73, -0.03586
13.74, -0.01129
13.75, 0.00458
13.76, 0.01663
13.77, 0.02335
13.78, 0.02243
13.79, 0.01511
13.8, -0.00229
13.81, -0.01678
13.82, -0.03723
13.83, -0.05539
13.84, -0.07599
13.85, -0.08453
13.86, -0.08362
13.87, -0.07889
13.88, -0.06348
13.89, -0.04883
13.9, -0.02975
13.91, -0.01129
13.92, 0.00809
13.93, 0.01663
13.94, 0.02121
13.95, 0.01755
13.96, 0.00793
13.97, -0.01343
13.98, -0.03906
13.99, -0.05203
14.0, -0.06439
14.01, -0.08209
14.02, -0.08713
14.03, -0.08545
14.04, -0.07874
14.05, -0.06439
14.06, -0.04715
14.07, -0.0264
14.08, -0.00351
14.09, 0.00793
14.1, 0.01663
14.11, 0.01846
14.12, 0.01297
14.13, -0.00336
14.14, -0.02014
14.15, -0.03632
14.16, -0.05753
14.17, -0.08057
14.18, -0.08942
14.19, -0.08713
14.2, -0.07874
14.21, -0.06882
14.22, -0.05234
14.23, -0.03693
14.24, -0.02243
14.25, -0.00565
14.26, 0.00839
14.27, 0.01587
14.28, 0.01373
14.29, 0.0032
14.3, -0.01465
14.31, -0.03006
14.32, -0.04608
14.33, -0.06302
14.34, -0.0795
14.35, -0.08987
14.36, -0.09109
14.37, -0.08514
14.38, -0.07446
14.39, -0.05661
14.4, -0.03433
14.41, -0.01358
14.42, -0.00183
14.43, 0.01236
14.44, 0.01419
14.45, 0.01129
14.46, 0.00092
14.47, -0.0174
14.48, -0.0354
14.49, -0.05295
14.5, -0.0769
14.51, -0.08728
14.52, -0.09277
14.53, -0.09079
14.54, -0.08255
14.55, -0.07004
14.56, -0.0531
14.57, -0.03265
14.58, -0.01038
14.59, 0.00107
14.6, 0.01114
14.61, 0.01297
14.62, 0.00488
14.63, -0.00488
14.64, -0.0209
14.65, -0.04593
14.66, -0.06149
14.67, -0.07706
14.68, -0.08926
14.69, -0.0946
14.7, -0.08972
14.71, -0.07629
14.72, -0.05646
14.73, -0.03922
14.74, -0.02426
14.75, -0.00946
14.76, 0.00427
14.77, 0.01175
14.78, 0.01007
14.79, 0.00351
14.8, -0.00992
14.81, -0.02808
14.82, -0.06226
14.83, -0.07889
14.84, -0.09354
14.85, -0.09476
14.86, -0.09003
14.87, -0.08194
14.88, -0.06882
14.89, -0.05432
14.9, -0.04059
14.91, -0.02197
14.92, -0.00504
14.93, 0.00946
14.94, 0.01175
14.95, 0.00717
14.96, -0.0032
14.97, -0.01617
14.98, -0.03937
14.99, -0.05844
15.0, -0.0737
15.01, -0.0885
15.02, -0.09552
15.03, -0.09399
15.04, -0.08667
15.05, -0.07004
15.06, -0.0528
15.07, -0.03036
15.08, -0.01343
15.09, -0.00061
15.1, 0.01038
15.11, 0.01129
15.12, 0.0061
15.13, -0.0058
15.14, -0.02869
15.15, -0.05737
15.16, -0.07278
15.17, -0.08667
15.18, -0.0943
15.19, -0.09552
15.2, -0.09277
15.21, -0.0827
15.22, -0.06287
15.23, -0.04715
15.24, -0.02365
15.25, -0.00763
15.26, 0.00427
15.27, 0.01129
15.28, 0.00931
15.29, 0.0032
15.3, -0.01038
15.31, -0.02823
15.32, -0.04852
15.33, -0.07172
15.34, -0.08469
15.35, -0.09384
15.36, -0.0943
15.37, -0.08926
15.38, -0.07721
15.39, -0.06088
15.4, -0.04074
15.41, -0.01999
15.42, -0.00397
15.43, 0.01022
15.44, 0.01266
15.45, 0.00748
15.46, 0.00015
15.47, -0.02853
15.48, -0.04669
15.49, -0.06119
15.5, -0.07416
15.51, -0.08942
15.52, -0.09384
15.53, -0.09186
15.54, -0.08453
15.55, -0.06439
15.56, -0.04837
15.57, -0.0322
15.58, -0.01205
15.59, 0.00107
15.6, 0.01236
15.61, 0.01328
15.62, 0.00793
15.63, -0.00366
15.64, -0.02487
15.65, -0.04196
15.66, -0.06165
15.67, -0.07629
15.68, -0.0885
15.69, -0.09338
15.7, -0.09003
15.71, -0.08087
15.72, -0.06424
15.73, -0.04517
15.74, -0.01877
15.75, -0.00397
15.76, 0.00702
15.77, 0.01419
15.78, 0.01236
15.79, 0.0058
15.8, -0.01495
15.81, -0.02975
15.82, -0.04669
15.83, -0.06973
15.84, -0.08118
15.85, -0.09079
15.86, -0.09216
15.87, -0.08392
15.88, -0.0737
15.89, -0.05569
15.9, -0.0351
15.91, -0.0145
15.92, 0.00076
15.93, 0.01068
15.94, 0.01495
15.95, 0.0119
15.96, 0.0032
15.97, -0.01373
15.98, -0.03952
15.99, -0.05661
16.0, -0.07034
16.01, -0.08469
16.02, -0.09171
16.03, -0.08911
16.04, -0.08179
16.05, -0.06882
16.06, -0.04822
16.07, -0.0293
16.08, -0.01114
16.09, 0.0032
16.1, 0.01556
16.11, 0.0116
16.12, -0.00488
16.13, -0.01877
16.14, -0.03159
16.15, -0.04547
16.16, -0.0679
16.17, -0.08286
16.18, -0.09018
16.19, -0.09201
16.2, -0.08865
16.21, -0.07904
16.22, -0.06195
16.23, -0.03983
16.24, -0.02197
16.25, -0.00641
16.26, 0.00946
16.27, 0.0148
16.28, 0.01404
16.29, 0.00626
16.3, -0.00717
16.31, -0.02457
16.32, -0.05035
16.33, -0.06424
16.34, -0.08087
16.35, -0.09064
16.36, -0.09247
16.37, -0.08331
16.38, -0.0737
16.39, -0.0528
16.4, -0.02869
16.41, -0.01343
16.42, -0.00031
16.43, 0.01099
16.44, 0.01373
16.45, 0.00732
16.46, -0.00046
16.47, -0.0145
16.48, -0.03326
16.49, -0.05402
16.5, -0.07187
16.51, -0.08591
16.52, -0.0943
16.53, -0.09232
16.54, -0.0827
16.55, -0.06821
16.56, -0.0531
16.57, -0.02945
16.58, -0.0145
16.59, 0.00015
16.6, 0.01007
16.61, 0.01099
16.62, 0.00229
16.63, -0.00992
16.64, -0.02335
16.65, -0.04623
16.66, -0.06317
16.67, -0.08392
16.68, -0.09567
16.69, -0.09766
16.7, -0.09308
16.71, -0.08301
16.72, -0.06699
16.73, -0.04669
16.74, -0.02594
16.75, -0.01205
16.76, 0.00259
16.77, 0.00702
16.78, 0.00061
16.79, -0.0087
16.8, -0.02213
16.81, -0.04501
16.82, -0.06058
16.83, -0.07492
16.84, -0.09293
16.85, -0.10056
16.86, -0.10193
16.87, -0.09537
16.88, -0.08484
16.89, -0.06805
16.9, -0.04852
16.91, -0.02975
16.92, -0.01358
16.93, -0.00183
16.94, 0.00198
16.95, -0.00717
16.96, -0.02594
16.97, -0.04288
16.98, -0.06104
16.99, -0.07645
17.0, -0.09064
17.01, -0.10239
17.02, -0.10834
17.03, -0.10727
17.04, -0.10056
17.05, -0.08392
17.06, -0.0679
17.07, -0.04822
17.08, -0.02762
17.09, -0.01617
17.1, -0.00504
17.11, -0.00809
17.12, -0.01602
17.13, -0.03311
17.14, -0.04913
17.15, -0.06683
17.16, -0.08682
17.17, -0.10178
17.18, -0.11261
17.19, -0.11734
17.2, -0.1149
17.21, -0.10513
17.22, -0.0853
17.23, -0.07065
17.24, -0.05219
17.25, -0.03479
17.26, -0.01816
17.27, -0.01495
17.28, -0.01694
17.29, -0.02548
17.3, -0.03952
17.31, -0.05783
17.32, -0.0798
17.33, -0.09827
17.34, -0.1178
17.35, -0.12573
17.36, -0.12787
17.37, -0.12314
17.38, -0.11215
17.39, -0.09476
17.4, -0.06943
17.41, -0.05371
17.42, -0.03235
17.43, -0.02716
17.44, -0.02838
17.45, -0.03586
17.46, -0.04898
17.47, -0.06195
17.48, -0.0798
17.49, -0.09903
17.5, -0.11719
17.51, -0.13184
17.52, -0.14069
17.53, -0.1387
17.54, -0.13245
17.55, -0.12009
17.56, -0.10284
17.57, -0.08301
17.58, -0.06134
17.59, -0.04745
17.6, -0.0415
17.61, -0.04211
17.62, -0.04852
17.63, -0.06134
17.64, -0.07904
17.65, -0.10239
17.66, -0.12604
17.67, -0.1445
17.68, -0.15335
17.69, -0.1564
17.7, -0.15427
17.71, -0.14542
17.72, -0.12573
17.73, -0.11139
17.74, -0.09277
17.75, -0.0708
17.76, -0.06256
17.77, -0.05722
17.78, -0.05966
17.79, -0.0679
17.8, -0.08316
17.81, -0.10666
17.82, -0.13275
17.83, -0.14908
17.84, -0.16083
17.85, -0.17044
17.86, -0.17288
17.87, -0.16754
17.88, -0.15564
17.89, -0.13931
17.9, -0.11871
17.91, -0.10071
17.92, -0.08438
17.93, -0.07523
17.94, -0.07339
17.95, -0.07767
17.96, -0.08804
17.97, -0.10483
17.98, -0.13
17.99, -0.14648
18.0, -0.16586
18.01, -0.18021
18.02, -0.18768
18.03, -0.1857
18.04, -0.17914
18.05, -0.16266
18.06, -0.14679
18.07, -0.11673
18.08, -0.10223
18.09, -0.09262
18.1, -0.08743
18.11, -0.08926
18.12, -0.0972
18.13, -0.11047
18.14, -0.12726
18.15, -0.15015
18.16, -0.16724
18.17, -0.18448
18.18, -0.19623
18.19, -0.20096
18.2, -0.19791
18.21, -0.18875
18.22, -0.17029
18.23, -0.15121
18.24, -0.13077
18.25, -0.11307
18.26, -0.10391
18.27, -0.09811
18.28, -0.1001
18.29, -0.10818
18.3, -0.1239
18.31, -0.14206
18.32, -0.16357
18.33, -0.18555
18.34, -0.19928
18.35, -0.2092
18.36, -0.20905
18.37, -0.20248
18.38, -0.18707
18.39, -0.16815
18.4, -0.13641
18.41, -0.12161
18.42, -0.10895
18.43, -0.10437
18.44, -0.10513
18.45, -0.11078
18.46, -0.12314
18.47, -0.13657
18.48, -0.15335
18.49, -0.17365
18.5, -0.1947
18.51, -0.20584
18.52, -0.21317
18.53, -0.21149
18.54, -0.20309
18.55, -0.18448
18.56, -0.1683
18.57, -0.14725
18.58, -0.13199
18.59, -0.11505
18.6, -0.10757
18.61, -0.10635
18.62, -0.11292
18.63, -0.12375
18.64, -0.14053
18.65, -0.16663
18.66, -0.18707
18.67, -0.20081
18.68, -0.21088
18.69, -0.21301
18.7, -0.20737
18.71, -0.19897
18.72, -0.17029
18.73, -0.15488
18.74, -0.14114
18.75, -0.12558
18.76, -0.11124
18.77, -0.10422
18.78, -0.10666
18.79, -0.11368
18.8, -0.12939
18.81, -0.15167
18.82, -0.16632
18.83, -0.18219
18.84, -0.19714
18.85, -0.20767
18.86, -0.20767
18.87, -0.20187
18.88, -0.1886
18.89, -0.17136
18.9, -0.14389
18.91, -0.12665
18.92, -0.11398
18.93, -0.10254
18.94, -0.09827
18.95, -0.10117
18.96, -0.11368
18.97, -0.1268
18.98, -0.14542
18.99, -0.16647
19.0, -0.18219
19.01, -0.19485
19.02, -0.20203
19.03, -0.19928
19.04, -0.19012
19.05, -0.16785
19.06, -0.15396
19.07, -0.13611
19.08, -0.11826
19.09, -0.10208
19.1, -0.09232
19.11, -0.09018
19.12, -0.09552
19.13, -0.10681
19.14, -0.12848
19.15, -0.14435
19.16, -0.16281
19.17, -0.17838
19.18, -0.18967
19.19, -0.19302
19.2, -0.18875
19.21, -0.17868
19.22, -0.16159
19.23, -0.13153
19.24, -0.10849
19.25, -0.09323
19.26, -0.08194
19.27, -0.08026
19.28, -0.08316
19.29, -0.09048
19.3, -0.103
19.31, -0.11993
19.32, -0.14069
19.33, -0.15747
19.34, -0.17212
19.35, -0.18143
19.36, -0.18112
19.37, -0.16403
19.38, -0.14801
19.39, -0.13092
19.4, -0.11124
19.41, -0.09659
19.42, -0.08575
19.43, -0.07309
19.44, -0.06943
19.45, -0.07233
19.46, -0.08545
19.47, -0.0975
19.48, -0.11932
19.49, -0.13458
19.5, -0.15442
19.51, -0.16617
19.52, -0.17166
19.53, -0.16632
19.54, -0.15793
19.55, -0.14267
19.56, -0.12589
19.57, -0.10498
19.58, -0.08652
19.59, -0.06775
19.6, -0.05875
19.61, -0.05981
19.62, -0.0647
19.63, -0.07507
19.64, -0.09521
19.65, -0.11261
19.66, -0.12924
19.67, -0.14954
19.68, -0.15732
19.69, -0.16052
19.7, -0.15167
19.71, -0.14114
19.72, -0.12848
19.73, -0.10101
19.74, -0.08423
19.75, -0.06973
19.76, -0.05554
19.77, -0.04761
19.78, -0.04883
19.79, -0.05569
19.8, -0.07217
19.81, -0.09201
19.82, -0.10757
19.83, -0.12909
19.84, -0.14297
19.85, -0.14908
19.86, -0.14877
19.87, -0.14008
19.88, -0.12924
19.89, -0.11154
19.9, -0.09079
19.91, -0.06668
19.92, -0.05325
19.93, -0.04105
19.94, -0.03647
19.95, -0.03998
19.96, -0.04883
19.97, -0.06424
19.98, -0.08774
19.99, -0.10361
20.0, -0.12161
20.01, -0.1326
20.02, -0.1384
20.03, -0.13229
20.04, -0.12161
20.05, -0.10757
20.06, -0.08835
20.07, -0.06866
20.08, -0.04974
20.09, -0.03387
20.1, -0.02747
20.11, -0.02747
20.12, -0.03296
20.13, -0.04745
20.14, -0.06058
20.15, -0.08133
20.16, -0.09949
20.17, -0.11505
20.18, -0.12634
20.19, -0.13
20.2, -0.12283
20.21, -0.11414
20.22, -0.08865
20.23, -0.06577
20.24, -0.05066
20.25, -0.03738
20.26, -0.02304
20.27, -0.01907
20.28, -0.02106
20.29, -0.02731
20.3, -0.04166
20.31, -0.05875
20.32, -0.07935
20.33, -0.09689
20.34, -0.11536
20.35, -0.12268
20.36, -0.12024
20.37, -0.11459
20.38, -0.10315
20.39, -0.08606
20.4, -0.05905
20.41, -0.04364
20.42, -0.02853
20.43, -0.01495
20.44, -0.01236
20.45, -0.01572
20.46, -0.02518
20.47, -0.04074
20.48, -0.05905
20.49, -0.07874
20.5, -0.10498
20.51, -0.11658
20.52, -0.11673
20.53, -0.11047
20.54, -0.1004
20.55, -0.08759
20.56, -0.07431
20.57, -0.05356
20.58, -0.0354
20.59, -0.01923
20.6, -0.0087
20.61, -0.00854
20.62, -0.01541
20.63, -0.03143
20.64, -0.05234
20.65, -0.07187
20.66, -0.08484
20.67, -0.10666
20.68, -0.11353
20.69, -0.11429
20.7, -0.11078
20.71, -0.09628
20.72, -0.08011
20.73, -0.06348
20.74, -0.0441
20.75, -0.0264
20.76, -0.00977
20.77, -0.00671
20.78, -0.01572
20.79, -0.02533
20.8, -0.03738
20.81, -0.05157
20.82, -0.0737
20.83, -0.08774
20.84, -0.10391
20.85, -0.11307
20.86, -0.11444
20.87, -0.10864
20.88, -0.09659
20.89, -0.07858
20.9, -0.05341
20.91, -0.03738
20.92, -0.0206
20.93, -0.01099
20.94, -0.0087
20.95, -0.01389
20.96, -0.02304
20.97, -0.03815
20.98, -0.05905
20.99, -0.07813
21.0, -0.10361
21.01, -0.11536
21.02, -0.11765
21.03, -0.112
21.04, -0.10391
21.05, -0.09277
21.06, -0.06805
21.07, -0.04761
21.08, -0.03281
21.09, -0.02213
21.1, -0.0148
21.11, -0.01419
21.12, -0.02106
21.13, -0.03357
21.14, -0.0502
21.15, -0.07126
21.16, -0.09659
21.17, -0.10941
21.18, -0.12085
21.19, -0.12482
21.2, -0.11765
21.21, -0.10315
21.22, -0.09109
21.23, -0.07645
21.24, -0.05814
21.25, -0.04074
21.26, -0.02792
21.27, -0.02258
21.28, -0.02457
21.29, -0.03433
21.3, -0.05051
21.31, -0.06729
21.32, -0.10086
21.33, -0.1207
21.34, -0.13062
21.35, -0.1358
21.36, -0.13519
21.37, -0.1297
21.38, -0.11856
21.39, -0.10223
21.4, -0.08209
21.41, -0.06393
21.42, -0.04929
21.43, -0.03662
21.44, -0.03555
21.45, -0.04181
21.46, -0.05142
21.47, -0.07248
21.48, -0.08942
21.49, -0.10925
21.5, -0.13107
21.51, -0.14328
21.52, -0.15045
21.53, -0.1503
21.54, -0.14175
21.55, -0.12909
21.56, -0.11124
21.57, -0.09338
21.58, -0.07248
21.59, -0.06119
21.6, -0.05386
21.61, -0.05371
21.62, -0.06348
21.63, -0.07919
21.64, -0.09338
21.65, -0.12665
21.66, -0.14435
21.67, -0.15808
21.68, -0.16769
21.69, -0.1709
21.7, -0.16663
21.71, -0.159
21.72, -0.14435
21.73, -0.12451
21.74, -0.10712
21.75, -0.09216
21.76, -0.07828
21.77, -0.07477
21.78, -0.08179
21.79, -0.09384
21.8, -0.10727
21.81, -0.12466
21.82, -0.15045
21.83, -0.16602
21.84, -0.18234
21.85, -0.19302
21.86, -0.19547
21.87, -0.19043
21.88, -0.17929
21.89, -0.16174
21.9, -0.13809
21.91, -0.121
21.92, -0.10605
21.93, -0.10162
21.94, -0.1033
21.95, -0.10895
21.96, -0.11963
21.97, -0.14999
21.98, -0.17288
21.99, -0.19104
22.0, -0.20462
22.01, -0.21851
22.02, -0.2243
22.03, -0.22293
22.04, -0.21652
22.05, -0.20142
22.06, -0.18127
22.07, -0.1651
22.08, -0.14725
22.09, -0.13809
22.1, -0.1329
22.11, -0.13443
22.12, -0.14374
22.13, -0.15762
22.14, -0.17685
22.15, -0.19928
22.16, -0.22125
22.17, -0.23911
22.18, -0.25574
22.19, -0.25879
22.2, -0.25406
22.21, -0.24429
22.22, -0.23392
22.23, -0.21118
22.24, -0.19836
22.25, -0.18311
22.26, -0.17288
22.27, -0.16907
22.28, -0.17273
22.29, -0.18295
22.3, -0.21149
22.31, -0.23575
22.32, -0.25558
22.33, -0.27542
22.34, -0.28763
22.35, -0.29541
22.36, -0.29709
22.37, -0.2919
22.38, -0.28229
22.39, -0.26733
22.4, -0.2478
22.41, -0.2327
22.42, -0.21912
22.43, -0.20966
22.44, -0.20874
22.45, -0.21545
22.46, -0.23285
22.47, -0.2565
22.48, -0.28
22.49, -0.29846
22.5, -0.3125
22.51, -0.32684
22.52, -0.33554
22.53, -0.3363
22.54, -0.3299
22.55, -0.31784
22.56, -0.30151
22.57, -0.2832
22.58, -0.26718
22.59, -0.25406
22.6, -0.24719
22.61, -0.2536
22.62, -0.27634
22.63, -0.29175
22.64, -0.30716
22.65, -0.32455
22.66, -0.34592
22.67, -0.36072
22.68, -0.36926
22.69, -0.3743
22.7, -0.37186
22.71, -0.36346
22.72, -0.34348
22.73, -0.32974
22.74, -0.31021
22.75, -0.29816
22.76, -0.28656
22.77, -0.28214
22.78, -0.28564
22.79, -0.29587
22.8, -0.31189
22.81, -0.33234
22.82, -0.35522
22.83, -0.37888
22.84, -0.39246
22.85, -0.40253
22.86, -0.40436
22.87, -0.39902
22.88, -0.38803
22.89, -0.37155
22.9, -0.35004
22.91, -0.32837
22.92, -0.31769
22.93, -0.3093
22.94, -0.30762
22.95, -0.32181
22.96, -0.33646
22.97, -0.35324
22.98, -0.37292
22.99, -0.38956
23.0, -0.40146
23.01, -0.4158
23.02, -0.42191
23.03, -0.42068
23.04, -0.40375
23.05, -0.38239
23.06, -0.35767
23.07, -0.34042
23.08, -0.32547
23.09, -0.31799
23.1, -0.3183
23.11, -0.327
23.12, -0.33936
23.13, -0.35522
23.14, -0.37689
23.15, -0.39719
23.16, -0.41245
23.17, -0.42282
23.18, -0.4248
23.19, -0.41855
23.2, -0.40863
23.21, -0.39078
23.22, -0.37094
23.23, -0.3511
23.24, -0.33371
23.25, -0.31662
23.26, -0.31235
23.27, -0.31921
23.28, -0.33112
23.29, -0.34698
23.3, -0.3656
23.31, -0.38422
23.32, -0.39703
23.33, -0.4071
23.34, -0.41321
23.35, -0.41199
23.36, -0.40253
23.37, -0.39063
23.38, -0.37155
23.39, -0.34988
23.4, -0.32913
23.41, -0.31189
23.42, -0.29724
23.43, -0.2948
23.44, -0.29755
23.45, -0.3067
23.46, -0.32181
23.47, -0.33966
23.48, -0.35797
23.49, -0.37674
23.5, -0.38681
23.51, -0.39063
23.52, -0.38437
23.53, -0.3743
23.54, -0.354
23.55, -0.33569
23.56, -0.31738
23.57, -0.29724
23.58, -0.27893
23.59, -0.27039
23.6, -0.26947
23.61, -0.27786
23.62, -0.29617
23.63, -0.3183
23.64, -0.33417
23.65, -0.34592
23.66, -0.35767
23.67, -0.36072
23.68, -0.35858
23.69, -0.35049
23.7, -0.33875
23.71, -0.32272
23.72, -0.30212
23.73, -0.27847
23.74, -0.26001
23.75, -0.23926
23.76, -0.23575
23.77, -0.24078
23.78, -0.24902
23.79, -0.26001
23.8, -0.27695
23.81, -0.29663
23.82, -0.30975
23.83, -0.32013
23.84, -0.32715
23.85, -0.32516
23.86, -0.31708
23.87, -0.30228
23.88, -0.27512
23.89, -0.2533
23.9, -0.23178
23.91, -0.21255
23.92, -0.20172
23.93, -0.20508
23.94, -0.21698
23.95, -0.22964
23.96, -0.24323
23.97, -0.26321
23.98, -0.27695
23.99, -0.28854
24.0, -0.29236
24.01, -0.289
24.02, -0.2771
24.03, -0.25284
24.04, -0.23163
24.05, -0.20981
24.06, -0.19196
24.07, -0.17975
24.08, -0.16998
24.09, -0.16754
24.1, -0.17319
24.11, -0.18219
24.12, -0.19684
24.13, -0.21698
24.14, -0.23346
24.15, -0.24796
24.16, -0.25757
24.17, -0.25864
24.18, -0.24551
24.19, -0.22629
24.2, -0.21225
24.21, -0.19638
24.22, -0.17761
24.23, -0.1564
24.24, -0.14374
24.25, -0.1355
24.26, -0.13748
24.27, -0.14389
24.28, -0.1564
24.29, -0.17242
24.3, -0.19531
24.31, -0.20966
24.32, -0.22308
24.33, -0.22827
24.34, -0.22614
24.35, -0.21835
24.36, -0.20432
24.37, -0.18417
24.38, -0.16281
24.39, -0.14191
24.4, -0.12482
24.41, -0.10895
24.42, -0.10605
24.43, -0.1088
24.44, -0.11703
24.45, -0.1355
24.46, -0.15213
24.47, -0.17105
24.48, -0.18677
24.49, -0.19684
24.5, -0.20081
24.51, -0.1973
24.52, -0.18768
24.53, -0.17136
24.54, -0.14526
24.55, -0.12848
24.56, -0.10635
24.57, -0.08392
24.58, -0.08102
24.59, -0.08484
24.6, -0.09293
24.61, -0.11017
24.62, -0.1239
24.63, -0.13947
24.64, -0.15152
24.65, -0.16373
24.66, -0.17471
24.67, -0.177
24.68, -0.17136
24.69, -0.16006
24.7, -0.13611
24.71, -0.11795
24.72, -0.1004
24.73, -0.07889
24.74, -0.06699
24.75, -0.05951
24.76, -0.06134
24.77, -0.06821
24.78, -0.08041
24.79, -0.09735
24.8, -0.11673
24.81, -0.13489
24.82, -0.15137
24.83, -0.15686
24.84, -0.15564
24.85, -0.14877
24.86, -0.13535
24.87, -0.11581
24.88, -0.09567
24.89, -0.07294
24.9, -0.04852
24.91, -0.04257
24.92, -0.04364
24.93, -0.0502
24.94, -0.0621
24.95, -0.07889
24.96, -0.09964
24.97, -0.11642
24.98, -0.12772
24.99, -0.13824
25.0, -0.14252
25.01, -0.14038
25.02, -0.13046
25.03, -0.11505
25.04, -0.09491
25.05, -0.06714
25.06, -0.04639
25.07, -0.03525
25.08, -0.03021
25.09, -0.03159
25.1, -0.03845
25.11, -0.04852
25.12, -0.06516
25.13, -0.08408
25.14, -0.10284
25.15, -0.11856
25.16, -0.13
25.17, -0.1329
25.18, -0.12665
25.19, -0.10986
25.2, -0.0914
25.21, -0.06989
25.22, -0.0441
25.23, -0.03174
25.24, -0.02472
25.25, -0.02319
25.26, -0.0264
25.27, -0.03448
25.28, -0.04761
25.29, -0.06516
25.3, -0.08774
25.31, -0.10864
25.32, -0.12039
25.33, -0.12817
25.34, -0.12863
25.35, -0.12222
25.36, -0.11002
25.37, -0.09186
25.38, -0.07095
25.39, -0.0531
25.4, -0.03708
25.41, -0.02548
25.42, -0.02228
25.43, -0.02914
25.44, -0.04044
25.45, -0.05386
25.46, -0.07324
25.47, -0.09232
25.48, -0.11047
25.49, -0.12421
25.5, -0.13092
25.51, -0.12833
25.52, -0.12085
25.53, -0.10712
25.54, -0.08865
25.55, -0.05981
25.56, -0.04807
25.57, -0.03494
25.58, -0.02762
25.59, -0.02884
25.6, -0.03754
25.61, -0.04959
25.62, -0.06531
25.63, -0.08652
25.64, -0.10651
25.65, -0.12314
25.66, -0.13718
25.67, -0.13947
25.68, -0.1358
25.69, -0.1268
25.7, -0.10559
25.71, -0.08759
25.72, -0.07156
25.73, -0.0563
25.74, -0.04242
25.75, -0.03891
25.76, -0.0412
25.77, -0.05112
25.78, -0.06638
25.79, -0.08499
25.8, -0.10651
25.81, -0.12573
25.82, -0.14191
25.83, -0.15228
25.84, -0.15457
25.85, -0.14633
25.86, -0.13687
25.87, -0.10773
25.88, -0.08636
25.89, -0.07324
25.9, -0.06409
25.91, -0.05783
25.92, -0.05722
25.93, -0.06256
25.94, -0.07782
25.95, -0.09186
25.96, -0.11246
25.97, -0.13382
25.98, -0.15808
25.99, -0.16907
26.0, -0.17563
26.01, -0.1741
26.02, -0.16739
26.03, -0.15503
26.04, -0.13809
26.05, -0.11307
26.06, -0.09918
26.07, -0.08774
26.08, -0.08194
26.09, -0.08347
26.1, -0.09491
26.11, -0.10849
26.12, -0.12939
26.13, -0.14938
26.14, -0.16861
26.15, -0.1886
26.16, -0.19974
26.17, -0.20477
26.18, -0.20142
26.19, -0.19043
26.2, -0.16724
26.21, -0.14679
26.22, -0.13321
26.23, -0.11841
26.24, -0.11383
26.25, -0.11459
26.26, -0.12054
26.27, -0.13489
26.28, -0.15106
26.29, -0.16724
26.3, -0.18951
26.31, -0.2092
26.32, -0.22598
26.33, -0.23804
26.34, -0.24048
26.35, -0.23605
26.36, -0.22171
26.37, -0.20767
26.38, -0.19165
26.39, -0.17654
26.4, -0.16296
26.41, -0.15396
26.42, -0.15335
26.43, -0.16296
26.44, -0.17471
26.45, -0.19287
26.46, -0.21515
26.47, -0.23773
26.48, -0.25757
26.49, -0.27344
26.5, -0.28397
26.51, -0.28244
26.52, -0.26932
26.53, -0.2536
26.54, -0.24063
26.55, -0.22415
26.56, -0.21271
26.57, -0.20355
26.58, -0.19958
26.59, -0.20325
26.6, -0.21164
26.61, -0.22812
26.62, -0.24811
26.63, -0.27176
26.64, -0.29312
26.65, -0.31311
26.66, -0.32837
26.67, -0.33417
26.68, -0.3334
26.69, -0.32562
26.7, -0.31204
26.71, -0.29037
26.72, -0.27618
26.73, -0.26535
26.74, -0.2562
26.75, -0.25467
26.76, -0.2594
26.77, -0.2713
26.78, -0.28931
26.79, -0.31998
26.8, -0.34409
26.81, -0.36636
26.82, -0.38055
26.83, -0.39169
26.84, -0.39246
26.85, -0.38208
26.86, -0.37033
26.87, -0.35416
26.88, -0.33997
26.89, -0.32578
26.9, -0.31799
26.91, -0.31418
26.92, -0.31784
26.93, -0.33051
26.94, -0.34515
26.95, -0.36606
26.96, -0.39627
26.97, -0.41534
26.98, -0.43152
26.99, -0.44678
27.0, -0.45547
27.01, -0.457
27.02, -0.45059
27.03, -0.43564
27.04, -0.4248
27.05, -0.40909
27.06, -0.39536
27.07, -0.383
27.08, -0.38071
27.09, -0.38696
27.1, -0.39993
27.11, -0.41718
27.12, -0.43793
27.13, -0.4599
27.14, -0.48355
27.15, -0.50293
27.16, -0.5188
27.17, -0.52567
27.18, -0.52032
27.19, -0.50476
27.2, -0.49088
27.21, -0.47607
27.22, -0.46417
27.23, -0.45578
27.24, -0.45059
27.25, -0.4509
27.26, -0.45792
27.27, -0.47028
27.28, -0.48904
27.29, -0.51315
27.3, -0.54276
27.31, -0.56412
27.32, -0.58228
27.33, -0.59219
27.34, -0.59265
27.35, -0.58777
27.36, -0.58014
27.37, -0.5661
27.38, -0.54901
27.39, -0.53452
27.4, -0.51971
27.41, -0.51437
27.42, -0.51575
27.43, -0.52673
27.44, -0.55267
27.45, -0.58075
27.46, -0.6041
27.47, -0.62256
27.48, -0.63782
27.49, -0.64774
27.5, -0.65125
27.51, -0.6456
27.52, -0.634
27.53, -0.62225
27.54, -0.60547
27.55, -0.58899
27.56, -0.57648
27.57, -0.56656
27.58, -0.56824
27.59, -0.58136
27.6, -0.5957
27.61, -0.61325
27.62, -0.63538
27.63, -0.65689
27.64, -0.67459
27.65, -0.69
27.66, -0.69275
27.67, -0.6897
27.68, -0.67993
27.69, -0.65811
27.7, -0.6427
27.71, -0.62561
27.72, -0.61203
27.73, -0.60013
27.74, -0.5954
27.75, -0.60028
27.76, -0.60959
27.77, -0.62546
27.78, -0.64362
27.79, -0.6694
27.8, -0.68619
27.81, -0.69809
27.82, -0.70786
27.83, -0.70267
27.84, -0.69397
27.85, -0.67657
27.86, -0.6572
27.87, -0.64056
27.88, -0.62515
27.89, -0.6073
27.9, -0.59891
27.91, -0.59631
27.92, -0.60074
27.93, -0.61005
27.94, -0.62515
27.95, -0.64957
27.96, -0.66467
27.97, -0.67841
27.98, -0.68985
27.99, -0.69427
28.0, -0.68832
28.01, -0.67337
28.02, -0.65811
28.03, -0.64056
28.04, -0.61218
28.05, -0.59219
28.06, -0.57877
28.07, -0.57114
28.08, -0.569
28.09, -0.5751
28.1, -0.58701
28.11, -0.60013
28.12, -0.61813
28.13, -0.63507
28.14, -0.64636
28.15, -0.65491
28.16, -0.64651
28.17, -0.63553
28.18, -0.6163
28.19, -0.59647
28.2, -0.57907
28.21, -0.55862
28.22, -0.54214
28.23, -0.52887
28.24, -0.52032
28.25, -0.51956
28.26, -0.52536
28.27, -0.54199
28.28, -0.5629
28.29, -0.57846
28.3, -0.59509
28.31, -0.59891
28.32, -0.59616
28.33, -0.58685
28.34, -0.57266
28.35, -0.55756
28.36, -0.53497
28.37, -0.51575
28.38, -0.49515
28.39, -0.47745
28.4, -0.46371
28.41, -0.45685
28.42, -0.45883
28.43, -0.46494
28.44, -0.47928
28.45, -0.49332
28.46, -0.50827
28.47, -0.52841
28.48, -0.53299
28.49, -0.53024
28.5, -0.522
28.51, -0.50964
28.52, -0.4924
28.53, -0.47028
28.54, -0.44495
28.55, -0.42328
28.56, -0.40329
28.57, -0.38986
28.58, -0.38895
28.59, -0.39261
28.6, -0.40115
28.61, -0.4129
28.62, -0.43381
28.63, -0.44601
28.64, -0.45761
28.65, -0.46387
28.66, -0.46234
28.67, -0.4538
28.68, -0.439
28.69, -0.4184
28.7, -0.39429
28.71, -0.36896
28.72, -0.3421
28.73, -0.32715
28.74, -0.32181
28.75, -0.32074
28.76, -0.32516
28.77, -0.33951
28.78, -0.35416
28.79, -0.36789
28.8, -0.38666
28.81, -0.39505
28.82, -0.39719
28.83, -0.39108
28.84, -0.37308
28.85, -0.35675
28.86, -0.33539
28.87, -0.30777
28.88, -0.29099
28.89, -0.2739
28.9, -0.26337
28.91, -0.25696
28.92, -0.25848
28.93, -0.26596
28.94, -0.27832
28.95, -0.29404
28.96, -0.31067
28.97, -0.32516
28.98, -0.33447
28.99, -0.33707
29.0, -0.33142
29.01, -0.31921
29.02, -0.2948
29.03, -0.27481
29.04, -0.25375
29.05, -0.22842
29.06, -0.21393
29.07, -0.20248
29.08, -0.20081
29.09, -0.20447
29.1, -0.21393
29.11, -0.22827
29.12, -0.25894
29.13, -0.27328
29.14, -0.28152
29.15, -0.28397
29.16, -0.27908
29.17, -0.26642
29.18, -0.25223
29.19, -0.23682
29.2, -0.22003
29.21, -0.1947
29.22, -0.17761
29.23, -0.16129
29.24, -0.1532
29.25, -0.15305
29.26, -0.16052
29.27, -0.17731
29.28, -0.19409
29.29, -0.20721
29.3, -0.2243
29.31, -0.23422
29.32, -0.23941
29.33, -0.2356
29.34, -0.22705
29.35, -0.21164
29.36, -0.19196
29.37, -0.16922
29.38, -0.14893
29.39, -0.13138
29.4, -0.11566
29.41, -0.11261
29.42, -0.11581
29.43, -0.1239
29.44, -0.14008
29.45, -0.16907
29.46, -0.18417
29.47, -0.19531
29.48, -0.20355
29.49, -0.20187
29.5, -0.19485
29.51, -0.18219
29.52, -0.16602
29.53, -0.14725
29.54, -0.12543
29.55, -0.10391
29.56, -0.09155
29.57, -0.08301
29.58, -0.08148
29.59, -0.08896
29.6, -0.09842
29.61, -0.1178
29.62, -0.13779
29.63, -0.15121
29.64, -0.16632
29.65, -0.17502
29.66, -0.17624
29.67, -0.17029
29.68, -0.1561
29.69, -0.13489
29.7, -0.11505
29.71, -0.09857
29.72, -0.07751
29.73, -0.06546
29.74, -0.05905
29.75, -0.06165
29.76, -0.06958
29.77, -0.09644
29.78, -0.11505
29.79, -0.12985
29.8, -0.14236
29.81, -0.15182
29.82, -0.15884
29.83, -0.15686
29.84, -0.15045
29.85, -0.1358
29.86, -0.11719
29.87, -0.09109
29.88, -0.07248
29.89, -0.06058
29.9, -0.04868
29.91, -0.04654
29.92, -0.0502
29.93, -0.06363
29.94, -0.07782
29.95, -0.09689
29.96, -0.11597
29.97, -0.13306
29.98, -0.14481
29.99, -0.15076
30.0, -0.14862
30.01, -0.13458
30.02, -0.12085
30.03, -0.10147
30.04, -0.0856
30.05, -0.0676
30.06, -0.0499
30.07, -0.04364
30.08, -0.0441
30.09, -0.05096
30.1, -0.07431
30.11, -0.09308
30.12, -0.11536
30.13, -0.13107
30.14, -0.14801
30.15, -0.15244
30.16, -0.1503
30.17, -0.14175
30.18, -0.12817
30.19, -0.1152
30.2, -0.09766
30.21, -0.0824
30.22, -0.06683
30.23, -0.05463
30.24, -0.04944
30.25, -0.05371
30.26, -0.06439
30.27, -0.0824
30.28, -0.10025
30.29, -0.11887
30.3, -0.1358
30.31, -0.15579
30.32, -0.16235
30.33, -0.16281
30.34, -0.15686
30.35, -0.14542
30.36, -0.12817
30.37, -0.10773
30.38, -0.09033
30.39, -0.0769
30.4, -0.06653
30.41, -0.06546
30.42, -0.08026
30.43, -0.0972
30.44, -0.11551
30.45, -0.13199
30.46, -0.15121
30.47, -0.16663
30.48, -0.17715
30.49, -0.18433
30.5, -0.18204
30.51, -0.17532
30.52, -0.1622
30.53, -0.13916
30.54, -0.12497
30.55, -0.1088
30.56, -0.09689
30.57, -0.09048
30.58, -0.09232
30.59, -0.10437
30.6, -0.11887
30.61, -0.14191
30.62, -0.16876
30.63, -0.18631
30.64, -0.20233
30.65, -0.21179
30.66, -0.21393
30.67, -0.20859
30.68, -0.2005
30.69, -0.18829
30.7, -0.17105
30.71, -0.15137
30.72, -0.1387
30.73, -0.12665
30.74, -0.12589
30.75, -0.13733
30.76, -0.15228
30.77, -0.17639
30.78, -0.19913
30.79, -0.21774
30.8, -0.23209
30.81, -0.24475
30.82, -0.25345
30.83, -0.25513
30.84, -0.2507
30.85, -0.24078
30.86, -0.22232
30.87, -0.20691
30.88, -0.1918
30.89, -0.17914
30.9, -0.17075
30.91, -0.17288
30.92, -0.18295
30.93, -0.19638
30.94, -0.21317
30.95, -0.24445
30.96, -0.26123
30.97, -0.27847
30.98, -0.29648
30.99, -0.30518
31.0, -0.30502
31.01, -0.29953
31.02, -0.28732
31.03, -0.27237
31.04, -0.25604
31.05, -0.24155
31.06, -0.23102
31.07, -0.22812
31.08, -0.2417
31.09, -0.25696
31.1, -0.28
31.11, -0.3009
31.12, -0.32166
31.13, -0.34058
31.14, -0.35553
31.15, -0.36499
31.16, -0.36774
31.17, -0.36591
31.18, -0.3595
31.19, -0.34668
31.2, -0.32928
31.21, -0.31418
31.22, -0.30228
31.23, -0.29373
31.24, -0.29419
31.25, -0.30197
31.26, -0.3154
31.27, -0.33859
31.28, -0.35934
31.29, -0.38498
31.3, -0.40405
31.31, -0.42297
31.32, -0.43503
31.33, -0.43945
31.34, -0.43671
31.35, -0.42755
31.36, -0.41306
31.37, -0.39902
31.38, -0.38071
31.39, -0.37155
31.4, -0.37094
31.41, -0.37842
31.42, -0.39627
31.43, -0.41367
31.44, -0.43518
31.45, -0.45944
31.46, -0.48004
31.47, -0.49973
31.48, -0.51376
31.49, -0.52063
31.5, -0.52216
31.51, -0.5159
31.52, -0.50751
31.53, -0.49408
31.54, -0.47699
31.55, -0.46661
31.56, -0.45639
31.57, -0.457
31.58, -0.46432
31.59, -0.47714
31.6, -0.49667
31.61, -0.52216
31.62, -0.54565
31.63, -0.56747
31.64, -0.58731
31.65, -0.60822
31.66, -0.61356
31.67, -0.61371
31.68, -0.60791
31.69, -0.59708
31.7, -0.58121
31.71, -0.56595
31.72, -0.55328
31.73, -0.55084
31.74, -0.55634
31.75, -0.56885
31.76, -0.58365
31.77, -0.61264
31.78, -0.64835
31.79, -0.67017
31.8, -0.68924
31.81, -0.70175
31.82, -0.70999
31.83, -0.71426
31.84, -0.71274
31.85, -0.70587
31.86, -0.69244
31.87, -0.6781
31.88, -0.6662
31.89, -0.65735
31.9, -0.65277
31.91, -0.65857
31.92, -0.66833
31.93, -0.69199
31.94, -0.71045
31.95, -0.73639
31.96, -0.76019
31.97, -0.78506
31.98, -0.80261
31.99, -0.81436
32.0, -0.81726
32.01, -0.8139
32.02, -0.80048
32.03, -0.78812
32.04, -0.77332
32.05, -0.75668
32.06, -0.75592
32.07, -0.76599
32.08, -0.78018
32.09, -0.79697
32.1, -0.81863
32.11, -0.84442
32.12, -0.86914
32.13, -0.88989
32.14, -0.90607
32.15, -0.9137
32.16, -0.914
32.17, -0.90775
32.18, -0.89523
32.19, -0.87616
32.2, -0.85632
32.21, -0.84763
32.22, -0.84793
32.23, -0.8548
32.24, -0.86456
32.25, -0.87936
32.26, -0.89462
32.27, -0.91354
32.28, -0.93781
32.29, -0.96588
32.3, -0.98145
32.31, -0.99197
32.32, -0.99518
32.33, -0.99182
32.34, -0.9819
32.35, -0.9671
32.36, -0.95078
32.37, -0.92712
32.38, -0.91843
32.39, -0.91568
32.4, -0.92133
32.41, -0.93185
32.42, -0.95169
32.43, -0.97092
32.44, -0.99289
32.45, -1.01578
32.46, -1.03226
32.47, -1.04187
32.48, -1.04599
32.49, -1.04462
32.5, -1.03683
32.51, -1.02203
32.52, -1.0051
32.53, -0.9848
32.54, -0.96909
32.55, -0.95581
32.56, -0.94955
32.57, -0.95413
32.58, -0.96466
32.59, -0.97794
32.6, -0.99503
32.61, -1.01669
32.62, -1.03333
32.63, -1.05301
32.64, -1.0585
32.65, -1.0582
32.66, -1.05209
32.67, -1.0405
32.68, -1.01593
32.69, -0.99655
32.7, -0.96893
32.71, -0.95673
32.72, -0.94696
32.73, -0.94131
32.74, -0.94238
32.75, -0.95001
32.76, -0.9639
32.77, -0.9845
32.78, -1.00037
32.79, -1.01974
32.8, -1.02951
32.81, -1.02966
32.82, -1.02341
32.83, -1.01242
32.84, -0.99884
32.85, -0.97382
32.86, -0.94711
32.87, -0.923
32.88, -0.90378
32.89, -0.89432
32.9, -0.89233
32.91, -0.89844
32.92, -0.90851
32.93, -0.92224
32.94, -0.93658
32.95, -0.94986
32.96, -0.96024
32.97, -0.96649
32.98, -0.96481
32.99, -0.95749
33.0, -0.94299
33.01, -0.92178
33.02, -0.87875
33.03, -0.84976
33.04, -0.82321
33.05, -0.81421
33.06, -0.81284
33.07, -0.81757
33.08, -0.82794
33.09, -0.84045
33.1, -0.85342
33.11, -0.86304
33.12, -0.87311
33.13, -0.87753
33.14, -0.87372
33.15, -0.86182
33.16, -0.84503
33.17, -0.82199
33.18, -0.79346
33.19, -0.76233
33.2, -0.74142
33.21, -0.72784
33.22, -0.71625
33.23, -0.71503
33.24, -0.71808
33.25, -0.72693
33.26, -0.73929
33.27, -0.75317
33.28, -0.76492
33.29, -0.77362
33.3, -0.77484
33.31, -0.76782
33.32, -0.75317
33.33, -0.73364
33.34, -0.70862
33.35, -0.66986
33.36, -0.64529
33.37, -0.62897
33.38, -0.61615
33.39, -0.61035
33.4, -0.6102
33.41, -0.61584
33.42, -0.62546
33.43, -0.6395
33.44, -0.6517
33.45, -0.66208
33.46, -0.66925
33.47, -0.66772
33.48, -0.65857
33.49, -0.64316
33.5, -0.62103
33.51, -0.58762
33.52, -0.56198
33.53, -0.54337
33.54, -0.52261
33.55, -0.50873
33.56, -0.50461
33.57, -0.50751
33.58, -0.5162
33.59, -0.52551
33.6, -0.54062
33.61, -0.55481
33.62, -0.56198
33.63, -0.56717
33.64, -0.56305
33.65, -0.5513
33.66, -0.53513
33.67, -0.49545
33.68, -0.46631
33.69, -0.44678
33.7, -0.42831
33.71, -0.41412
33.72, -0.40726
33.73, -0.4097
33.74, -0.41641
33.75, -0.42542
33.76, -0.43945
33.77, -0.45319
33.78, -0.46448
33.79, -0.47058
33.8, -0.47287
33.81, -0.46707
33.82, -0.45502
33.83, -0.4364
33.84, -0.41092
33.85, -0.38666
33.86, -0.3569
33.87, -0.33478
33.88, -0.32364
33.89, -0.31998
33.9, -0.32242
33.91, -0.32913
33.92, -0.34042
33.93, -0.35538
33.94, -0.36942
33.95, -0.38193
33.96, -0.39017
33.97, -0.39063
33.98, -0.38391
33.99, -0.36392
34.0, -0.33081
34.01, -0.30807
34.02, -0.27725
34.03, -0.26031
34.04, -0.24933
34.05, -0.24628
34.06, -0.24948
34.07, -0.25879
34.08, -0.27298
34.09, -0.289
34.1, -0.30518
34.11, -0.31601
34.12, -0.32333
34.13, -0.32166
34.14, -0.31235
34.15, -0.29572
34.16, -0.26779
34.17, -0.24063
34.18, -0.22324
34.19, -0.2034
34.2, -0.19119
34.21, -0.186
34.22, -0.18829
34.23, -0.19836
34.24, -0.20981
34.25, -0.22537
34.26, -0.23849
34.27, -0.25299
34.28, -0.26474
34.29, -0.26947
34.3, -0.26627
34.31, -0.25635
34.32, -0.22751
34.33, -0.19867
34.34, -0.17838
34.35, -0.16388
34.36, -0.14862
34.37, -0.1413
34.38, -0.14038
34.39, -0.14572
34.4, -0.15869
34.41, -0.17319
34.42, -0.18738
34.43, -0.20294
34.44, -0.21698
34.45, -0.22675
34.46, -0.22964
34.47, -0.22476
34.48, -0.21378
34.49, -0.19623
34.5, -0.17441
34.51, -0.15289
34.52, -0.12848
34.53, -0.11551
34.54, -0.10818
34.55, -0.10956
34.56, -0.11597
34.57, -0.13824
34.58, -0.15869
34.59, -0.17548
34.6, -0.1886
34.61, -0.19974
34.62, -0.20462
34.63, -0.20294
34.64, -0.19669
34.65, -0.17349
34.66, -0.15503
34.67, -0.13626
34.68, -0.11993
34.69, -0.103
34.7, -0.09018
34.71, -0.0914
34.72, -0.10025
34.73, -0.11429
34.74, -0.13351
34.75, -0.15106
34.76, -0.16785
34.77, -0.18143
34.78, -0.19089
34.79, -0.19318
34.8, -0.1918
34.81, -0.18463
34.82, -0.16922
34.83, -0.15167
34.84, -0.13107
34.85, -0.11215
34.86, -0.09705
34.87, -0.08774
34.88, -0.08591
34.89, -0.09399
34.9, -0.10666
34.91, -0.121
34.92, -0.14587
34.93, -0.16464
34.94, -0.17822
34.95, -0.19073
34.96, -0.19577
34.97, -0.18906
34.98, -0.17807
34.99, -0.15228
35.0, -0.13367
35.01, -0.11856
35.02, -0.10635
35.03, -0.09674
35.04, -0.09613
35.05, -0.10147
35.06, -0.11398
35.07, -0.12863
35.08, -0.14328
35.09, -0.15915
35.1, -0.18112
35.11, -0.19684
35.12, -0.20859
35.13, -0.2121
35.14, -0.20523
35.15, -0.19577
35.16, -0.18127
35.17, -0.16357
35.18, -0.14145
35.19, -0.1268
35.2, -0.11871
35.21, -0.11826
35.22, -0.12238
35.23, -0.13336
35.24, -0.15518
35.25, -0.17227
35.26, -0.1947
35.27, -0.21378
35.28, -0.23056
35.29, -0.24094
35.3, -0.23895
35.31, -0.2272
35.32, -0.2124
35.33, -0.19684
35.34, -0.17868
35.35, -0.16418
35.36, -0.15579
35.37, -0.15411
35.38, -0.15961
35.39, -0.1712
35.4, -0.18433
35.41, -0.21027
35.42, -0.23636
35.43, -0.25314
35.44, -0.26764
35.45, -0.27817
35.46, -0.28519
35.47, -0.28503
35.48, -0.27832
35.49, -0.26596
35.5, -0.24963
35.51, -0.22873
35.52, -0.21652
35.53, -0.2066
35.54, -0.20432
35.55, -0.21103
35.56, -0.22491
35.57, -0.23865
35.58, -0.25787
35.59, -0.28061
35.6, -0.30518
35.61, -0.32349
35.62, -0.3418
35.63, -0.34363
35.64, -0.3389
35.65, -0.32898
35.66, -0.31265
35.67, -0.29984
35.68, -0.28824
35.69, -0.27084
35.7, -0.26855
35.71, -0.27466
35.72, -0.28488
35.73, -0.30121
35.74, -0.31937
35.75, -0.34256
35.76, -0.36118
35.77, -0.37964
35.78, -0.39948
35.79, -0.41122
35.8, -0.41534
35.81, -0.41229
35.82, -0.40283
35.83, -0.38895
35.84, -0.36636
35.85, -0.35324
35.86, -0.34714
35.87, -0.34515
35.88, -0.35049
35.89, -0.35919
35.9, -0.37567
35.91, -0.39734
35.92, -0.42252
35.93, -0.44724
35.94, -0.4718
35.95, -0.49469
35.96, -0.50034
35.97, -0.50049
35.98, -0.49545
35.99, -0.48508
36.0, -0.46844
36.01, -0.45547
36.02, -0.44495
36.03, -0.43762
36.04, -0.43808
36.05, -0.44739
36.06, -0.45853
36.07, -0.47729
36.08, -0.50339
36.09, -0.52917
36.1, -0.55466
36.11, -0.57526
36.12, -0.59296
36.13, -0.60013
36.14, -0.59967
36.15, -0.59433
36.16, -0.58395
36.17, -0.57068
36.18, -0.55786
36.19, -0.54657
36.2, -0.54245
36.21, -0.54657
36.22, -0.55527
36.23, -0.57129
36.24, -0.59387
36.25, -0.61905
36.26, -0.64636
36.27, -0.69031
36.28, -0.70663
36.29, -0.71396
36.3, -0.71411
36.31, -0.70938
36.32, -0.70068
36.33, -0.68527
36.34, -0.6752
36.35, -0.66681
36.36, -0.66193
36.37, -0.66284
36.38, -0.67032
36.39, -0.6813
36.4, -0.70663
36.41, -0.73425
36.42, -0.76004
36.43, -0.78278
36.44, -0.80261
36.45, -0.8226
36.46, -0.83542
36.47, -0.84
36.48, -0.83862
36.49, -0.83038
36.5, -0.81894
36.51, -0.80643
36.52, -0.79468
36.53, -0.79041
36.54, -0.79193
36.55, -0.80093
36.56, -0.82184
36.57, -0.84015
36.58, -0.86594
36.59, -0.89264
36.6, -0.93124
36.61, -0.95154
36.62, -0.96603
36.63, -0.97275
36.64, -0.97443
36.65, -0.97092
36.66, -0.96207
36.67, -0.94925
36.68, -0.93857
36.69, -0.93063
36.7, -0.92697
36.71, -0.93353
36.72, -0.94421
36.73, -0.96359
36.74, -0.98969
36.75, -1.01669
36.76, -1.04385
36.77, -1.07224
36.78, -1.09161
36.79, -1.10596
36.8, -1.11176
36.81, -1.11191
36.82, -1.10565
36.83, -1.09131
36.84, -1.08185
36.85, -1.07147
36.86, -1.06491
36.87, -1.06293
36.88, -1.06979
36.89, -1.08673
36.9, -1.11572
36.91, -1.14594
36.92, -1.19049
36.93, -1.21307
36.94, -1.22787
36.95, -1.24039
36.96, -1.2413
36.97, -1.23734
36.98, -1.23032
36.99, -1.2175
37.0, -1.20453
37.01, -1.19293
37.02, -1.18637
37.03, -1.18713
37.04, -1.20041
37.05, -1.22238
37.06, -1.24466
37.07, -1.2709
37.08, -1.29929
37.09, -1.32782
37.1, -1.34323
37.11, -1.34857
37.12, -1.34796
37.13, -1.34048
37.14, -1.3266
37.15, -1.31149
37.16, -1.29837
37.17, -1.28769
37.18, -1.28021
37.19, -1.28159
37.2, -1.29028
37.21, -1.30402
37.22, -1.32614
37.23, -1.34811
37.24, -1.37039
37.25, -1.39862
37.26, -1.41602
37.27, -1.42151
37.28, -1.41953
37.29, -1.4064
37.3, -1.39114
37.31, -1.3681
37.32, -1.35178
37.33, -1.3385
37.34, -1.33255
37.35, -1.33713
37.36, -1.35071
37.37, -1.36597
37.38, -1.38977
37.39, -1.41083
37.4, -1.42639
37.41, -1.44333
37.42, -1.44867
37.43, -1.44684
37.44, -1.43921
37.45, -1.42792
37.46, -1.41052
37.47, -1.3945
37.48, -1.37787
37.49, -1.35956
37.5, -1.34338
37.51, -1.33667
37.52, -1.33698
37.53, -1.34415
37.54, -1.35666
37.55, -1.37405
37.56, -1.39221
37.57, -1.41647
37.58, -1.42685
37.59, -1.42838
37.6, -1.41876
37.61, -1.40244
37.62, -1.37573
37.63, -1.34247
37.64, -1.31851
37.65, -1.30096
37.66, -1.29227
37.67, -1.29227
37.68, -1.29791
37.69, -1.30966
37.7, -1.32553
37.71, -1.34109
37.72, -1.35361
37.73, -1.36261
37.74, -1.3649
37.75, -1.35757
37.76, -1.34476
37.77, -1.32492
37.78, -1.29898
37.79, -1.27197
37.8, -1.24496
37.81, -1.22574
37.82, -1.21109
37.83, -1.20697
37.84, -1.20834
37.85, -1.21414
37.86, -1.22543
37.87, -1.23962
37.88, -1.25183
37.89, -1.2616
37.9, -1.26709
37.91, -1.26221
37.92, -1.25
37.93, -1.23215
37.94, -1.20697
37.95, -1.17538
37.96, -1.15097
37.97, -1.12915
37.98, -1.11389
37.99, -1.10001
38.0, -1.09467
38.01, -1.0968
38.02, -1.10367
38.03, -1.11465
38.04, -1.129
38.05, -1.13693
38.06, -1.14395
38.07, -1.14609
38.08, -1.13861
38.09, -1.12503
38.1, -1.10474
38.11, -1.07834
38.12, -1.05072
38.13, -1.02219
38.14, -0.99869
38.15, -0.97366
38.16, -0.96436
38.17, -0.96436
38.18, -0.97366
38.19, -0.98724
38.2, -0.99792
38.21, -1.00555
38.22, -1.00998
38.23, -1.00372
38.24, -0.98984
38.25, -0.97031
38.26, -0.94315
38.27, -0.91904
38.28, -0.89798
38.29, -0.87784
38.3, -0.85419
38.31, -0.83542
38.32, -0.82535
38.33, -0.82443
38.34, -0.83176
38.35, -0.84015
38.36, -0.85419
38.37, -0.86212
38.38, -0.87021
38.39, -0.87067
38.4, -0.86472
38.41, -0.85236
38.42, -0.83603
38.43, -0.81192
38.44, -0.78384
38.45, -0.75623
38.46, -0.72678
38.47, -0.70709
38.48, -0.69321
38.49, -0.68802
38.5, -0.68771
38.51, -0.69611
38.52, -0.70663
38.53, -0.71915
38.54, -0.72952
38.55, -0.73761
38.56, -0.73273
38.57, -0.71732
38.58, -0.69778
38.59, -0.67871
38.6, -0.65918
38.61, -0.63889
38.62, -0.61798
38.63, -0.5928
38.64, -0.57449
38.65, -0.56366
38.66, -0.55984
38.67, -0.56229
38.68, -0.57098
38.69, -0.58319
38.7, -0.59952
38.71, -0.60913
38.72, -0.61508
38.73, -0.61035
38.74, -0.59402
38.75, -0.5748
38.76, -0.54993
38.77, -0.52841
38.78, -0.50278
38.79, -0.48294
38.8, -0.46509
38.81, -0.45288
38.82, -0.44769
38.83, -0.448
38.84, -0.45364
38.85, -0.46356
38.86, -0.47867
38.87, -0.50186
38.88, -0.50858
38.89, -0.50751
38.9, -0.49835
38.91, -0.48264
38.92, -0.46188
38.93, -0.43503
38.94, -0.41122
38.95, -0.38956
38.96, -0.37262
38.97, -0.35828
38.98, -0.35202
38.99, -0.35141
39.0, -0.35889
39.01, -0.37003
39.02, -0.38345
39.03, -0.39627
39.04, -0.4068
39.05, -0.4155
39.06, -0.42023
39.07, -0.4126
39.08, -0.39963
39.09, -0.38025
39.1, -0.35889
39.11, -0.33936
39.12, -0.31998
39.13, -0.30014
39.14, -0.28046
39.15, -0.27405
39.16, -0.27679
39.17, -0.28564
39.18, -0.29938
39.19, -0.31738
39.2, -0.33768
39.21, -0.34683
39.22, -0.35141
39.23, -0.35019
39.24, -0.34149
39.25, -0.32471
39.26, -0.29739
39.27, -0.27435
39.28, -0.25726
39.29, -0.23331
39.3, -0.2211
39.31, -0.21622
39.32, -0.22003
39.33, -0.22949
39.34, -0.24323
39.35, -0.26016
39.36, -0.27695
39.37, -0.29022
39.38, -0.30029
39.39, -0.30228
39.4, -0.29633
39.41, -0.28458
39.42, -0.26611
39.43, -0.2446
39.44, -0.22339
39.45, -0.19836
39.46, -0.18417
39.47, -0.17761
39.48, -0.18295
39.49, -0.19577
39.5, -0.21042
39.51, -0.22552
39.52, -0.25208
39.53, -0.26413
39.54, -0.27252
39.55, -0.27237
39.56, -0.26581
39.57, -0.24796
39.58, -0.22934
39.59, -0.20981
39.6, -0.1918
39.61, -0.17563
39.62, -0.16022
39.63, -0.15869
39.64, -0.16403
39.65, -0.17258
39.66, -0.18814
39.67, -0.20462
39.68, -0.22461
39.69, -0.24216
39.7, -0.25803
39.71, -0.26321
39.72, -0.26062
39.73, -0.25253
39.74, -0.23911
39.75, -0.22156
39.76, -0.19974
39.77, -0.1828
39.78, -0.16846
39.79, -0.15854
39.8, -0.15915
39.81, -0.16602
39.82, -0.18723
39.83, -0.21469
39.84, -0.23193
39.85, -0.25757
39.86, -0.26886
39.87, -0.27069
39.88, -0.26703
39.89, -0.26016
39.9, -0.24368
39.91, -0.22614
39.92, -0.20782
39.93, -0.19196
39.94, -0.17868
39.95, -0.17426
39.96, -0.18387
39.97, -0.20264
39.98, -0.22247
39.99, -0.24338
40.0, -0.26871
40.01, -0.28412
40.02, -0.29449
40.03, -0.29724
40.04, -0.29266
40.05, -0.28168
40.06, -0.26657
40.07, -0.25009
40.08, -0.2327
40.09, -0.21927
40.1, -0.20981
40.11, -0.20996
40.12, -0.21896
40.13, -0.23087
40.14, -0.24536
40.15, -0.27313
40.16, -0.29465
40.17, -0.32578
40.18, -0.3363
40.19, -0.33997
40.2, -0.33661
40.21, -0.32928
40.22, -0.3186
40.23, -0.30685
40.24, -0.2916
40.25, -0.27664
40.26, -0.2652
40.27, -0.25879
40.28, -0.26215
40.29, -0.27176
40.3, -0.28778
40.31, -0.31097
40.32, -0.33661
40.33, -0.35858
40.34, -0.38025
40.35, -0.39215
40.36, -0.39993
40.37, -0.39932
40.38, -0.39368
40.39, -0.3772
40.4, -0.36438
40.41, -0.34988
40.42, -0.33768
40.43, -0.32928
40.44, -0.327
40.45, -0.33264
40.46, -0.34698
40.47, -0.36469
40.48, -0.38788
40.49, -0.41214
40.5, -0.44724
40.51, -0.46234
40.52, -0.47653
40.53, -0.47867
40.54, -0.47546
40.55, -0.46661
40.56, -0.45654
40.57, -0.43686
40.58, -0.42526
40.59, -0.41733
40.6, -0.4126
40.61, -0.41519
40.62, -0.4245
40.63, -0.43915
40.64, -0.46173
40.65, -0.4866
40.66, -0.51559
40.67, -0.5368
40.68, -0.55695
40.69, -0.56976
40.7, -0.57449
40.71, -0.57068
40.72, -0.55954
40.73, -0.54626
40.74, -0.53223
40.75, -0.52307
40.76, -0.51758
40.77, -0.51834
40.78, -0.52689
40.79, -0.5394
40.8, -0.56488
40.81, -0.58914
40.82, -0.62851
40.83, -0.65002
40.84, -0.66666
40.85, -0.68253
40.86, -0.68863
40.87, -0.68771
40.88, -0.68146
40.89, -0.66895
40.9, -0.65323
40.91, -0.64331
40.92, -0.63736
40.93, -0.63751
40.94, -0.64484
40.95, -0.6636
40.96, -0.69153
40.97, -0.71533
40.98, -0.74219
40.99, -0.76843
41.0, -0.79239
41.01, -0.80963
41.02, -0.81848
41.03, -0.81985
41.04, -0.81558
41.05, -0.80627
41.06, -0.79391
41.07, -0.78369
41.08, -0.77728
41.09, -0.77408
41.1, -0.78293
41.11, -0.79712
41.12, -0.82169
41.13, -0.84534
41.14, -0.87936
41.15, -0.92133
41.16, -0.94086
41.17, -0.95825
41.18, -0.96497
41.19, -0.96725
41.2, -0.9639
41.21, -0.95108
41.22, -0.94116
41.23, -0.93369
41.24, -0.92743
41.25, -0.92621
41.26, -0.93246
41.27, -0.94437
41.28, -0.96359
41.29, -1.00327
41.3, -1.03119
41.31, -1.06232
41.32, -1.08566
41.33, -1.1113
41.34, -1.12305
41.35, -1.1264
41.36, -1.12442
41.37, -1.11893
41.38, -1.1087
41.39, -1.09909
41.4, -1.09192
41.41, -1.08826
41.42, -1.09222
41.43, -1.10321
41.44, -1.12213
41.45, -1.15189
41.46, -1.18027
41.47, -1.22757
41.48, -1.26053
41.49, -1.27716
41.5, -1.28815
41.51, -1.29288
41.52, -1.29227
41.53, -1.28693
41.54, -1.27747
41.55, -1.26801
41.56, -1.26175
41.57, -1.25763
41.58, -1.2561
41.59, -1.26312
41.6, -1.27716
41.61, -1.29654
41.62, -1.3237
41.63, -1.35483
41.64, -1.38397
41.65, -1.41037
41.66, -1.436
41.67, -1.45294
41.68, -1.45905
41.69, -1.45782
41.7, -1.45233
41.71, -1.43997
41.72, -1.42975
41.73, -1.42334
41.74, -1.41922
41.75, -1.41998
41.76, -1.42975
41.77, -1.44485
41.78, -1.47156
41.79, -1.49765
41.8, -1.54129
41.81, -1.56845
41.82, -1.58737
41.83, -1.60538
41.84, -1.61118
41.85, -1.61133
41.86, -1.60553
41.87, -1.59714
41.88, -1.58752
41.89, -1.57669
41.9, -1.56738
41.91, -1.56372
41.92, -1.56754
41.93, -1.57776
41.94, -1.59363
41.95, -1.61865
41.96, -1.64413
41.97, -1.67068
41.98, -1.69113
41.99, -1.71326
42.0, -1.72989
42.01, -1.73721
42.02, -1.73737
42.03, -1.72958
42.04, -1.71295
42.05, -1.68839
42.06, -1.67892
42.07, -1.67465
42.08, -1.67801
42.09, -1.6861
42.1, -1.70456
42.11, -1.72897
42.12, -1.76514
42.13, -1.78635
42.14, -1.80618
42.15, -1.82007
42.16, -1.82343
42.17, -1.81793
42.18, -1.80573
42.19, -1.79291
42.2, -1.77383
42.21, -1.75888
42.22, -1.74896
42.23, -1.74011
42.24, -1.7392
42.25, -1.74408
42.26, -1.75308
42.27, -1.7662
42.28, -1.78513
42.29, -1.80634
42.3, -1.82678
42.31, -1.84677
42.32, -1.85669
42.33, -1.85715
42.34, -1.84738
42.35, -1.83533
42.36, -1.81976
42.37, -1.80008
42.38, -1.77612
42.39, -1.76071
42.4, -1.74942
42.41, -1.75079
42.42, -1.75995
42.43, -1.77368
42.44, -1.79077
42.45, -1.81702
42.46, -1.83167
42.47, -1.84052
42.48, -1.8428
42.49, -1.83746
42.5, -1.8277
42.51, -1.81381
42.52, -1.79459
42.53, -1.76971
42.54, -1.7453
42.55, -1.72165
42.56, -1.70959
42.57, -1.70624
42.58, -1.70776
42.59, -1.71509
42.6, -1.72882
42.61, -1.745
42.62, -1.76437
42.63, -1.77444
42.64, -1.77933
42.65, -1.77612
42.66, -1.76788
42.67, -1.75232
42.68, -1.73401
42.69, -1.70944
42.7, -1.68518
42.71, -1.66168
42.72, -1.63849
42.73, -1.62399
42.74, -1.61728
42.75, -1.61835
42.76, -1.62704
42.77, -1.64581
42.78, -1.6597
42.79, -1.66855
42.8, -1.67252
42.81, -1.66687
42.82, -1.65222
42.83, -1.62918
42.84, -1.60263
42.85, -1.5802
42.86, -1.55563
42.87, -1.53183
42.88, -1.50986
42.89, -1.49536
42.9, -1.48987
42.91, -1.48956
42.92, -1.49765
42.93, -1.50742
42.94, -1.51871
42.95, -1.52756
42.96, -1.53381
42.97, -1.52817
42.98, -1.5152
42.99, -1.49094
43.0, -1.45767
43.01, -1.41861
43.02, -1.38275
43.03, -1.36078
43.04, -1.34506
43.05, -1.33774
43.06, -1.33545
43.07, -1.33957
43.08, -1.34735
43.09, -1.35818
43.1, -1.37009
43.11, -1.37375
43.12, -1.37436
43.13, -1.36642
43.14, -1.35315
43.15, -1.33575
43.16, -1.30447
43.17, -1.26541
43.18, -1.24054
43.19, -1.21933
43.2, -1.19156
43.21, -1.17767
43.22, -1.17035
43.23, -1.17203
43.24, -1.18027
43.25, -1.18958
43.26, -1.19751
43.27, -1.20392
43.28, -1.20697
43.29, -1.19949
43.3, -1.18362
43.31, -1.16135
43.32, -1.13342
43.33, -1.10413
43.34, -1.07864
43.35, -1.05209
43.36, -1.01974
43.37, -1.00677
43.38, -1.00311
43.39, -1.00647
43.4, -1.01593
43.41, -1.03058
43.42, -1.04218
43.43, -1.04095
43.44, -1.0318
43.45, -1.01486
43.46, -0.99396
43.47, -0.96634
43.48, -0.92972
43.49, -0.90271
43.5, -0.88226
43.51, -0.86258
43.52, -0.84915
43.53, -0.84488
43.54, -0.84671
43.55, -0.85449
43.56, -0.86655
43.57, -0.87585
43.58, -0.88379
43.59, -0.88898
43.6, -0.88455
43.61, -0.87234
43.62, -0.85281
43.63, -0.82672
43.64, -0.80399
43.65, -0.7756
43.66, -0.75317
43.67, -0.72983
43.68, -0.71213
43.69, -0.70343
43.7, -0.7019
43.71, -0.70755
43.72, -0.71747
43.73, -0.72906
43.74, -0.7402
43.75, -0.75119
43.76, -0.75119
43.77, -0.73914
43.78, -0.72327
43.79, -0.69305
43.8, -0.65796
43.81, -0.62302
43.82, -0.59998
43.83, -0.58563
43.84, -0.57846
43.85, -0.57678
43.86, -0.57953
43.87, -0.58731
43.88, -0.59921
43.89, -0.61264
43.9, -0.62408
43.91, -0.63217
43.92, -0.63477
43.93, -0.62836
43.94, -0.60944
43.95, -0.5867
43.96, -0.55359
43.97, -0.52795
43.98, -0.50858
43.99, -0.48859
44.0, -0.47531
44.01, -0.47256
44.02, -0.47501
44.03, -0.48141
44.04, -0.49118
44.05, -0.50262
44.06, -0.51712
44.07, -0.53543
44.08, -0.53925
44.09, -0.53436
44.1, -0.52399
44.11, -0.50491
44.12, -0.48218
44.13, -0.45837
44.14, -0.43243
44.15, -0.41092
44.16, -0.39825
44.17, -0.39154
44.18, -0.39169
44.19, -0.39948
44.2, -0.41046
44.21, -0.4335
44.22, -0.45181
44.23, -0.46143
44.24, -0.46753
44.25, -0.46661
44.26, -0.45898
44.27, -0.44525
44.28, -0.42358
44.29, -0.4007
44.3, -0.37872
44.31, -0.35812
44.32, -0.34195
44.33, -0.3331
44.34, -0.33432
44.35, -0.34637
44.36, -0.36469
44.37, -0.38345
44.38, -0.39978
44.39, -0.41382
44.4, -0.4187
44.41, -0.40894
44.42, -0.39749
44.43, -0.38223
44.44, -0.36011
44.45, -0.34073
44.46, -0.32181
44.47, -0.30563
44.48, -0.29755
44.49, -0.29709
44.5, -0.30334
44.51, -0.31693
44.52, -0.33112
44.53, -0.35019
44.54, -0.3656
44.55, -0.38544
44.56, -0.39368
44.57, -0.39352
44.58, -0.38589
44.59, -0.37262
44.6, -0.35858
44.61, -0.33661
44.62, -0.31448
44.63, -0.298
44.64, -0.28763
44.65, -0.28275
44.66, -0.28641
44.67, -0.29419
44.68, -0.30975
44.69, -0.32852
44.7, -0.34424
44.71, -0.35995
44.72, -0.38559
44.73, -0.392
44.74, -0.39047
44.75, -0.38193
44.76, -0.36987
44.77, -0.33951
44.78, -0.31891
44.79, -0.30365
44.8, -0.29343
44.81, -0.29312
44.82, -0.30212
44.83, -0.31647
44.84, -0.33691
44.85, -0.35583
44.86, -0.37643
44.87, -0.39368
44.88, -0.40573
44.89, -0.41245
44.9, -0.41229
44.91, -0.40665
44.92, -0.39703
44.93, -0.38193
44.94, -0.36438
44.95, -0.34592
44.96, -0.33081
44.97, -0.32333
44.98, -0.32806
44.99, -0.33997
45.0, -0.35492
45.01, -0.38712
45.02, -0.41046
45.03, -0.42923
45.04, -0.4483
45.05, -0.45609
45.06, -0.45303
45.07, -0.44373
45.08, -0.4274
45.09, -0.41306
45.1, -0.40039
45.11, -0.38956
45.12, -0.38071
45.13, -0.37674
45.14, -0.38071
45.15, -0.39383
45.16, -0.40909
45.17, -0.4393
45.18, -0.47241
45.19, -0.49515
45.2, -0.51102
45.21, -0.52032
45.22, -0.52185
45.23, -0.51682
45.24, -0.50598
45.25, -0.49438
45.26, -0.48264
45.27, -0.4715
45.28, -0.46097
45.29, -0.45319
45.3, -0.45273
45.31, -0.45959
45.32, -0.47424
45.33, -0.49393
45.34, -0.51758
45.35, -0.54428
45.36, -0.57144
45.37, -0.60181
45.38, -0.60898
45.39, -0.6076
45.4, -0.60013
45.41, -0.58594
45.42, -0.57159
45.43, -0.55954
45.44, -0.55237
45.45, -0.54794
45.46, -0.55161
45.47, -0.56168
45.48, -0.57953
45.49, -0.60776
45.5, -0.62988
45.51, -0.65674
45.52, -0.68146
45.53, -0.70129
45.54, -0.71381
45.55, -0.71854
45.56, -0.71671
45.57, -0.70786
45.58, -0.69778
45.59, -0.68054
45.6, -0.67139
45.61, -0.6665
45.62, -0.66788
45.63, -0.67688
45.64, -0.69214
45.65, -0.7135
45.66, -0.73669
45.67, -0.76462
45.68, -0.79056
45.69, -0.81467
45.7, -0.84198
45.71, -0.84961
45.72, -0.84991
45.73, -0.84305
45.74, -0.83145
45.75, -0.8223
45.76, -0.81207
45.77, -0.80658
45.78, -0.80933
45.79, -0.82047
45.8, -0.84
45.81, -0.86136
45.82, -0.88913
45.83, -0.91873
45.84, -0.94589
45.85, -0.97031
45.86, -0.99304
45.87, -1.00235
45.88, -1.00189
45.89, -0.99701
45.9, -0.98999
45.91, -0.98083
45.92, -0.97198
45.93, -0.96588
45.94, -0.96619
45.95, -0.97458
45.96, -0.99243
45.97, -1.01563
45.98, -1.05301
45.99, -1.08551
46.0, -1.12213
46.01, -1.14334
46.02, -1.16577
46.03, -1.17218
46.04, -1.17325
46.05, -1.16882
46.06, -1.16058
46.07, -1.14929
46.08, -1.1438
46.09, -1.14029
46.1, -1.14243
46.11, -1.15433
46.12, -1.18088
46.13, -1.22284
46.14, -1.25412
46.15, -1.28571
46.16, -1.30829
46.17, -1.3327
46.18, -1.35147
46.19, -1.35605
46.2, -1.35651
46.21, -1.35101
46.22, -1.34186
46.23, -1.33377
46.24, -1.32919
46.25, -1.32721
46.26, -1.33438
46.27, -1.34857
46.28, -1.36948
46.29, -1.39511
46.3, -1.42563
46.31, -1.4563
46.32, -1.48544
46.33, -1.521
46.34, -1.53885
46.35, -1.54938
46.36, -1.54648
46.37, -1.53931
46.38, -1.53076
46.39, -1.52191
46.4, -1.52191
46.41, -1.53183
46.42, -1.54831
46.43, -1.5715
46.44, -1.59927
46.45, -1.62857
46.46, -1.65939
46.47, -1.69022
46.48, -1.71478
46.49, -1.73065
46.5, -1.73981
46.51, -1.74164
46.52, -1.73355
46.53, -1.7244
46.54, -1.716
46.55, -1.71112
46.56, -1.71112
46.57, -1.71783
46.58, -1.7366
46.59, -1.75888
46.6, -1.79184
46.61, -1.81808
46.62, -1.84555
46.63, -1.87332
46.64, -1.89651
46.65, -1.90994
46.66, -1.92123
46.67, -1.91757
46.68, -1.90826
46.69, -1.90018
46.7, -1.89285
46.71, -1.88599
46.72, -1.88354
46.73, -1.89117
46.74, -1.90338
46.75, -1.92627
46.76, -1.95267
46.77, -1.97693
46.78, -2.00928
46.79, -2.04697
46.8, -2.0668
46.81, -2.07596
46.82, -2.07764
46.83, -2.07336
46.84, -2.06345
46.85, -2.05032
46.86, -2.04132
46.87, -2.03461
46.88, -2.02957
46.89, -2.0285
46.9, -2.03522
46.91, -2.04849
46.92, -2.06818
46.93, -2.08939
46.94, -2.117
46.95, -2.14249
46.96, -2.16949
46.97, -2.18872
46.98, -2.19666
46.99, -2.1991
47.0, -2.18826
47.01, -2.17743
47.02, -2.16217
47.03, -2.15012
47.04, -2.13593
47.05, -2.13226
47.06, -2.13547
47.07, -2.14996
47.08, -2.16843
47.09, -2.19528
47.1, -2.21909
47.11, -2.24487
47.12, -2.26334
47.13, -2.27448
47.14, -2.27646
47.15, -2.27341
47.16, -2.2644
47.17, -2.25159
47.18, -2.23373
47.19, -2.21512
47.2, -2.20016
47.21, -2.18979
47.22, -2.18826
47.23, -2.19391
47.24, -2.20551
47.25, -2.22153
47.26, -2.24609
47.27, -2.26883
47.28, -2.28409
47.29, -2.2998
47.3, -2.30362
47.31, -2.29507
47.32, -2.2699
47.33, -2.24258
47.34, -2.22153
47.35, -2.20139
47.36, -2.1907
47.37, -2.19086
47.38, -2.19772
47.39, -2.21115
47.4, -2.22733
47.41, -2.24594
47.42, -2.25906
47.43, -2.27249
47.44, -2.27951
47.45, -2.27646
47.46, -2.26563
47.47, -2.25159
47.48, -2.23465
47.49, -2.21008
47.5, -2.18903
47.51, -2.16782
47.52, -2.14767
47.53, -2.13867
47.54, -2.13913
47.55, -2.14966
47.56, -2.16583
47.57, -2.17941
47.58, -2.19543
47.59, -2.20764
47.6, -2.20322
47.61, -2.19208
47.62, -2.17361
47.63, -2.14706
47.64, -2.12021
47.65, -2.08298
47.66, -2.06573
47.67, -2.04941
47.68, -2.04239
47.69, -2.04056
47.7, -2.04254
47.71, -2.05124
47.72, -2.06482
47.73, -2.07825
47.74, -2.08786
47.75, -2.09335
47.76, -2.08725
47.77, -2.07397
47.78, -2.0517
47.79, -2.01431
47.8, -1.98517
47.81, -1.96228
47.82, -1.93756
47.83, -1.9191
47.84, -1.90857
47.85, -1.90491
47.86, -1.91055
47.87, -1.92123
47.88, -1.93253
47.89, -1.94122
47.9, -1.9458
47.91, -1.94687
47.92, -1.94107
47.93, -1.93054
47.94, -1.90659
47.95, -1.88477
47.96, -1.85745
47.97, -1.80771
47.98, -1.77567
47.99, -1.75369
48.0, -1.74545
48.01, -1.74286
48.02, -1.74515
48.03, -1.7514
48.04, -1.76117
48.05, -1.77032
48.06, -1.77582
48.07, -1.77856
48.08, -1.77277
48.09, -1.76163
48.1, -1.74255
48.11, -1.7215
48.12, -1.69235
48.13, -1.66763
48.14, -1.63391
48.15, -1.60873
48.16, -1.58524
48.17, -1.56876
48.18, -1.56448
48.19, -1.56662
48.2, -1.57211
48.21, -1.58081
48.22, -1.58813
48.23, -1.595
48.24, -1.59729
48.25, -1.59256
48.26, -1.58157
48.27, -1.56097
48.28, -1.52634
48.29, -1.50116
48.3, -1.45676
48.31, -1.42746
48.32, -1.40778
48.33, -1.39404
48.34, -1.38565
48.35, -1.38046
48.36, -1.38092
48.37, -1.38794
48.38, -1.39969
48.39, -1.40732
48.4, -1.41159
48.41, -1.41037
48.42, -1.39755
48.43, -1.37878
48.44, -1.35162
48.45, -1.31409
48.46, -1.28296
48.47, -1.25366
48.48, -1.22971
48.49, -1.2117
48.5, -1.20178
48.51, -1.19934
48.52, -1.20239
48.53, -1.20987
48.54, -1.22086
48.55, -1.22894
48.56, -1.23428
48.57, -1.23474
48.58, -1.22574
48.59, -1.20865
48.6, -1.18423
48.61, -1.15616
48.62, -1.09772
48.63, -1.06628
48.64, -1.04095
48.65, -1.03195
48.66, -1.03149
48.67, -1.04019
48.68, -1.05057
48.69, -1.0614
48.7, -1.06949
48.71, -1.07224
48.72, -1.06873
48.73, -1.05606
48.74, -1.04019
48.75, -1.0202
48.76, -0.99396
48.77, -0.96619
48.78, -0.93857
48.79, -0.91339
48.8, -0.89462
48.81, -0.88211
48.82, -0.88318
48.83, -0.89127
48.84, -0.90347
48.85, -0.91766
48.86, -0.92758
48.87, -0.93185
48.88, -0.92545
48.89, -0.91141
48.9, -0.88821
48.91, -0.86044
48.92, -0.83694
48.93, -0.80338
48.94, -0.78354
48.95, -0.76035
48.96, -0.75577
48.97, -0.75684
48.98, -0.76324
48.99, -0.77591
49.0, -0.7901
49.01, -0.80063
49.02, -0.81009
49.03, -0.81497
49.04, -0.81085
49.05, -0.79559
49.06, -0.77332
49.07, -0.74203
49.08, -0.71991
49.09, -0.69382
49.1, -0.67322
49.11, -0.66162
49.12, -0.6543
49.13, -0.65674
49.14, -0.66574
49.15, -0.67719
49.16, -0.69244
49.17, -0.70648
49.18, -0.71518
49.19, -0.7222
49.2, -0.72266
49.21, -0.71594
49.22, -0.70053
49.23, -0.67902
49.24, -0.65842
49.25, -0.62469
49.26, -0.60333
49.27, -0.58228
49.28, -0.57755
49.29, -0.57907
49.3, -0.5899
49.31, -0.60181
49.32, -0.61661
49.33, -0.63736
49.34, -0.6514
49.35, -0.65735
49.36, -0.65796
49.37, -0.65201
49.38, -0.63644
49.39, -0.61554
49.4, -0.59021
49.41, -0.56732
49.42, -0.5513
49.43, -0.53589
49.44, -0.52826
49.45, -0.5275
49.46, -0.5336
49.47, -0.55038
49.48, -0.57114
49.49, -0.5867
49.5, -0.59921
49.51, -0.61493
49.52, -0.61951
49.53, -0.61279
49.54, -0.60013
49.55, -0.58548
49.56, -0.56915
49.57, -0.55206
49.58, -0.53528
49.59, -0.52124
49.6, -0.50385
49.61, -0.504
49.62, -0.51498
49.63, -0.52826
49.64, -0.54886
49.65, -0.569
49.66, -0.58609
49.67, -0.59967
49.68, -0.6076
49.69, -0.60562
49.7, -0.59235
49.71, -0.57541
49.72, -0.55878
49.73, -0.53802
49.74, -0.51971
49.75, -0.50735
49.76, -0.5043
49.77, -0.50934
49.78, -0.522
49.79, -0.54062
49.8, -0.55862
49.81, -0.57602
49.82, -0.59677
49.83, -0.61264
49.84, -0.62103
49.85, -0.62317
49.86, -0.62057
49.87, -0.61356
49.88, -0.59937
49.89, -0.58426
49.9, -0.56015
49.91, -0.54321
49.92, -0.53253
49.93, -0.53574
49.94, -0.54764
49.95, -0.56366
49.96, -0.58716
49.97, -0.61249
49.98, -0.63385
49.99, -0.64835
50.0, -0.6604
50.01, -0.66559
50.02, -0.66254
50.03, -0.65048
50.04, -0.63858
50.05, -0.62515
50.06, -0.60959
50.07, -0.59662
50.08, -0.58868
50.09, -0.58777
50.1, -0.59433
50.11, -0.60791
50.12, -0.62744
50.13, -0.65048
50.14, -0.67551
50.15, -0.69839
50.16, -0.71884
50.17, -0.73318
50.18, -0.73608
50.19, -0.73029
50.2, -0.72083
50.21, -0.70923
50.22, -0.69412
50.23, -0.68283
50.24, -0.67322
50.25, -0.67078
50.26, -0.67947
50.27, -0.69229
50.28, -0.71518
50.29, -0.74097
50.3, -0.76691
50.31, -0.79666
50.32, -0.81619
50.33, -0.83237
50.34, -0.83389
50.35, -0.82901
50.36, -0.81268
50.37, -0.80185
50.38, -0.79224
50.39, -0.78278
50.4, -0.7785
50.41, -0.78278
50.42, -0.80032
50.43, -0.8168
50.44, -0.84213
50.45, -0.86716
50.46, -0.89554
50.47, -0.91995
50.48, -0.93918
50.49, -0.95169
50.5, -0.9581
50.51, -0.95886
50.52, -0.95505
50.53, -0.94757
50.54, -0.93155
50.55, -0.92026
50.56, -0.91522
50.57, -0.9201
50.58, -0.94131
50.59, -0.96924
50.6, -0.99731
50.61, -1.02875
50.62, -1.05698
50.63, -1.08215
50.64, -1.0997
50.65, -1.1084
50.66, -1.11023
50.67, -1.1058
50.68, -1.09589
50.69, -1.08521
50.7, -1.07742
50.71, -1.07361
50.72, -1.07361
50.73, -1.08276
50.74, -1.10367
50.75, -1.13419
50.76, -1.15891
50.77, -1.18698
50.78, -1.21201
50.79, -1.23474
50.8, -1.26022
50.81, -1.2735
50.82, -1.28311
50.83, -1.28143
50.84, -1.27548
50.85, -1.26465
50.86, -1.25732
50.87, -1.25351
50.88, -1.25336
50.89, -1.2616
50.9, -1.28647
50.91, -1.31287
50.92, -1.34171
50.93, -1.37314
50.94, -1.41113
50.95, -1.44745
50.96, -1.46545
50.97, -1.47461
50.98, -1.47598
50.99, -1.47064
51.0, -1.46378
51.01, -1.45538
51.02, -1.4505
51.03, -1.44867
51.04, -1.45294
51.05, -1.46622
51.06, -1.48376
51.07, -1.51367
51.08, -1.539
51.09, -1.57593
51.1, -1.61057
51.11, -1.63895
51.12, -1.66122
51.13, -1.67267
51.14, -1.67862
51.15, -1.68106
51.16, -1.67725
51.17, -1.67175
51.18, -1.66199
51.19, -1.65878
51.2, -1.66
51.21, -1.66702
51.22, -1.69586
51.23, -1.72562
51.24, -1.75842
51.25, -1.80222
51.26, -1.83319
51.27, -1.86203
51.28, -1.88248
51.29, -1.89499
51.3, -1.89926
51.31, -1.89957
51.32, -1.89606
51.33, -1.88858
51.34, -1.88217
51.35, -1.87912
51.36, -1.88095
51.37, -1.89178
51.38, -1.9075
51.39, -1.93222
51.4, -1.95679
51.41, -1.98334
51.42, -2.01981
51.43, -2.04727
51.44, -2.08252
51.45, -2.10236
51.46, -2.11197
51.47, -2.11716
51.48, -2.11441
51.49, -2.10754
51.5, -2.09793
51.51, -2.09351
51.52, -2.09457
51.53, -2.10205
51.54, -2.12021
51.55, -2.1553
51.56, -2.18079
51.57, -2.2081
51.58, -2.24136
51.59, -2.2757
51.6, -2.29553
51.61, -2.31354
51.62, -2.31995
51.63, -2.31659
51.64, -2.30347
51.65, -2.29401
51.66, -2.28973
51.67, -2.28958
51.68, -2.29553
51.69, -2.30698
51.7, -2.32651
51.71, -2.35748
51.72, -2.38464
51.73, -2.42249
51.74, -2.45087
51.75, -2.47742
51.76, -2.49313
51.77, -2.49573
51.78, -2.49039
51.79, -2.48016
51.8, -2.46872
51.81, -2.46109
51.82, -2.45514
51.83, -2.4527
51.84, -2.45468
51.85, -2.46674
51.86, -2.48474
51.87, -2.52228
51.88, -2.55493
51.89, -2.59476
51.9, -2.61581
51.91, -2.63199
51.92, -2.63519
51.93, -2.63077
51.94, -2.61978
51.95, -2.60376
51.96, -2.59201
51.97, -2.58316
51.98, -2.57675
51.99, -2.5769
52.0, -2.58591
52.01, -2.59995
52.02, -2.621
52.03, -2.64175
52.04, -2.66312
52.05, -2.68372
52.06, -2.70187
52.07, -2.71744
52.08, -2.7269
52.09, -2.73041
52.1, -2.72583
52.11, -2.7063
52.12, -2.68631
52.13, -2.66922
52.14, -2.65976
52.15, -2.65198
52.16, -2.65274
52.17, -2.66556
52.18, -2.68188
52.19, -2.69867
52.2, -2.73331
52.21, -2.75406
52.22, -2.76703
52.23, -2.77634
52.24, -2.77374
52.25, -2.76047
52.26, -2.74292
52.27, -2.72751
52.28, -2.70523
52.29, -2.68829
52.3, -2.67731
52.31, -2.67212
52.32, -2.67395
52.33, -2.68127
52.34, -2.69547
52.35, -2.71317
52.36, -2.73224
52.37, -2.74994
52.38, -2.76398
52.39, -2.77206
52.4, -2.76581
52.41, -2.74994
52.42, -2.72629
52.43, -2.70325
52.44, -2.67502
52.45, -2.65671
52.46, -2.64633
52.47, -2.6416
52.48, -2.64297
52.49, -2.65289
52.5, -2.66647
52.51, -2.68753
52.52, -2.70813
52.53, -2.71637
52.54, -2.71652
52.55, -2.70782
52.56, -2.69058
52.57, -2.66556
52.58, -2.64313
52.59, -2.621
52.6, -2.60117
52.61, -2.58392
52.62, -2.56393
52.63, -2.56073
52.64, -2.565
52.65, -2.57599
52.66, -2.59018
52.67, -2.60788
52.68, -2.61841
52.69, -2.62024
52.7, -2.61612
52.71, -2.60437
52.72, -2.5882
52.73, -2.56042
52.74, -2.5325
52.75, -2.50397
52.76, -2.48215
52.77, -2.46033
52.78, -2.44598
52.79, -2.43988
52.8, -2.44034
52.81, -2.44736
52.82, -2.4556
52.83, -2.46948
52.84, -2.48215
52.85, -2.48444
52.86, -2.4765
52.87, -2.45819
52.88, -2.42859
52.89, -2.40372
52.9, -2.3793
52.91, -2.35413
52.92, -2.32574
52.93, -2.30515
52.94, -2.28989
52.95, -2.28668
52.96, -2.28897
52.97, -2.29919
52.98, -2.31018
52.99, -2.31888
53.0, -2.32361
53.01, -2.32376
53.02, -2.31674
53.03, -2.29919
53.04, -2.27539
53.05, -2.24365
53.06, -2.20474
53.07, -2.17926
53.08, -2.15134
53.09, -2.13043
53.1, -2.11777
53.11, -2.11304
53.12, -2.1167
53.13, -2.12418
53.14, -2.13211
53.15, -2.13928
53.16, -2.14508
53.17, -2.14249
53.18, -2.12891
53.19, -2.10831
53.2, -2.08298
53.21, -2.05017
53.22, -2.01797
53.23, -1.99432
53.24, -1.96991
53.25, -1.94702
53.26, -1.93329
53.27, -1.92825
53.28, -1.93314
53.29, -1.94275
53.3, -1.95282
53.31, -1.95801
53.32, -1.95938
53.33, -1.95175
53.34, -1.92703
53.35, -1.89621
53.36, -1.86844
53.37, -1.83121
53.38, -1.80527
53.39, -1.77689
53.4, -1.75522
53.41, -1.74561
53.42, -1.74164
53.43, -1.74332
53.44, -1.74835
53.45, -1.75781
53.46, -1.76544
53.47, -1.772
53.48, -1.7746
53.49, -1.77078
53.5, -1.74713
53.51, -1.71005
53.52, -1.67618
53.53, -1.63467
53.54, -1.60858
53.55, -1.58432
53.56, -1.56982
53.57, -1.5625
53.58, -1.56204
53.59, -1.56815
53.6, -1.57898
53.61, -1.59027
53.62, -1.59622
53.63, -1.59851
53.64, -1.5918
53.65, -1.5773
53.66, -1.55579
53.67, -1.53305
53.68, -1.49689
53.69, -1.46667
53.7, -1.43936
53.71, -1.41479
53.72, -1.40289
53.73, -1.39587
53.74, -1.39694
53.75, -1.40717
53.76, -1.41983
53.77, -1.42853
53.78, -1.43433
53.79, -1.43738
53.8, -1.43646
53.81, -1.4296
53.82, -1.40045
53.83, -1.37024
53.84, -1.33926
53.85, -1.31409
53.86, -1.2883
53.87, -1.26724
53.88, -1.25229
53.89, -1.2471
53.9, -1.24771
53.91, -1.25259
53.92, -1.2616
53.93, -1.27777
53.94, -1.28693
53.95, -1.29501
53.96, -1.29608
53.97, -1.28708
53.98, -1.2738
53.99, -1.25046
54.0, -1.21445
54.01, -1.17737
54.02, -1.14578
54.03, -1.12717
54.04, -1.11893
54.05, -1.12
54.06, -1.12854
54.07, -1.14212
54.08, -1.15662
54.09, -1.16776
54.1, -1.17493
54.11, -1.17706
54.12, -1.17233
54.13, -1.16348
54.14, -1.14822
54.15, -1.10962
54.16, -1.06979
54.17, -1.04828
54.18, -1.02844
54.19, -1.01837
54.2, -1.01379
54.21, -1.01852
54.22, -1.03027
54.23, -1.04492
54.24, -1.05713
54.25, -1.07315
54.26, -1.0817
54.27, -1.08276
54.28, -1.07849
54.29, -1.06903
54.3, -1.05255
54.31, -1.03027
54.32, -1.0054
54.33, -0.98206
54.34, -0.95612
54.35, -0.9433
54.36, -0.93567
54.37, -0.9375
54.38, -0.94406
54.39, -0.95932
54.4, -0.97397
54.41, -1.00021
54.42, -1.0144
54.43, -1.01547
54.44, -1.00906
54.45, -0.99701
54.46, -0.98129
54.47, -0.94299
54.48, -0.91751
54.49, -0.89874
54.5, -0.8873
54.51, -0.88379
54.52, -0.8876
54.53, -0.89828
54.54, -0.91476
54.55, -0.93369
54.56, -0.9494
54.57, -0.96497
54.58, -0.97549
54.59, -0.97733
54.6, -0.97244
54.61, -0.96085
54.62, -0.94223
54.63, -0.9108
54.64, -0.89081
54.65, -0.87021
54.66, -0.86136
54.67, -0.8638
54.68, -0.87234
54.69, -0.88974
54.7, -0.91095
54.71, -0.93124
54.72, -0.94711
54.73, -0.96176
54.74, -0.96817
54.75, -0.96756
54.76, -0.96176
54.77, -0.94894
54.78, -0.9314
54.79, -0.91537
54.8, -0.88364
54.81, -0.87112
54.82, -0.86716
54.83, -0.87097
54.84, -0.88516
54.85, -0.90042
54.86, -0.91782
54.87, -0.94391
54.88, -0.961
54.89, -0.97839
54.9, -0.98907
54.91, -0.9903
54.92, -0.98434
54.93, -0.97198
54.94, -0.94849
54.95, -0.93307
54.96, -0.91995
54.97, -0.90958
54.98, -0.90317
54.99, -0.9053
55.0, -0.91568
