-0.01083, 0.01000
-0.03143, 0.02000
-0.04349, 0.03000
-0.04944, 0.04000
-0.05066, 0.05000
-0.04776, 0.06000
-0.04105, 0.07000
-0.03220, 0.08000
-0.01678, 0.09000
-0.00275, 0.10000
0.01312, 0.11000
0.02686, 0.12000
0.03769, 0.13000
0.04837, 0.14000
0.05188, 0.15000
0.04379, 0.16000
0.03174, 0.17000
0.01495, 0.18000
-0.00305, 0.19000
-0.02045, 0.20000
-0.03464, 0.21000
-0.04578, 0.22000
-0.05035, 0.23000
-0.04974, 0.24000
-0.04425, 0.25000
-0.03525, 0.26000
-0.01694, 0.27000
0.00092, 0.28000
0.02457, 0.29000
0.03815, 0.30000
0.04715, 0.31000
0.05249, 0.32000
0.05234, 0.33000
0.04745, 0.34000
0.03830, 0.35000
0.02518, 0.36000
0.00961, 0.37000
-0.00687, 0.38000
-0.02411, 0.39000
-0.03708, 0.40000
-0.04654, 0.41000
-0.05081, 0.42000
-0.04974, 0.43000
-0.04395, 0.44000
-0.03448, 0.45000
-0.02228, 0.46000
0.00916, 0.47000
0.02945, 0.48000
0.04089, 0.49000
0.05081, 0.50000
0.05234, 0.51000
0.04959, 0.52000
0.04227, 0.53000
0.03113, 0.54000
0.01694, 0.55000
0.00015, 0.56000
-0.01480, 0.57000
-0.02838, 0.58000
-0.03983, 0.59000
-0.04868, 0.60000
-0.05157, 0.61000
-0.04822, 0.62000
-0.04028, 0.63000
-0.02426, 0.64000
-0.00961, 0.65000
0.00549, 0.66000
0.01923, 0.67000
0.03128, 0.68000
0.04318, 0.69000
0.05035, 0.70000
0.05203, 0.71000
0.04822, 0.72000
0.03845, 0.73000
0.02319, 0.74000
0.00778, 0.75000
-0.00854, 0.76000
-0.02243, 0.77000
-0.03571, 0.78000
-0.04517, 0.79000
-0.05173, 0.80000
-0.04578, 0.81000
-0.03464, 0.82000
-0.01831, 0.83000
-0.00214, 0.84000
0.01633, 0.85000
0.03021, 0.86000
0.04150, 0.87000
0.04913, 0.88000
0.05188, 0.89000
0.04837, 0.90000
0.04150, 0.91000
0.03143, 0.92000
0.01846, 0.93000
-0.00046, 0.94000
-0.01648, 0.95000
-0.03387, 0.96000
-0.04837, 0.97000
-0.05234, 0.98000
-0.05051, 0.99000
-0.04410, 1.00000
-0.03311, 1.01000
-0.02029, 1.02000
-0.00641, 1.03000
0.00900, 1.04000
0.02487, 1.05000
0.03952, 1.06000
0.04883, 1.07000
0.05112, 1.08000
0.04868, 1.09000
0.04196, 1.10000
0.03311, 1.11000
0.00244, 1.12000
-0.01984, 1.13000
-0.03326, 1.14000
-0.04639, 1.15000
-0.05203, 1.16000
-0.05203, 1.17000
-0.04700, 1.18000
-0.03632, 1.19000
-0.02319, 1.20000
-0.00900, 1.21000
0.00534, 1.22000
0.01923, 1.23000
0.03098, 1.24000
0.04089, 1.25000
0.04883, 1.26000
0.05112, 1.27000
0.04822, 1.28000
0.04074, 1.29000
0.02930, 1.30000
0.00717, 1.31000
-0.01266, 1.32000
-0.02625, 1.33000
-0.03754, 1.34000
-0.04669, 1.35000
-0.05203, 1.36000
-0.05234, 1.37000
-0.04776, 1.38000
-0.03937, 1.39000
-0.02640, 1.40000
-0.01129, 1.41000
0.00397, 1.42000
0.01862, 1.43000
0.03357, 1.44000
0.04974, 1.45000
0.04898, 1.46000
0.03998, 1.47000
0.02853, 1.48000
0.01160, 1.49000
-0.00549, 1.50000
-0.02396, 1.51000
-0.03769, 1.52000
-0.04730, 1.53000
-0.05310, 1.54000
-0.05127, 1.55000
-0.04471, 1.56000
-0.03479, 1.57000
-0.02106, 1.58000
-0.00656, 1.59000
0.00900, 1.60000
0.02380, 1.61000
0.04074, 1.62000
0.05051, 1.63000
0.04730, 1.64000
0.03708, 1.65000
0.02380, 1.66000
0.00870, 1.67000
-0.00595, 1.68000
-0.01999, 1.69000
-0.03296, 1.70000
-0.04425, 1.71000
-0.05203, 1.72000
-0.05249, 1.73000
-0.04669, 1.74000
-0.03693, 1.75000
-0.02258, 1.76000
0.00671, 1.77000
0.02335, 1.78000
0.03708, 1.79000
0.04684, 1.80000
0.05005, 1.81000
0.04730, 1.82000
0.03891, 1.83000
0.02518, 1.84000
0.01007, 1.85000
-0.00504, 1.86000
-0.02136, 1.87000
-0.03494, 1.88000
-0.04547, 1.89000
-0.05219, 1.90000
-0.05325, 1.91000
-0.05035, 1.92000
-0.04379, 1.93000
-0.03143, 1.94000
-0.01495, 1.95000
0.00748, 1.96000
0.02304, 1.97000
0.03510, 1.98000
0.04532, 1.99000
0.05020, 2.00000
0.04868, 2.01000
0.04288, 2.02000
0.03342, 2.03000
0.02045, 2.04000
0.00381, 2.05000
-0.01236, 2.06000
-0.03067, 2.07000
-0.04242, 2.08000
-0.05142, 2.09000
-0.05127, 2.10000
-0.04333, 2.11000
-0.02930, 2.12000
-0.01617, 2.13000
-0.00107, 2.14000
0.01526, 2.15000
0.02945, 2.16000
0.04257, 2.17000
0.04929, 2.18000
0.04959, 2.19000
0.04440, 2.20000
0.03616, 2.21000
0.02472, 2.22000
0.01083, 2.23000
-0.00259, 2.24000
-0.01938, 2.25000
-0.03342, 2.26000
-0.05020, 2.27000
-0.05371, 2.28000
-0.05081, 2.29000
-0.04288, 2.30000
-0.02808, 2.31000
-0.01129, 2.32000
0.00458, 2.33000
0.02075, 2.34000
0.03342, 2.35000
0.04303, 2.36000
0.04898, 2.37000
0.04959, 2.38000
0.04517, 2.39000
0.03571, 2.40000
0.02335, 2.41000
-0.00763, 2.42000
-0.03006, 2.43000
-0.04593, 2.44000
-0.05341, 2.45000
-0.05295, 2.46000
-0.04745, 2.47000
-0.03693, 2.48000
-0.02365, 2.49000
-0.00381, 2.50000
0.01236, 2.51000
0.02655, 2.52000
0.03738, 2.53000
0.04562, 2.54000
0.04974, 2.55000
0.04852, 2.56000
0.04364, 2.57000
0.03159, 2.58000
0.01678, 2.59000
0.00183, 2.60000
-0.01663, 2.61000
-0.03128, 2.62000
-0.04547, 2.63000
-0.05310, 2.64000
-0.05386, 2.65000
-0.05020, 2.66000
-0.04196, 2.67000
-0.03082, 2.68000
-0.01755, 2.69000
-0.00061, 2.70000
0.01495, 2.71000
0.02930, 2.72000
0.04089, 2.73000
0.04944, 2.74000
0.04089, 2.75000
0.02945, 2.76000
0.01312, 2.77000
-0.00198, 2.78000
-0.01831, 2.79000
-0.03159, 2.80000
-0.04364, 2.81000
-0.05188, 2.82000
-0.05386, 2.83000
-0.05096, 2.84000
-0.04211, 2.85000
-0.02823, 2.86000
-0.01389, 2.87000
0.00137, 2.88000
0.01740, 2.89000
0.03174, 2.90000
0.04303, 2.91000
0.04898, 2.92000
0.04929, 2.93000
0.04395, 2.94000
0.03448, 2.95000
0.02121, 2.96000
0.00229, 2.97000
-0.01343, 2.98000
-0.02701, 2.99000
-0.03983, 3.00000
-0.04883, 3.01000
-0.05371, 3.02000
-0.05325, 3.03000
-0.04883, 3.04000
-0.03937, 3.05000
-0.02609, 3.06000
0.00610, 3.07000
0.02228, 3.08000
0.03601, 3.09000
0.04608, 3.10000
0.04959, 3.11000
0.04745, 3.12000
0.04181, 3.13000
0.03296, 3.14000
0.01755, 3.15000
-0.00015, 3.16000
-0.01602, 3.17000
-0.03036, 3.18000
-0.04227, 3.19000
-0.05173, 3.20000
-0.05402, 3.21000
-0.05066, 3.22000
-0.03937, 3.23000
-0.02716, 3.24000
-0.01266, 3.25000
0.00214, 3.26000
0.01740, 3.27000
0.03113, 3.28000
0.04227, 3.29000
0.04929, 3.30000
0.04852, 3.31000
0.04303, 3.32000
0.03220, 3.33000
0.01831, 3.34000
0.00534, 3.35000
-0.00961, 3.36000
-0.02441, 3.37000
-0.03815, 3.38000
-0.04974, 3.39000
-0.05325, 3.40000
-0.04547, 3.41000
-0.03220, 3.42000
-0.01663, 3.43000
0.00031, 3.44000
0.01480, 3.45000
0.02487, 3.46000
0.03464, 3.47000
0.04395, 3.48000
0.04929, 3.49000
0.04776, 3.50000
0.04272, 3.51000
0.02945, 3.52000
0.01480, 3.53000
-0.00351, 3.54000
-0.02563, 3.55000
-0.03860, 3.56000
-0.04822, 3.57000
-0.05371, 3.58000
-0.05386, 3.59000
-0.04974, 3.60000
-0.04089, 3.61000
-0.02716, 3.62000
-0.01129, 3.63000
0.00885, 3.64000
0.02457, 3.65000
0.03662, 3.66000
0.04486, 3.67000
0.04913, 3.68000
0.04883, 3.69000
0.04379, 3.70000
0.03571, 3.71000
0.00687, 3.72000
-0.01587, 3.73000
-0.03098, 3.74000
-0.04532, 3.75000
-0.05325, 3.76000
-0.05447, 3.77000
-0.05081, 3.78000
-0.04333, 3.79000
-0.03235, 3.80000
-0.01862, 3.81000
-0.00412, 3.82000
0.01129, 3.83000
0.02563, 3.84000
0.03769, 3.85000
0.04684, 3.86000
0.04913, 3.87000
0.04715, 3.88000
0.03677, 3.89000
0.02533, 3.90000
0.00244, 3.91000
-0.01663, 3.92000
-0.02991, 3.93000
-0.04440, 3.94000
-0.05188, 3.95000
-0.05432, 3.96000
-0.05127, 3.97000
-0.04379, 3.98000
-0.03250, 3.99000
-0.01343, 4.00000
0.00397, 4.01000
0.01953, 4.02000
0.03143, 4.03000
0.04242, 4.04000
0.04913, 4.05000
0.04333, 4.06000
0.03204, 4.07000
0.01663, 4.08000
0.00092, 4.09000
-0.01877, 4.10000
-0.03403, 4.11000
-0.04608, 4.12000
-0.05371, 4.13000
-0.05432, 4.14000
-0.05035, 4.15000
-0.04303, 4.16000
-0.03265, 4.17000
-0.01511, 4.18000
0.00137, 4.19000
0.01816, 4.20000
0.03799, 4.21000
0.04822, 4.22000
0.04745, 4.23000
0.04089, 4.24000
0.03250, 4.25000
0.02121, 4.26000
0.00793, 4.27000
-0.00793, 4.28000
-0.02411, 4.29000
-0.03876, 4.30000
-0.04883, 4.31000
-0.05417, 4.32000
-0.05356, 4.33000
-0.04761, 4.34000
-0.03738, 4.35000
-0.02579, 4.36000
0.00137, 4.37000
0.01892, 4.38000
0.03479, 4.39000
0.04578, 4.40000
0.04944, 4.41000
0.04791, 4.42000
0.04196, 4.43000
0.02884, 4.44000
0.01282, 4.45000
-0.00397, 4.46000
-0.02014, 4.47000
-0.03235, 4.48000
-0.04333, 4.49000
-0.05203, 4.50000
-0.05524, 4.51000
-0.05173, 4.52000
-0.04425, 4.53000
-0.02563, 4.54000
-0.00214, 4.55000
0.01724, 4.56000
0.03448, 4.57000
0.04486, 4.58000
0.04898, 4.59000
0.04837, 4.60000
0.04349, 4.61000
0.03387, 4.62000
0.02106, 4.63000
0.00656, 4.64000
-0.00885, 4.65000
-0.02380, 4.66000
-0.03983, 4.67000
-0.04944, 4.68000
-0.05463, 4.69000
-0.04852, 4.70000
-0.03372, 4.71000
-0.01465, 4.72000
0.00504, 4.73000
0.01923, 4.74000
0.03281, 4.75000
0.04333, 4.76000
0.04883, 4.77000
0.04776, 4.78000
0.04135, 4.79000
0.03143, 4.80000
0.01724, 4.81000
0.00122, 4.82000
-0.01434, 4.83000
-0.03036, 4.84000
-0.04227, 4.85000
-0.05203, 4.86000
-0.05295, 4.87000
-0.04440, 4.88000
-0.03357, 4.89000
-0.02167, 4.90000
-0.00351, 4.91000
0.01434, 4.92000
0.02777, 4.93000
0.04089, 4.94000
0.04791, 4.95000
0.04913, 4.96000
0.04517, 4.97000
0.03540, 4.98000
0.02121, 4.99000
0.00671, 5.00000
-0.00870, 5.01000
-0.03540, 5.02000
-0.04868, 5.03000
-0.05432, 5.04000
-0.05356, 5.05000
-0.04700, 5.06000
-0.03601, 5.07000
-0.02335, 5.08000
-0.00427, 5.09000
0.01648, 5.10000
0.02975, 5.11000
0.04028, 5.12000
0.04715, 5.13000
0.04898, 5.14000
0.04578, 5.15000
0.03815, 5.16000
0.02441, 5.17000
0.00763, 5.18000
-0.00870, 5.19000
-0.02762, 5.20000
-0.04028, 5.21000
-0.05081, 5.22000
-0.05432, 5.23000
-0.05264, 5.24000
-0.04608, 5.25000
-0.03616, 5.26000
-0.02106, 5.27000
-0.00458, 5.28000
0.01053, 5.29000
0.02533, 5.30000
0.03708, 5.31000
0.04639, 5.32000
0.04883, 5.33000
0.04425, 5.34000
0.02243, 5.35000
0.00488, 5.36000
-0.01144, 5.37000
-0.02686, 5.38000
-0.04044, 5.39000
-0.04990, 5.40000
-0.05463, 5.41000
-0.05142, 5.42000
-0.04288, 5.43000
-0.03067, 5.44000
-0.01450, 5.45000
0.00244, 5.46000
0.01663, 5.47000
0.02731, 5.48000
0.04089, 5.49000
0.04776, 5.50000
0.04822, 5.51000
0.04349, 5.52000
0.03326, 5.53000
0.01862, 5.54000
0.00061, 5.55000
-0.01617, 5.56000
-0.03006, 5.57000
-0.04135, 5.58000
-0.04990, 5.59000
-0.05447, 5.60000
-0.05386, 5.61000
-0.04807, 5.62000
-0.03769, 5.63000
-0.02136, 5.64000
-0.00351, 5.65000
0.01770, 5.66000
0.04013, 5.67000
0.04776, 5.68000
0.04883, 5.69000
0.04562, 5.70000
0.03540, 5.71000
0.02213, 5.72000
0.00519, 5.73000
-0.01083, 5.74000
-0.03006, 5.75000
-0.04288, 5.76000
-0.05173, 5.77000
-0.05478, 5.78000
-0.05219, 5.79000
-0.04547, 5.80000
-0.03021, 5.81000
-0.01389, 5.82000
0.00107, 5.83000
0.01740, 5.84000
0.03265, 5.85000
0.04242, 5.86000
0.04883, 5.87000
0.04776, 5.88000
0.04272, 5.89000
0.03357, 5.90000
0.01694, 5.91000
0.00031, 5.92000
-0.01602, 5.93000
-0.03281, 5.94000
-0.04379, 5.95000
-0.05249, 5.96000
-0.05478, 5.97000
-0.05219, 5.98000
-0.04471, 5.99000
-0.01968, 6.00000
-0.00320, 6.01000
0.01480, 6.02000
0.02808, 6.03000
0.03952, 6.04000
0.04730, 6.05000
0.04913, 6.06000
0.04578, 6.07000
0.03601, 6.08000
0.02258, 6.09000
0.00519, 6.10000
-0.01175, 6.11000
-0.02838, 6.12000
-0.04425, 6.13000
-0.05234, 6.14000
-0.05463, 6.15000
-0.05096, 6.16000
-0.04242, 6.17000
-0.03006, 6.18000
-0.01160, 6.19000
0.00580, 6.20000
0.02151, 6.21000
0.03540, 6.22000
0.04501, 6.23000
0.04883, 6.24000
0.04837, 6.25000
0.04333, 6.26000
0.03372, 6.27000
0.02014, 6.28000
0.00244, 6.29000
-0.01633, 6.30000
-0.03418, 6.31000
-0.05280, 6.32000
-0.05447, 6.33000
-0.04974, 6.34000
-0.03998, 6.35000
-0.02625, 6.36000
-0.01099, 6.37000
0.00641, 6.38000
0.02136, 6.39000
0.03387, 6.40000
0.04440, 6.41000
0.04883, 6.42000
0.04669, 6.43000
0.03983, 6.44000
0.02747, 6.45000
0.01373, 6.46000
-0.00122, 6.47000
-0.01938, 6.48000
-0.03555, 6.49000
-0.04669, 6.50000
-0.05371, 6.51000
-0.05463, 6.52000
-0.04959, 6.53000
-0.03937, 6.54000
-0.02457, 6.55000
-0.00793, 6.56000
0.00839, 6.57000
0.02533, 6.58000
0.03998, 6.59000
0.04791, 6.60000
0.04898, 6.61000
0.04517, 6.62000
0.03723, 6.63000
0.02594, 6.64000
-0.00488, 6.65000
-0.02121, 6.66000
-0.03662, 6.67000
-0.04700, 6.68000
-0.05356, 6.69000
-0.05478, 6.70000
-0.05051, 6.71000
-0.04120, 6.72000
-0.02762, 6.73000
-0.01236, 6.74000
0.01022, 6.75000
0.02579, 6.76000
0.03799, 6.77000
0.04654, 6.78000
0.04898, 6.79000
0.04761, 6.80000
0.04242, 6.81000
0.03189, 6.82000
0.01740, 6.83000
0.00244, 6.84000
-0.01419, 6.85000
-0.02869, 6.86000
-0.04105, 6.87000
-0.05264, 6.88000
-0.05447, 6.89000
-0.04883, 6.90000
-0.03662, 6.91000
-0.02243, 6.92000
-0.00610, 6.93000
0.01526, 6.94000
0.03143, 6.95000
0.04318, 6.96000
0.04623, 6.97000
0.03403, 6.98000
0.01846, 6.99000
0.00137, 7.00000
-0.01312, 7.01000
-0.02945, 7.02000
-0.04791, 7.03000
-0.05493, 7.04000
-0.05386, 7.05000
-0.04913, 7.06000
-0.03647, 7.07000
-0.02121, 7.08000
-0.00519, 7.09000
0.01343, 7.10000
0.02701, 7.11000
0.03799, 7.12000
0.04654, 7.13000
0.04868, 7.14000
0.04562, 7.15000
0.03738, 7.16000
0.02457, 7.17000
0.00641, 7.18000
-0.02243, 7.19000
-0.03677, 7.20000
-0.04913, 7.21000
-0.05463, 7.22000
-0.05432, 7.23000
-0.04807, 7.24000
-0.03891, 7.25000
-0.02502, 7.26000
-0.00793, 7.27000
0.01007, 7.28000
0.02426, 7.29000
0.04486, 7.30000
0.04868, 7.31000
0.04562, 7.32000
0.03799, 7.33000
0.02121, 7.34000
0.00107, 7.35000
-0.01404, 7.36000
-0.03036, 7.37000
-0.04318, 7.38000
-0.05280, 7.39000
-0.05493, 7.40000
-0.05081, 7.41000
-0.04349, 7.42000
-0.03220, 7.43000
-0.01846, 7.44000
-0.00412, 7.45000
0.01144, 7.46000
0.02701, 7.47000
0.03891, 7.48000
0.04791, 7.49000
0.04684, 7.50000
0.03937, 7.51000
0.02899, 7.52000
0.01221, 7.53000
-0.00336, 7.54000
-0.02045, 7.55000
-0.03326, 7.56000
-0.04517, 7.57000
-0.05371, 7.58000
-0.05508, 7.59000
-0.05081, 7.60000
-0.04181, 7.61000
-0.01617, 7.62000
0.00427, 7.63000
0.02090, 7.64000
0.03464, 7.65000
0.04562, 7.66000
0.04868, 7.67000
0.04684, 7.68000
0.04013, 7.69000
0.02914, 7.70000
0.01572, 7.71000
-0.00122, 7.72000
-0.01785, 7.73000
-0.03525, 7.74000
-0.04700, 7.75000
-0.05447, 7.76000
-0.05478, 7.77000
-0.05188, 7.78000
-0.04440, 7.79000
-0.02884, 7.80000
-0.00763, 7.81000
0.00839, 7.82000
0.02335, 7.83000
0.03754, 7.84000
0.04623, 7.85000
0.04852, 7.86000
0.04517, 7.87000
0.03708, 7.88000
0.02594, 7.89000
0.01022, 7.90000
-0.00961, 7.91000
-0.02487, 7.92000
-0.03845, 7.93000
-0.04883, 7.94000
-0.05402, 7.95000
-0.04456, 7.96000
-0.03189, 7.97000
-0.01495, 7.98000
0.00076, 7.99000
0.01724, 8.00000
0.03113, 8.01000
0.04120, 8.02000
0.04761, 8.03000
0.04791, 8.04000
0.04120, 8.05000
0.03006, 8.06000
0.01587, 8.07000
0.00031, 8.08000
-0.01602, 8.09000
-0.02975, 8.10000
-0.04303, 8.11000
-0.05493, 8.12000
-0.05493, 8.13000
-0.04868, 8.14000
-0.03967, 8.15000
-0.02472, 8.16000
-0.00900, 8.17000
0.00900, 8.18000
0.02563, 8.19000
0.03647, 8.20000
0.04517, 8.21000
0.04776, 8.22000
0.04440, 8.23000
0.03677, 8.24000
0.02457, 8.25000
0.00656, 8.26000
-0.03250, 8.27000
-0.04837, 8.28000
-0.05539, 8.29000
-0.05569, 8.30000
-0.05035, 8.31000
-0.03998, 8.32000
-0.02640, 8.33000
-0.00885, 8.34000
0.00900, 8.35000
0.02289, 8.36000
0.03510, 8.37000
0.04410, 8.38000
0.04684, 8.39000
0.04410, 8.40000
0.03372, 8.41000
0.02090, 8.42000
0.00336, 8.43000
-0.01617, 8.44000
-0.03006, 8.45000
-0.04333, 8.46000
-0.05264, 8.47000
-0.05707, 8.48000
-0.05234, 8.49000
-0.04288, 8.50000
-0.02975, 8.51000
-0.01572, 8.52000
0.00000, 8.53000
0.01587, 8.54000
0.03006, 8.55000
0.04166, 8.56000
0.04654, 8.57000
0.04501, 8.58000
0.03647, 8.59000
0.01160, 8.60000
-0.00641, 8.61000
-0.02441, 8.62000
-0.03937, 8.63000
-0.05157, 8.64000
-0.05753, 8.65000
-0.05692, 8.66000
-0.05020, 8.67000
-0.03738, 8.68000
-0.01862, 8.69000
-0.00153, 8.70000
0.01816, 8.71000
0.03006, 8.72000
0.03952, 8.73000
0.04547, 8.74000
0.04532, 8.75000
0.04028, 8.76000
0.03067, 8.77000
0.01556, 8.78000
0.00015, 8.79000
-0.01816, 8.80000
-0.03586, 8.81000
-0.04807, 8.82000
-0.05646, 8.83000
-0.05814, 8.84000
-0.05478, 8.85000
-0.04608, 8.86000
-0.03326, 8.87000
-0.01862, 8.88000
-0.00107, 8.89000
0.01419, 8.90000
0.02731, 8.91000
0.04440, 8.92000
0.04471, 8.93000
0.03876, 8.94000
0.02838, 8.95000
0.01282, 8.96000
-0.00336, 8.97000
-0.02106, 8.98000
-0.03693, 8.99000
-0.04883, 9.00000
-0.05829, 9.01000
-0.05768, 9.02000
-0.05096, 9.03000
-0.03708, 9.04000
-0.02213, 9.05000
-0.00397, 9.06000
0.01129, 9.07000
0.02472, 9.08000
0.03677, 9.09000
0.04410, 9.10000
0.04349, 9.11000
0.03510, 9.12000
0.02090, 9.13000
0.00504, 9.14000
-0.01251, 9.15000
-0.03220, 9.16000
-0.04410, 9.17000
-0.05417, 9.18000
-0.05905, 9.19000
-0.05646, 9.20000
-0.04929, 9.21000
-0.03845, 9.22000
-0.02502, 9.23000
-0.01038, 9.24000
0.02121, 9.25000
0.03464, 9.26000
0.04364, 9.27000
0.04440, 9.28000
0.04044, 9.29000
0.03235, 9.30000
0.01724, 9.31000
0.00122, 9.32000
-0.01785, 9.33000
-0.03220, 9.34000
-0.04501, 9.35000
-0.05371, 9.36000
-0.05844, 9.37000
-0.05875, 9.38000
-0.05447, 9.39000
-0.04593, 9.40000
-0.03448, 9.41000
-0.02045, 9.42000
-0.00641, 9.43000
0.00839, 9.44000
0.02228, 9.45000
0.03250, 9.46000
0.04044, 9.47000
0.04410, 9.48000
0.04242, 9.49000
0.03647, 9.50000
0.02869, 9.51000
0.01068, 9.52000
-0.00427, 9.53000
-0.01846, 9.54000
-0.03067, 9.55000
-0.04242, 9.56000
-0.05798, 9.57000
-0.05951, 9.58000
-0.05585, 9.59000
-0.04883, 9.60000
-0.03738, 9.61000
-0.02594, 9.62000
-0.00549, 9.63000
0.00885, 9.64000
0.02319, 9.65000
0.03342, 9.66000
0.04257, 9.67000
0.04395, 9.68000
0.04166, 9.69000
0.03494, 9.70000
0.02609, 9.71000
0.01343, 9.72000
-0.00275, 9.73000
-0.01602, 9.74000
-0.02945, 9.75000
-0.04349, 9.76000
-0.05417, 9.77000
-0.05951, 9.78000
-0.06012, 9.79000
-0.05722, 9.80000
-0.04929, 9.81000
-0.03815, 9.82000
-0.01740, 9.83000
0.00534, 9.84000
0.01801, 9.85000
0.02899, 9.86000
0.03784, 9.87000
0.04242, 9.88000
0.04288, 9.89000
0.03387, 9.90000
0.01968, 9.91000
0.00763, 9.92000
-0.00732, 9.93000
-0.02258, 9.94000
-0.03830, 9.95000
-0.04929, 9.96000
-0.05615, 9.97000
-0.06088, 9.98000
-0.05936, 9.99000
-0.05280, 10.00000
-0.03586, 10.01000
-0.02335, 10.02000
-0.00549, 10.03000
0.01312, 10.04000
0.02426, 10.05000
0.03433, 10.06000
0.04181, 10.07000
0.04272, 10.08000
0.03998, 10.09000
0.03494, 10.10000
0.02747, 10.11000
0.01572, 10.12000
0.00351, 10.13000
-0.01801, 10.14000
-0.03220, 10.15000
-0.04288, 10.16000
-0.05280, 10.17000
-0.05936, 10.18000
-0.06119, 10.19000
-0.05753, 10.20000
-0.05142, 10.21000
-0.02670, 10.22000
-0.00961, 10.23000
0.00626, 10.24000
0.01846, 10.25000
0.02899, 10.26000
0.03937, 10.27000
0.04196, 10.28000
0.03876, 10.29000
0.03143, 10.30000
0.02228, 10.31000
0.00900, 10.32000
-0.00443, 10.33000
-0.01740, 10.34000
-0.02960, 10.35000
-0.04623, 10.36000
-0.05508, 10.37000
-0.06088, 10.38000
-0.06287, 10.39000
-0.05890, 10.40000
-0.05188, 10.41000
-0.04135, 10.42000
-0.02884, 10.43000
-0.01404, 10.44000
0.00381, 10.45000
0.01877, 10.46000
0.02869, 10.47000
0.03571, 10.48000
0.04013, 10.49000
0.03952, 10.50000
0.03601, 10.51000
0.02960, 10.52000
0.02029, 10.53000
0.00107, 10.54000
-0.02563, 10.55000
-0.03891, 10.56000
-0.05447, 10.57000
-0.06287, 10.58000
-0.06439, 10.59000
-0.06119, 10.60000
-0.05417, 10.61000
-0.04333, 10.62000
-0.03098, 10.63000
-0.01282, 10.64000
0.00427, 10.65000
0.01862, 10.66000
0.02899, 10.67000
0.03555, 10.68000
0.03815, 10.69000
0.03479, 10.70000
0.02823, 10.71000
0.01434, 10.72000
0.00076, 10.73000
-0.01251, 10.74000
-0.02502, 10.75000
-0.03845, 10.76000
-0.05219, 10.77000
-0.06088, 10.78000
-0.06653, 10.79000
-0.06607, 10.80000
-0.06149, 10.81000
-0.05478, 10.82000
-0.04227, 10.83000
-0.02823, 10.84000
-0.01480, 10.85000
0.00000, 10.86000
0.02075, 10.87000
0.03159, 10.88000
0.03540, 10.89000
0.03448, 10.90000
0.03036, 10.91000
0.02380, 10.92000
0.01251, 10.93000
0.00092, 10.94000
-0.01434, 10.95000
-0.03204, 10.96000
-0.04425, 10.97000
-0.06042, 10.98000
-0.06821, 10.99000
-0.07034, 11.00000
-0.06866, 11.01000
-0.06271, 11.02000
-0.05371, 11.03000
-0.03998, 11.04000
-0.01480, 11.05000
0.00259, 11.06000
0.01663, 11.07000
0.02533, 11.08000
0.03082, 11.09000
0.03036, 11.10000
0.02579, 11.11000
0.01755, 11.12000
0.00580, 11.13000
-0.00626, 11.14000
-0.01938, 11.15000
-0.03220, 11.16000
-0.04471, 11.17000
-0.05508, 11.18000
-0.06424, 11.19000
-0.07553, 11.20000
-0.07477, 11.21000
-0.06836, 11.22000
-0.05035, 11.23000
-0.03204, 11.24000
-0.01663, 11.25000
-0.00381, 11.26000
0.00687, 11.27000
0.01541, 11.28000
0.02457, 11.29000
0.02472, 11.30000
0.01862, 11.31000
0.00992, 11.32000
-0.00229, 11.33000
-0.01617, 11.34000
-0.03052, 11.35000
-0.04776, 11.36000
-0.06027, 11.37000
-0.07187, 11.38000
-0.07965, 11.39000
-0.08255, 11.40000
-0.07431, 11.41000
-0.06348, 11.42000
-0.04898, 11.43000
-0.03464, 11.44000
-0.02045, 11.45000
-0.00763, 11.46000
0.00320, 11.47000
0.01434, 11.48000
0.01694, 11.49000
0.01541, 11.50000
0.00961, 11.51000
-0.00854, 11.52000
-0.03098, 11.53000
-0.04974, 11.54000
-0.06638, 11.55000
-0.08255, 11.56000
-0.09094, 11.57000
-0.09262, 11.58000
-0.08942, 11.59000
-0.08377, 11.60000
-0.07095, 11.61000
-0.05768, 11.62000
-0.04486, 11.63000
-0.03159, 11.64000
-0.01587, 11.65000
-0.00565, 11.66000
0.00320, 11.67000
0.00519, 11.68000
0.00275, 11.69000
-0.00351, 11.70000
-0.01266, 11.71000
-0.02686, 11.72000
-0.04990, 11.73000
-0.06348, 11.74000
-0.08087, 11.75000
-0.09262, 11.76000
-0.10101, 11.77000
-0.10559, 11.78000
-0.10529, 11.79000
-0.09842, 11.80000
-0.08926, 11.81000
-0.07568, 11.82000
-0.06119, 11.83000
-0.04532, 11.84000
-0.02167, 11.85000
-0.01343, 11.86000
-0.00977, 11.87000
-0.01144, 11.88000
-0.01694, 11.89000
-0.02411, 11.90000
-0.03967, 11.91000
-0.05371, 11.92000
-0.07492, 11.93000
-0.08896, 11.94000
-0.10254, 11.95000
-0.11536, 11.96000
-0.12253, 11.97000
-0.12466, 11.98000
-0.12177, 11.99000
-0.11459, 12.00000
-0.10574, 12.01000
-0.09033, 12.02000
-0.07462, 12.03000
-0.06195, 12.04000
-0.05051, 12.05000
-0.03708, 12.06000
-0.03098, 12.07000
-0.03174, 12.08000
-0.04074, 12.09000
-0.05386, 12.10000
-0.06683, 12.11000
-0.07965, 12.12000
-0.09598, 12.13000
-0.11444, 12.14000
-0.12665, 12.15000
-0.13672, 12.16000
-0.14877, 12.17000
-0.14679, 12.18000
-0.14038, 12.19000
-0.13290, 12.20000
-0.12100, 12.21000
-0.10742, 12.22000
-0.09430, 12.23000
-0.08286, 12.24000
-0.06882, 12.25000
-0.06165, 12.26000
-0.05768, 12.27000
-0.06119, 12.28000
-0.07156, 12.29000
-0.08240, 12.30000
-0.09735, 12.31000
-0.11246, 12.32000
-0.12848, 12.33000
-0.14328, 12.34000
-0.16113, 12.35000
-0.17319, 12.36000
-0.18005, 12.37000
-0.17899, 12.38000
-0.17166, 12.39000
-0.16159, 12.40000
-0.15060, 12.41000
-0.13916, 12.42000
-0.12741, 12.43000
-0.11169, 12.44000
-0.10239, 12.45000
-0.09521, 12.46000
-0.09232, 12.47000
-0.09705, 12.48000
-0.10620, 12.49000
-0.13184, 12.50000
-0.15427, 12.51000
-0.17349, 12.52000
-0.19028, 12.53000
-0.20950, 12.54000
-0.21927, 12.55000
-0.22018, 12.56000
-0.21713, 12.57000
-0.21088, 12.58000
-0.19424, 12.59000
-0.18066, 12.60000
-0.16586, 12.61000
-0.15457, 12.62000
-0.14435, 12.63000
-0.13718, 12.64000
-0.13565, 12.65000
-0.13992, 12.66000
-0.14648, 12.67000
-0.15717, 12.68000
-0.16998, 12.69000
-0.20218, 12.70000
-0.22736, 12.71000
-0.24261, 12.72000
-0.25604, 12.73000
-0.26489, 12.74000
-0.26703, 12.75000
-0.26489, 12.76000
-0.25925, 12.77000
-0.25070, 12.78000
-0.24033, 12.79000
-0.22949, 12.80000
-0.21744, 12.81000
-0.19333, 12.82000
-0.18555, 12.83000
-0.18341, 12.84000
-0.18585, 12.85000
-0.19424, 12.86000
-0.20584, 12.87000
-0.22522, 12.88000
-0.24765, 12.89000
-0.26581, 12.90000
-0.28412, 12.91000
-0.29724, 12.92000
-0.30731, 12.93000
-0.31494, 12.94000
-0.31601, 12.95000
-0.31219, 12.96000
-0.30396, 12.97000
-0.29343, 12.98000
-0.28061, 12.99000
-0.26764, 13.00000
-0.25406, 13.01000
-0.24307, 13.02000
-0.23575, 13.03000
-0.23026, 13.04000
-0.22888, 13.05000
-0.23590, 13.06000
-0.24765, 13.07000
-0.26047, 13.08000
-0.28458, 13.09000
-0.30548, 13.10000
-0.32089, 13.11000
-0.33493, 13.12000
-0.34729, 13.13000
-0.35568, 13.14000
-0.35370, 13.15000
-0.34607, 13.16000
-0.33508, 13.17000
-0.31693, 13.18000
-0.30121, 13.19000
-0.28687, 13.20000
-0.27206, 13.21000
-0.26321, 13.22000
-0.26108, 13.23000
-0.26443, 13.24000
-0.27237, 13.25000
-0.28458, 13.26000
-0.29800, 13.27000
-0.31326, 13.28000
-0.32761, 13.29000
-0.34164, 13.30000
-0.35583, 13.31000
-0.36865, 13.32000
-0.37659, 13.33000
-0.37857, 13.34000
-0.37506, 13.35000
-0.36636, 13.36000
-0.35507, 13.37000
-0.33295, 13.38000
-0.31418, 13.39000
-0.29999, 13.40000
-0.28976, 13.41000
-0.28046, 13.42000
-0.27390, 13.43000
-0.27466, 13.44000
-0.28091, 13.45000
-0.29160, 13.46000
-0.31891, 13.47000
-0.33844, 13.48000
-0.35446, 13.49000
-0.36926, 13.50000
-0.37766, 13.51000
-0.38193, 13.52000
-0.38040, 13.53000
-0.37369, 13.54000
-0.36026, 13.55000
-0.34149, 13.56000
-0.32303, 13.57000
-0.30624, 13.58000
-0.29251, 13.59000
-0.27985, 13.60000
-0.27145, 13.61000
-0.27084, 13.62000
-0.27420, 13.63000
-0.28305, 13.64000
-0.29404, 13.65000
-0.30609, 13.66000
-0.32272, 13.67000
-0.33829, 13.68000
-0.34988, 13.69000
-0.36163, 13.70000
-0.37155, 13.71000
-0.37201, 13.72000
-0.36728, 13.73000
-0.35568, 13.74000
-0.34332, 13.75000
-0.32883, 13.76000
-0.31311, 13.77000
-0.29800, 13.78000
-0.28198, 13.79000
-0.26337, 13.80000
-0.25803, 13.81000
-0.25955, 13.82000
-0.26489, 13.83000
-0.27206, 13.84000
-0.28412, 13.85000
-0.30258, 13.86000
-0.31830, 13.87000
-0.33142, 13.88000
-0.34286, 13.89000
-0.35324, 13.90000
-0.35660, 13.91000
-0.35431, 13.92000
-0.34698, 13.93000
-0.33081, 13.94000
-0.31479, 13.95000
-0.29785, 13.96000
-0.27908, 13.97000
-0.26260, 13.98000
-0.25085, 13.99000
-0.24155, 14.00000
-0.23956, 14.01000
-0.24185, 14.02000
-0.24902, 14.03000
-0.26260, 14.04000
-0.27634, 14.05000
-0.29190, 14.06000
-0.30960, 14.07000
-0.32303, 14.08000
-0.33188, 14.09000
-0.33615, 14.10000
-0.33463, 14.11000
-0.32059, 14.12000
-0.30426, 14.13000
-0.28809, 14.14000
-0.27069, 14.15000
-0.25558, 14.16000
-0.24200, 14.17000
-0.23041, 14.18000
-0.21942, 14.19000
-0.22430, 14.20000
-0.23438, 14.21000
-0.24612, 14.22000
-0.26352, 14.23000
-0.27832, 14.24000
-0.29022, 14.25000
-0.30014, 14.26000
-0.30899, 14.27000
-0.31448, 14.28000
-0.31647, 14.29000
-0.31403, 14.30000
-0.30273, 14.31000
-0.29022, 14.32000
-0.27145, 14.33000
-0.25589, 14.34000
-0.23911, 14.35000
-0.22339, 14.36000
-0.20737, 14.37000
-0.20172, 14.38000
-0.20126, 14.39000
-0.20462, 14.40000
-0.21317, 14.41000
-0.22247, 14.42000
-0.23407, 14.43000
-0.24582, 14.44000
-0.27100, 14.45000
-0.28214, 14.46000
-0.29282, 14.47000
-0.29892, 14.48000
-0.29846, 14.49000
-0.29358, 14.50000
-0.28580, 14.51000
-0.27115, 14.52000
-0.25757, 14.53000
-0.23849, 14.54000
-0.21713, 14.55000
-0.20554, 14.56000
-0.19150, 14.57000
-0.18692, 14.58000
-0.18723, 14.59000
-0.19409, 14.60000
-0.20401, 14.61000
-0.21606, 14.62000
-0.23102, 14.63000
-0.24429, 14.64000
-0.25650, 14.65000
-0.26718, 14.66000
-0.27634, 14.67000
-0.28534, 14.68000
-0.28809, 14.69000
-0.28427, 14.70000
-0.27664, 14.71000
-0.26093, 14.72000
-0.24414, 14.73000
-0.22736, 14.74000
-0.21057, 14.75000
-0.19897, 14.76000
-0.18265, 14.77000
-0.18036, 14.78000
-0.18387, 14.79000
-0.19196, 14.80000
-0.20264, 14.81000
-0.21469, 14.82000
-0.22980, 14.83000
-0.24506, 14.84000
-0.25742, 14.85000
-0.26901, 14.86000
-0.28152, 14.87000
-0.28641, 14.88000
-0.28473, 14.89000
-0.27527, 14.90000
-0.26443, 14.91000
-0.25253, 14.92000
-0.23819, 14.93000
-0.22354, 14.94000
-0.21225, 14.95000
-0.20081, 14.96000
-0.18875, 14.97000
-0.18433, 14.98000
-0.18677, 14.99000
-0.19333, 15.00000
-0.20401, 15.01000
-0.22003, 15.02000
-0.23590, 15.03000
-0.25772, 15.04000
-0.27237, 15.05000
-0.28290, 15.06000
-0.29404, 15.07000
-0.29678, 15.08000
-0.29510, 15.09000
-0.27985, 15.10000
-0.26443, 15.11000
-0.24521, 15.12000
-0.22995, 15.13000
-0.21744, 15.14000
-0.20767, 15.15000
-0.20233, 15.16000
-0.20172, 15.17000
-0.20584, 15.18000
-0.21515, 15.19000
-0.22552, 15.20000
-0.24429, 15.21000
-0.26413, 15.22000
-0.28442, 15.23000
-0.29724, 15.24000
-0.30914, 15.25000
-0.31677, 15.26000
-0.32150, 15.27000
-0.32043, 15.28000
-0.31555, 15.29000
-0.30838, 15.30000
-0.29907, 15.31000
-0.28595, 15.32000
-0.26871, 15.33000
-0.25772, 15.34000
-0.24750, 15.35000
-0.24017, 15.36000
-0.23529, 15.37000
-0.23636, 15.38000
-0.24811, 15.39000
-0.26382, 15.40000
-0.28000, 15.41000
-0.30930, 15.42000
-0.32623, 15.43000
-0.33875, 15.44000
-0.35187, 15.45000
-0.36194, 15.46000
-0.36392, 15.47000
-0.36285, 15.48000
-0.35782, 15.49000
-0.34576, 15.50000
-0.33340, 15.51000
-0.32227, 15.52000
-0.30869, 15.53000
-0.29922, 15.54000
-0.28885, 15.55000
-0.28473, 15.56000
-0.28900, 15.57000
-0.29648, 15.58000
-0.30563, 15.59000
-0.31799, 15.60000
-0.34439, 15.61000
-0.36697, 15.62000
-0.38315, 15.63000
-0.39841, 15.64000
-0.41306, 15.65000
-0.42191, 15.66000
-0.42587, 15.67000
-0.42480, 15.68000
-0.41992, 15.69000
-0.41336, 15.70000
-0.40390, 15.71000
-0.39108, 15.72000
-0.37415, 15.73000
-0.36575, 15.74000
-0.35629, 15.75000
-0.35995, 15.76000
-0.36926, 15.77000
-0.38498, 15.78000
-0.40054, 15.79000
-0.42191, 15.80000
-0.44174, 15.81000
-0.45959, 15.82000
-0.47440, 15.83000
-0.49347, 15.84000
-0.50461, 15.85000
-0.50919, 15.86000
-0.50873, 15.87000
-0.50018, 15.88000
-0.48996, 15.89000
-0.47668, 15.90000
-0.46600, 15.91000
-0.45731, 15.92000
-0.45197, 15.93000
-0.44891, 15.94000
-0.45029, 15.95000
-0.45502, 15.96000
-0.46722, 15.97000
-0.48080, 15.98000
-0.49942, 15.99000
-0.52567, 16.00000
-0.54550, 16.01000
-0.56595, 16.02000
-0.58304, 16.03000
-0.60013, 16.04000
-0.61539, 16.05000
-0.61676, 16.06000
-0.60944, 16.07000
-0.59845, 16.08000
-0.58823, 16.09000
-0.57831, 16.10000
-0.57159, 16.11000
-0.56656, 16.12000
-0.56549, 16.13000
-0.56763, 16.14000
-0.57602, 16.15000
-0.59647, 16.16000
-0.61386, 16.17000
-0.63568, 16.18000
-0.65704, 16.19000
-0.67642, 16.20000
-0.70328, 16.21000
-0.72647, 16.22000
-0.74234, 16.23000
-0.74921, 16.24000
-0.74890, 16.25000
-0.74341, 16.26000
-0.73624, 16.27000
-0.72647, 16.28000
-0.71518, 16.29000
-0.70984, 16.30000
-0.70724, 16.31000
-0.70923, 16.32000
-0.71640, 16.33000
-0.72830, 16.34000
-0.74341, 16.35000
-0.76050, 16.36000
-0.79025, 16.37000
-0.82367, 16.38000
-0.84824, 16.39000
-0.88425, 16.40000
-0.90134, 16.41000
-0.90744, 16.42000
-0.90973, 16.43000
-0.90714, 16.44000
-0.90103, 16.45000
-0.89355, 16.46000
-0.88638, 16.47000
-0.87952, 16.48000
-0.87555, 16.49000
-0.87616, 16.50000
-0.88211, 16.51000
-0.89432, 16.52000
-0.91019, 16.53000
-0.93094, 16.54000
-0.96649, 16.55000
-0.99213, 16.56000
-1.01395, 16.57000
-1.04416, 16.58000
-1.06415, 16.59000
-1.07819, 16.60000
-1.09039, 16.61000
-1.09558, 16.62000
-1.09711, 16.63000
-1.09467, 16.64000
-1.08994, 16.65000
-1.08398, 16.66000
-1.07773, 16.67000
-1.07254, 16.68000
-1.07086, 16.69000
-1.07193, 16.70000
-1.08078, 16.71000
-1.10611, 16.72000
-1.13312, 16.73000
-1.15738, 16.74000
-1.18591, 16.75000
-1.21262, 16.76000
-1.24405, 16.77000
-1.27945, 16.78000
-1.29745, 16.79000
-1.30997, 16.80000
-1.31561, 16.81000
-1.31714, 16.82000
-1.31577, 16.83000
-1.31180, 16.84000
-1.30402, 16.85000
-1.29990, 16.86000
-1.29868, 16.87000
-1.30081, 16.88000
-1.30554, 16.89000
-1.31607, 16.90000
-1.33728, 16.91000
-1.35773, 16.92000
-1.38290, 16.93000
-1.41541, 16.94000
-1.44028, 16.95000
-1.46851, 16.96000
-1.49139, 16.97000
-1.51215, 16.98000
-1.53168, 16.99000
-1.54846, 17.00000
-1.56067, 17.01000
-1.56830, 17.02000
-1.57166, 17.03000
-1.57166, 17.04000
-1.56494, 17.05000
-1.56082, 17.06000
-1.56189, 17.07000
-1.56830, 17.08000
-1.57532, 17.09000
-1.59454, 17.10000
-1.61789, 17.11000
-1.64185, 17.12000
-1.67191, 17.13000
-1.69968, 17.14000
-1.72638, 17.15000
-1.75385, 17.16000
-1.77887, 17.17000
-1.81412, 17.18000
-1.83563, 17.19000
-1.85043, 17.20000
-1.86005, 17.21000
-1.86493, 17.22000
-1.86707, 17.23000
-1.86691, 17.24000
-1.86432, 17.25000
-1.86172, 17.26000
-1.86279, 17.27000
-1.86722, 17.28000
-1.87775, 17.29000
-1.89041, 17.30000
-1.91086, 17.31000
-1.94305, 17.32000
-1.97281, 17.33000
-1.99982, 17.34000
-2.04208, 17.35000
-2.08923, 17.36000
-2.13715, 17.37000
-2.16171, 17.38000
-2.17972, 17.39000
-2.19238, 17.40000
-2.19971, 17.41000
-2.20367, 17.42000
-2.20566, 17.43000
-2.20505, 17.44000
-2.20413, 17.45000
-2.20490, 17.46000
-2.20932, 17.47000
-2.21909, 17.48000
-2.23343, 17.49000
-2.25616, 17.50000
-2.29431, 17.51000
-2.33627, 17.52000
-2.36618, 17.53000
-2.39746, 17.54000
-2.43484, 17.55000
-2.46811, 17.56000
-2.49374, 17.57000
-2.52106, 17.58000
-2.54700, 17.59000
-2.56104, 17.60000
-2.56973, 17.61000
-2.57629, 17.62000
-2.57950, 17.63000
-2.57965, 17.64000
-2.57996, 17.65000
-2.58102, 17.66000
-2.58438, 17.67000
-2.59109, 17.68000
-2.60559, 17.69000
-2.64130, 17.70000
-2.67166, 17.71000
-2.71332, 17.72000
-2.74963, 17.73000
-2.80228, 17.74000
-2.83646, 17.75000
-2.87201, 17.76000
-2.90268, 17.77000
-2.93076, 17.78000
-2.94662, 17.79000
-2.95609, 17.80000
-2.96066, 17.81000
-2.96158, 17.82000
-2.96021, 17.83000
-2.95792, 17.84000
-2.95837, 17.85000
-2.96463, 17.86000
-2.97348, 17.87000
-2.98599, 17.88000
-3.00201, 17.89000
-3.02246, 17.90000
-3.04825, 17.91000
-3.08640, 17.92000
-3.12271, 17.93000
-3.16650, 17.94000
-3.19748, 17.95000
-3.22647, 17.96000
-3.24615, 17.97000
-3.26187, 17.98000
-3.27454, 17.99000
-3.28018, 18.00000
-3.28094, 18.01000
-3.26950, 18.02000
-3.25806, 18.03000
-3.25027, 18.04000
-3.24615, 18.05000
-3.24493, 18.06000
-3.24753, 18.07000
-3.25638, 18.08000
-3.26797, 18.09000
-3.28568, 18.10000
-3.30338, 18.11000
-3.32809, 18.12000
-3.35373, 18.13000
-3.38791, 18.14000
-3.40881, 18.15000
-3.42453, 18.16000
-3.43216, 18.17000
-3.43414, 18.18000
-3.42590, 18.19000
-3.41217, 18.20000
-3.39645, 18.21000
-3.37830, 18.22000
-3.35770, 18.23000
-3.33496, 18.24000
-3.31955, 18.25000
-3.30795, 18.26000
-3.29941, 18.27000
-3.29361, 18.28000
-3.29178, 18.29000
-3.29468, 18.30000
-3.30093, 18.31000
-3.31146, 18.32000
-3.32031, 18.33000
-3.32825, 18.34000
-3.34091, 18.35000
-3.34106, 18.36000
-3.33603, 18.37000
-3.31665, 18.38000
-3.29498, 18.39000
-3.26508, 18.40000
-3.23334, 18.41000
-3.20541, 18.42000
-3.17398, 18.43000
-3.14560, 18.44000
-3.11859, 18.45000
-3.09723, 18.46000
-3.07953, 18.47000
-3.06046, 18.48000
-3.04932, 18.49000
-3.04245, 18.50000
-3.03772, 18.51000
-3.03558, 18.52000
-3.03513, 18.53000
-3.03482, 18.54000
-3.03345, 18.55000
-3.02643, 18.56000
-3.01712, 18.57000
-3.00522, 18.58000
-2.98477, 18.59000
-2.95135, 18.60000
-2.89856, 18.61000
-2.85751, 18.62000
-2.82455, 18.63000
-2.79205, 18.64000
-2.75101, 18.65000
-2.72110, 18.66000
-2.68112, 18.67000
-2.66403, 18.68000
-2.65076, 18.69000
-2.64343, 18.70000
-2.63626, 18.71000
-2.63229, 18.72000
-2.62985, 18.73000
-2.62421, 18.74000
-2.61292, 18.75000
-2.60025, 18.76000
-2.57843, 18.77000
-2.55341, 18.78000
-2.52899, 18.79000
-2.50244, 18.80000
-2.45804, 18.81000
-2.42249, 18.82000
-2.38235, 18.83000
-2.35138, 18.84000
-2.30881, 18.85000
-2.27234, 18.86000
-2.25616, 18.87000
-2.24487, 18.88000
-2.23694, 18.89000
-2.23358, 18.90000
-2.23129, 18.91000
-2.22809, 18.92000
-2.22183, 18.93000
-2.21313, 18.94000
-2.20184, 18.95000
-2.18552, 18.96000
-2.16492, 18.97000
-2.14127, 18.98000
-2.11014, 18.99000
-2.04071, 19.00000
-1.98181, 19.01000
-1.93771, 19.02000
-1.91010, 19.03000
-1.88904, 19.04000
-1.87515, 19.05000
-1.86569, 19.06000
-1.86127, 19.07000
-1.86005, 19.08000
-1.85898, 19.09000
-1.85852, 19.10000
-1.85501, 19.11000
-1.84799, 19.12000
-1.83014, 19.13000
-1.81061, 19.14000
-1.78375, 19.15000
-1.74530, 19.16000
-1.69189, 19.17000
-1.65298, 19.18000
-1.62598, 19.19000
-1.60461, 19.20000
-1.58508, 19.21000
-1.56891, 19.22000
-1.55487, 19.23000
-1.54617, 19.24000
-1.53900, 19.25000
-1.53778, 19.26000
-1.53915, 19.27000
-1.54083, 19.28000
-1.54343, 19.29000
-1.54404, 19.30000
-1.54312, 19.31000
-1.53137, 19.32000
-1.51077, 19.33000
-1.49368, 19.34000
-1.46576, 19.35000
-1.43951, 19.36000
-1.41678, 19.37000
-1.38901, 19.38000
-1.36322, 19.39000
-1.33133, 19.40000
-1.31348, 19.41000
-1.29944, 19.42000
-1.29303, 19.43000
-1.29135, 19.44000
-1.29471, 19.45000
-1.30081, 19.46000
-1.30692, 19.47000
-1.31287, 19.48000
-1.31790, 19.49000
-1.31836, 19.50000
-1.31516, 19.51000
-1.30661, 19.52000
-1.28815, 19.53000
-1.26450, 19.54000
-1.24496, 19.55000
-1.22009, 19.56000
-1.19766, 19.57000
-1.17386, 19.58000
-1.15494, 19.59000
-1.14044, 19.60000
-1.12915, 19.61000
-1.12579, 19.62000
-1.12717, 19.63000
-1.13266, 19.64000
-1.15097, 19.65000
-1.16287, 19.66000
-1.17340, 19.67000
-1.17935, 19.68000
-1.18042, 19.69000
-1.17538, 19.70000
-1.16577, 19.71000
-1.14883, 19.72000
-1.13266, 19.73000
-1.11526, 19.74000
-1.09604, 19.75000
-1.07681, 19.76000
-1.06216, 19.77000
-1.04996, 19.78000
-1.04019, 19.79000
-1.03485, 19.80000
-1.03653, 19.81000
-1.04691, 19.82000
-1.05820, 19.83000
-1.06995, 19.84000
-1.08307, 19.85000
-1.09879, 19.86000
-1.10992, 19.87000
-1.11816, 19.88000
-1.12076, 19.89000
-1.11877, 19.90000
-1.11252, 19.91000
-1.10321, 19.92000
-1.08505, 19.93000
-1.06598, 19.94000
-1.04752, 19.95000
-1.03027, 19.96000
-1.01425, 19.97000
-1.01624, 19.98000
-1.02600, 19.99000
-1.03714, 20.00000
-1.05240, 20.01000
-1.06674, 20.02000
-1.08444, 20.03000
-1.10123, 20.04000
-1.11435, 20.05000
-1.12625, 20.06000
-1.13678, 20.07000
-1.13632, 20.08000
-1.13174, 20.09000
-1.12289, 20.10000
-1.10245, 20.11000
-1.08688, 20.12000
-1.07742, 20.13000
-1.06812, 20.14000
-1.06354, 20.15000
-1.06476, 20.16000
-1.07193, 20.17000
-1.08429, 20.18000
-1.09802, 20.19000
-1.11633, 20.20000
-1.14365, 20.21000
-1.16821, 20.22000
-1.18713, 20.23000
-1.20697, 20.24000
-1.21964, 20.25000
-1.22452, 20.26000
-1.22177, 20.27000
-1.21552, 20.28000
-1.20712, 20.29000
-1.18942, 20.30000
-1.18073, 20.31000
-1.17737, 20.32000
-1.17661, 20.33000
-1.18256, 20.34000
-1.19354, 20.35000
-1.21323, 20.36000
-1.23642, 20.37000
-1.25900, 20.38000
-1.27899, 20.39000
-1.30310, 20.40000
-1.32736, 20.41000
-1.34781, 20.42000
-1.36459, 20.43000
-1.37253, 20.44000
-1.37573, 20.45000
-1.37344, 20.46000
-1.36887, 20.47000
-1.36337, 20.48000
-1.35498, 20.49000
-1.34949, 20.50000
-1.34720, 20.51000
-1.34857, 20.52000
-1.35590, 20.53000
-1.36719, 20.54000
-1.38397, 20.55000
-1.40472, 20.56000
-1.43082, 20.57000
-1.45828, 20.58000
-1.49246, 20.59000
-1.52466, 20.60000
-1.55121, 20.61000
-1.57822, 20.62000
-1.58600, 20.63000
-1.58829, 20.64000
-1.58722, 20.65000
-1.58188, 20.66000
-1.57730, 20.67000
-1.57440, 20.68000
-1.57516, 20.69000
-1.57791, 20.70000
-1.58463, 20.71000
-1.59729, 20.72000
-1.61957, 20.73000
-1.66656, 20.74000
-1.71417, 20.75000
-1.75491, 20.76000
-1.78314, 20.77000
-1.80618, 20.78000
-1.83197, 20.79000
-1.84753, 20.80000
-1.85501, 20.81000
-1.85974, 20.82000
-1.86020, 20.83000
-1.85867, 20.84000
-1.85669, 20.85000
-1.85699, 20.86000
-1.86142, 20.87000
-1.87439, 20.88000
-1.89148, 20.89000
-1.92062, 20.90000
-1.96259, 20.91000
-2.00134, 20.92000
-2.03186, 20.93000
-2.06497, 20.94000
-2.11685, 20.95000
-2.14066, 20.96000
-2.16202, 20.97000
-2.17651, 20.98000
-2.18399, 20.99000
-2.18765, 21.00000
-2.18842, 21.01000
-2.18918, 21.02000
-2.19208, 21.03000
-2.19986, 21.04000
-2.21283, 21.05000
-2.23816, 21.06000
-2.26303, 21.07000
-2.29370, 21.08000
-2.32681, 21.09000
-2.36374, 21.10000
-2.39761, 21.11000
-2.43637, 21.12000
-2.47375, 21.13000
-2.50656, 21.14000
-2.52884, 21.15000
-2.54425, 21.16000
-2.55539, 21.17000
-2.56241, 21.18000
-2.56714, 21.19000
-2.57050, 21.20000
-2.57385, 21.21000
-2.58469, 21.22000
-2.59598, 21.23000
-2.61078, 21.24000
-2.63107, 21.25000
-2.65762, 21.26000
-2.71744, 21.27000
-2.76276, 21.28000
-2.80960, 21.29000
-2.84927, 21.30000
-2.88208, 21.31000
-2.90756, 21.32000
-2.93594, 21.33000
-2.96066, 21.34000
-2.97394, 21.35000
-2.98584, 21.36000
-2.99637, 21.37000
-3.00110, 21.38000
-3.00568, 21.39000
-3.01453, 21.40000
-3.02521, 21.41000
-3.04565, 21.42000
-3.06702, 21.43000
-3.09967, 21.44000
-3.13217, 21.45000
-3.18069, 21.46000
-3.22266, 21.47000
-3.25897, 21.48000
-3.30246, 21.49000
-3.33603, 21.50000
-3.37280, 21.51000
-3.39951, 21.52000
-3.43170, 21.53000
-3.46146, 21.54000
-3.47626, 21.55000
-3.48495, 21.56000
-3.49380, 21.57000
-3.50342, 21.58000
-3.51547, 21.59000
-3.54935, 21.60000
-3.57452, 21.61000
-3.60291, 21.62000
-3.64090, 21.63000
-3.68408, 21.64000
-3.73734, 21.65000
-3.79532, 21.66000
-3.85498, 21.67000
-3.90350, 21.68000
-3.94455, 21.69000
-3.97888, 21.70000
-3.99689, 21.71000
-4.01474, 21.72000
-4.02969, 21.73000
-4.03824, 21.74000
-4.04968, 21.75000
-4.06174, 21.76000
-4.07532, 21.77000
-4.09729, 21.78000
-4.12369, 21.79000
-4.15100, 21.80000
-4.20914, 21.81000
-4.26865, 21.82000
-4.33578, 21.83000
-4.38599, 21.84000
-4.44427, 21.85000
-4.48883, 21.86000
-4.52438, 21.87000
-4.55826, 21.88000
-4.58237, 21.89000
-4.61029, 21.90000
-4.62524, 21.91000
-4.64615, 21.92000
-4.66064, 21.93000
-4.68002, 21.94000
-4.70016, 21.95000
-4.72580, 21.96000
-4.75281, 21.97000
-4.80118, 21.98000
-4.84192, 21.99000
-4.89090, 22.00000
-4.93439, 22.01000
-4.99680, 22.02000
-5.00000, 22.03000
-5.00000, 22.04000
-5.00000, 22.05000
-5.00000, 22.06000
-5.00000, 22.07000
-5.00000, 22.08000
-5.00000, 22.09000
-5.00000, 22.10000
-5.00000, 22.11000
-5.00000, 22.12000
-5.00000, 22.13000
-5.00000, 22.14000
-5.00000, 22.15000
-5.00000, 22.16000
-5.00000, 22.17000
-5.00000, 22.18000
-5.00000, 22.19000
-5.00000, 22.20000
-5.00000, 22.21000
-5.00000, 22.22000
-5.00000, 22.23000
-5.00000, 22.24000
-5.00000, 22.25000
-5.00000, 22.26000
-5.00000, 22.27000
-5.00000, 22.28000
-5.00000, 22.29000
-5.00000, 22.30000
-5.00000, 22.31000
-5.00000, 22.32000
-5.00000, 22.33000
-5.00000, 22.34000
-5.00000, 22.35000
-5.00000, 22.36000
-5.00000, 22.37000
-5.00000, 22.38000
-5.00000, 22.39000
-5.00000, 22.40000
-5.00000, 22.41000
-5.00000, 22.42000
-5.00000, 22.43000
-5.00000, 22.44000
-5.00000, 22.45000
-5.00000, 22.46000
-5.00000, 22.47000
-5.00000, 22.48000
-5.00000, 22.49000
-5.00000, 22.50000
-5.00000, 22.51000
-5.00000, 22.52000
-5.00000, 22.53000
-5.00000, 22.54000
-5.00000, 22.55000
-5.00000, 22.56000
-5.00000, 22.57000
-5.00000, 22.58000
-5.00000, 22.59000
-5.00000, 22.60000
-5.00000, 22.61000
-5.00000, 22.62000
-5.00000, 22.63000
-5.00000, 22.64000
-5.00000, 22.65000
-5.00000, 22.66000
-5.00000, 22.67000
-5.00000, 22.68000
-5.00000, 22.69000
-5.00000, 22.70000
-5.00000, 22.71000
-5.00000, 22.72000
-5.00000, 22.73000
-5.00000, 22.74000
-5.00000, 22.75000
-5.00000, 22.76000
-5.00000, 22.77000
-5.00000, 22.78000
-5.00000, 22.79000
-5.00000, 22.80000
-5.00000, 22.81000
-5.00000, 22.82000
-5.00000, 22.83000
-5.00000, 22.84000
-5.00000, 22.85000
-5.00000, 22.86000
-5.00000, 22.87000
-5.00000, 22.88000
-5.00000, 22.89000
-5.00000, 22.90000
-5.00000, 22.91000
-5.00000, 22.92000
-5.00000, 22.93000
-5.00000, 22.94000
-5.00000, 22.95000
-5.00000, 22.96000
-5.00000, 22.97000
-5.00000, 22.98000
-5.00000, 22.99000
-5.00000, 23.00000
-5.00000, 23.01000
-5.00000, 23.02000
-5.00000, 23.03000
-5.00000, 23.04000
-5.00000, 23.05000
-5.00000, 23.06000
-5.00000, 23.07000
-5.00000, 23.08000
-5.00000, 23.09000
-5.00000, 23.10000
-5.00000, 23.11000
-5.00000, 23.12000
-5.00000, 23.13000
-5.00000, 23.14000
-5.00000, 23.15000
-5.00000, 23.16000
-5.00000, 23.17000
-5.00000, 23.18000
-5.00000, 23.19000
-5.00000, 23.20000
-5.00000, 23.21000
-5.00000, 23.22000
-5.00000, 23.23000
-5.00000, 23.24000
-5.00000, 23.25000
-5.00000, 23.26000
-5.00000, 23.27000
-5.00000, 23.28000
-5.00000, 23.29000
-5.00000, 23.30000
-5.00000, 23.31000
-5.00000, 23.32000
-5.00000, 23.33000
-5.00000, 23.34000
-5.00000, 23.35000
-5.00000, 23.36000
-5.00000, 23.37000
-5.00000, 23.38000
-5.00000, 23.39000
-5.00000, 23.40000
-5.00000, 23.41000
-5.00000, 23.42000
-5.00000, 23.43000
-5.00000, 23.44000
-5.00000, 23.45000
-5.00000, 23.46000
-5.00000, 23.47000
-5.00000, 23.48000
-5.00000, 23.49000
-5.00000, 23.50000
-5.00000, 23.51000
-5.00000, 23.52000
-5.00000, 23.53000
-5.00000, 23.54000
-5.00000, 23.55000
-5.00000, 23.56000
-5.00000, 23.57000
-5.00000, 23.58000
-5.00000, 23.59000
-5.00000, 23.60000
-5.00000, 23.61000
-5.00000, 23.62000
-5.00000, 23.63000
-5.00000, 23.64000
-5.00000, 23.65000
-5.00000, 23.66000
-5.00000, 23.67000
-5.00000, 23.68000
-5.00000, 23.69000
-5.00000, 23.70000
-5.00000, 23.71000
-5.00000, 23.72000
-5.00000, 23.73000
-5.00000, 23.74000
-5.00000, 23.75000
-5.00000, 23.76000
-5.00000, 23.77000
-5.00000, 23.78000
-5.00000, 23.79000
-5.00000, 23.80000
-5.00000, 23.81000
-5.00000, 23.82000
-5.00000, 23.83000
-5.00000, 23.84000
-5.00000, 23.85000
-5.00000, 23.86000
-5.00000, 23.87000
-5.00000, 23.88000
-5.00000, 23.89000
-5.00000, 23.90000
-5.00000, 23.91000
-5.00000, 23.92000
-5.00000, 23.93000
-5.00000, 23.94000
-5.00000, 23.95000
-5.00000, 23.96000
-5.00000, 23.97000
-5.00000, 23.98000
-5.00000, 23.99000
-4.94400, 24.00000
-4.89792, 24.01000
-4.84848, 24.02000
-4.78500, 24.03000
-4.74030, 24.04000
-4.70139, 24.05000
-4.66003, 24.06000
-4.61761, 24.07000
-4.57199, 24.08000
-4.50974, 24.09000
-4.44473, 24.10000
-4.35791, 24.11000
-4.27887, 24.12000
-4.20898, 24.13000
-4.15100, 24.14000
-4.06693, 24.15000
-4.01321, 24.16000
-3.97034, 24.17000
-3.92792, 24.18000
-3.87955, 24.19000
-3.83484, 24.20000
-3.81058, 24.21000
-3.77640, 24.22000
-3.74207, 24.23000
-3.71155, 24.24000
-3.67538, 24.25000
-3.62030, 24.26000
-3.57849, 24.27000
-3.53714, 24.28000
-3.48618, 24.29000
-3.43933, 24.30000
-3.39493, 24.31000
-3.35220, 24.32000
-3.29834, 24.33000
-3.24921, 24.34000
-3.22174, 24.35000
-3.19641, 24.36000
-3.17490, 24.37000
-3.16040, 24.38000
-3.15079, 24.39000
-3.14117, 24.40000
-3.13141, 24.41000
-3.11447, 24.42000
-3.09860, 24.43000
-3.08090, 24.44000
-3.06046, 24.45000
-3.03162, 24.46000
-3.00415, 24.47000
-2.96707, 24.48000
-2.91916, 24.49000
-2.85797, 24.50000
-2.81677, 24.51000
-2.76505, 24.52000
-2.73743, 24.53000
-2.71957, 24.54000
-2.71179, 24.55000
-2.70782, 24.56000
-2.70599, 24.57000
-2.70569, 24.58000
-2.70508, 24.59000
-2.70248, 24.60000
-2.69577, 24.61000
-2.68433, 24.62000
-2.66678, 24.63000
-2.64481, 24.64000
-2.60635, 24.65000
-2.57095, 24.66000
-2.53799, 24.67000
-2.50153, 24.68000
-2.47894, 24.69000
-2.46155, 24.70000
-2.44370, 24.71000
-2.43484, 24.72000
-2.43179, 24.73000
-2.43256, 24.74000
-2.43607, 24.75000
-2.44537, 24.76000
-2.45438, 24.77000
-2.46216, 24.78000
-2.46658, 24.79000
-2.46902, 24.80000
-2.46246, 24.81000
-2.44736, 24.82000
-2.42264, 24.83000
-2.40173, 24.84000
-2.36542, 24.85000
-2.34497, 24.86000
-2.33063, 24.87000
-2.32010, 24.88000
-2.31613, 24.89000
-2.31766, 24.90000
-2.32452, 24.91000
-2.33856, 24.92000
-2.35321, 24.93000
-2.37534, 24.94000
-2.39853, 24.95000
-2.41257, 24.96000
-2.42035, 24.97000
-2.42249, 24.98000
-2.41882, 24.99000
-2.41226, 25.00000
-2.40234, 25.01000
-2.38983, 25.02000
-2.37747, 25.03000
-2.36542, 25.04000
-2.35062, 25.05000
-2.34375, 25.06000
-2.34344, 25.07000
-2.34955, 25.08000
-2.35962, 25.09000
-2.37427, 25.10000
-2.40295, 25.11000
-2.42264, 25.12000
-2.45163, 25.13000
-2.47299, 25.14000
-2.49298, 25.15000
-2.51007, 25.16000
-2.52014, 25.17000
-2.51999, 25.18000
-2.51389, 25.19000
-2.50748, 25.20000
-2.49786, 25.21000
-2.49039, 25.22000
-2.48703, 25.23000
-2.49115, 25.24000
-2.50305, 25.25000
-2.52487, 25.26000
-2.55081, 25.27000
-2.57446, 25.28000
-2.60452, 25.29000
-2.63809, 25.30000
-2.67365, 25.31000
-2.69760, 25.32000
-2.71729, 25.33000
-2.73331, 25.34000
-2.73972, 25.35000
-2.74231, 25.36000
-2.74170, 25.37000
-2.73895, 25.38000
-2.73651, 25.39000
-2.73682, 25.40000
-2.74216, 25.41000
-2.75711, 25.42000
-2.77618, 25.43000
-2.80106, 25.44000
-2.83173, 25.45000
-2.86774, 25.46000
-2.90527, 25.47000
-2.93747, 25.48000
-2.97089, 25.49000
-3.02078, 25.50000
-3.04276, 25.51000
-3.05939, 25.52000
-3.07053, 25.53000
-3.07587, 25.54000
-3.07968, 25.55000
-3.08212, 25.56000
-3.08716, 25.57000
-3.09616, 25.58000
-3.11050, 25.59000
-3.12683, 25.60000
-3.16040, 25.61000
-3.19260, 25.62000
-3.22372, 25.63000
-3.26157, 25.64000
-3.29819, 25.65000
-3.33771, 25.66000
-3.36960, 25.67000
-3.40439, 25.68000
-3.44315, 25.69000
-3.47549, 25.70000
-3.49304, 25.71000
-3.50479, 25.72000
-3.51181, 25.73000
-3.51852, 25.74000
-3.52661, 25.75000
-3.53775, 25.76000
-3.55164, 25.77000
-3.57651, 25.78000
-3.60092, 25.79000
-3.62701, 25.80000
-3.66364, 25.81000
-3.73718, 25.82000
-3.79379, 25.83000
-3.83820, 25.84000
-3.87268, 25.85000
-3.92975, 25.86000
-3.96576, 25.87000
-3.99216, 25.88000
-4.01138, 25.89000
-4.02588, 25.90000
-4.03641, 25.91000
-4.04541, 25.92000
-4.05899, 25.93000
-4.07288, 25.94000
-4.09805, 25.95000
-4.12048, 25.96000
-4.15298, 25.97000
-4.18427, 25.98000
-4.23615, 25.99000
-4.27750, 26.00000
-4.34113, 26.01000
-4.42566, 26.02000
-4.47678, 26.03000
-4.51401, 26.04000
-4.55627, 26.05000
-4.58237, 26.06000
-4.60251, 26.07000
-4.61838, 26.08000
-4.63882, 26.09000
-4.65424, 26.10000
-4.66843, 26.11000
-4.68369, 26.12000
-4.70596, 26.13000
-4.72824, 26.14000
-4.79553, 26.15000
-4.84695, 26.16000
-4.92599, 26.17000
-5.00000, 26.18000
-5.00000, 26.19000
-5.00000, 26.20000
-5.00000, 26.21000
-5.00000, 26.22000
-5.00000, 26.23000
-5.00000, 26.24000
-5.00000, 26.25000
-5.00000, 26.26000
-5.00000, 26.27000
-5.00000, 26.28000
-5.00000, 26.29000
-5.00000, 26.30000
-5.00000, 26.31000
-5.00000, 26.32000
-5.00000, 26.33000
-5.00000, 26.34000
-5.00000, 26.35000
-5.00000, 26.36000
-5.00000, 26.37000
-5.00000, 26.38000
-5.00000, 26.39000
-5.00000, 26.40000
-5.00000, 26.41000
-5.00000, 26.42000
-5.00000, 26.43000
-5.00000, 26.44000
-5.00000, 26.45000
-5.00000, 26.46000
-5.00000, 26.47000
-5.00000, 26.48000
-5.00000, 26.49000
-5.00000, 26.50000
-5.00000, 26.51000
-5.00000, 26.52000
-5.00000, 26.53000
-5.00000, 26.54000
-5.00000, 26.55000
-5.00000, 26.56000
-5.00000, 26.57000
-5.00000, 26.58000
-5.00000, 26.59000
-5.00000, 26.60000
-5.00000, 26.61000
-5.00000, 26.62000
-5.00000, 26.63000
-5.00000, 26.64000
-5.00000, 26.65000
-5.00000, 26.66000
-5.00000, 26.67000
-5.00000, 26.68000
-5.00000, 26.69000
-5.00000, 26.70000
-5.00000, 26.71000
-5.00000, 26.72000
-5.00000, 26.73000
-5.00000, 26.74000
-5.00000, 26.75000
-5.00000, 26.76000
-5.00000, 26.77000
-5.00000, 26.78000
-5.00000, 26.79000
-5.00000, 26.80000
-5.00000, 26.81000
-5.00000, 26.82000
-5.00000, 26.83000
-5.00000, 26.84000
-5.00000, 26.85000
-5.00000, 26.86000
-5.00000, 26.87000
-5.00000, 26.88000
-5.00000, 26.89000
-5.00000, 26.90000
-5.00000, 26.91000
-5.00000, 26.92000
-5.00000, 26.93000
-5.00000, 26.94000
-5.00000, 26.95000
-5.00000, 26.96000
-5.00000, 26.97000
-5.00000, 26.98000
-5.00000, 26.99000
-5.00000, 27.00000
-5.00000, 27.01000
-5.00000, 27.02000
-5.00000, 27.03000
-5.00000, 27.04000
-5.00000, 27.05000
-5.00000, 27.06000
-5.00000, 27.07000
-5.00000, 27.08000
-5.00000, 27.09000
-5.00000, 27.10000
-5.00000, 27.11000
-5.00000, 27.12000
-5.00000, 27.13000
-5.00000, 27.14000
-5.00000, 27.15000
-5.00000, 27.16000
-5.00000, 27.17000
-5.00000, 27.18000
-5.00000, 27.19000
-5.00000, 27.20000
-5.00000, 27.21000
-5.00000, 27.22000
-5.00000, 27.23000
-5.00000, 27.24000
-5.00000, 27.25000
-5.00000, 27.26000
-5.00000, 27.27000
-5.00000, 27.28000
-5.00000, 27.29000
-5.00000, 27.30000
-5.00000, 27.31000
-5.00000, 27.32000
-5.00000, 27.33000
-5.00000, 27.34000
-5.00000, 27.35000
-5.00000, 27.36000
-5.00000, 27.37000
-5.00000, 27.38000
-5.00000, 27.39000
-5.00000, 27.40000
-5.00000, 27.41000
-5.00000, 27.42000
-5.00000, 27.43000
-5.00000, 27.44000
-5.00000, 27.45000
-5.00000, 27.46000
-5.00000, 27.47000
-5.00000, 27.48000
-5.00000, 27.49000
-5.00000, 27.50000
-5.00000, 27.51000
-5.00000, 27.52000
-5.00000, 27.53000
-5.00000, 27.54000
-5.00000, 27.55000
-5.00000, 27.56000
-5.00000, 27.57000
-5.00000, 27.58000
-5.00000, 27.59000
-5.00000, 27.60000
-5.00000, 27.61000
-5.00000, 27.62000
-5.00000, 27.63000
-5.00000, 27.64000
-5.00000, 27.65000
-5.00000, 27.66000
-5.00000, 27.67000
-5.00000, 27.68000
-5.00000, 27.69000
-5.00000, 27.70000
-5.00000, 27.71000
-5.00000, 27.72000
-5.00000, 27.73000
-5.00000, 27.74000
-5.00000, 27.75000
-5.00000, 27.76000
-5.00000, 27.77000
-5.00000, 27.78000
-5.00000, 27.79000
-5.00000, 27.80000
-5.00000, 27.81000
-5.00000, 27.82000
-5.00000, 27.83000
-5.00000, 27.84000
-5.00000, 27.85000
-5.00000, 27.86000
-5.00000, 27.87000
-5.00000, 27.88000
-5.00000, 27.89000
-5.00000, 27.90000
-5.00000, 27.91000
-5.00000, 27.92000
-5.00000, 27.93000
-5.00000, 27.94000
-5.00000, 27.95000
-5.00000, 27.96000
-5.00000, 27.97000
-5.00000, 27.98000
-5.00000, 27.99000
-5.00000, 28.00000
-5.00000, 28.01000
-5.00000, 28.02000
-5.00000, 28.03000
-5.00000, 28.04000
-5.00000, 28.05000
-5.00000, 28.06000
-5.00000, 28.07000
-5.00000, 28.08000
-5.00000, 28.09000
-5.00000, 28.10000
-5.00000, 28.11000
-5.00000, 28.12000
-5.00000, 28.13000
-5.00000, 28.14000
-5.00000, 28.15000
-5.00000, 28.16000
-5.00000, 28.17000
-5.00000, 28.18000
-5.00000, 28.19000
-5.00000, 28.20000
-5.00000, 28.21000
-5.00000, 28.22000
-5.00000, 28.23000
-5.00000, 28.24000
-5.00000, 28.25000
-5.00000, 28.26000
-5.00000, 28.27000
-5.00000, 28.28000
-5.00000, 28.29000
-5.00000, 28.30000
-5.00000, 28.31000
-5.00000, 28.32000
-5.00000, 28.33000
-5.00000, 28.34000
-5.00000, 28.35000
-5.00000, 28.36000
-5.00000, 28.37000
-5.00000, 28.38000
-5.00000, 28.39000
-5.00000, 28.40000
-5.00000, 28.41000
-5.00000, 28.42000
-5.00000, 28.43000
-5.00000, 28.44000
-5.00000, 28.45000
-5.00000, 28.46000
-5.00000, 28.47000
-5.00000, 28.48000
-5.00000, 28.49000
-5.00000, 28.50000
-5.00000, 28.51000
-5.00000, 28.52000
-5.00000, 28.53000
-5.00000, 28.54000
-5.00000, 28.55000
-5.00000, 28.56000
-5.00000, 28.57000
-5.00000, 28.58000
-5.00000, 28.59000
-5.00000, 28.60000
-5.00000, 28.61000
-5.00000, 28.62000
-5.00000, 28.63000
-5.00000, 28.64000
-5.00000, 28.65000
-5.00000, 28.66000
-5.00000, 28.67000
-5.00000, 28.68000
-5.00000, 28.69000
-5.00000, 28.70000
-5.00000, 28.71000
-5.00000, 28.72000
-5.00000, 28.73000
-5.00000, 28.74000
-5.00000, 28.75000
-5.00000, 28.76000
-5.00000, 28.77000
-5.00000, 28.78000
-5.00000, 28.79000
-5.00000, 28.80000
-5.00000, 28.81000
-5.00000, 28.82000
-5.00000, 28.83000
-5.00000, 28.84000
-5.00000, 28.85000
-5.00000, 28.86000
-5.00000, 28.87000
-5.00000, 28.88000
-5.00000, 28.89000
-5.00000, 28.90000
-5.00000, 28.91000
-5.00000, 28.92000
-5.00000, 28.93000
-5.00000, 28.94000
-5.00000, 28.95000
-5.00000, 28.96000
-5.00000, 28.97000
-5.00000, 28.98000
-5.00000, 28.99000
-5.00000, 29.00000
-5.00000, 29.01000
-5.00000, 29.02000
-5.00000, 29.03000
-5.00000, 29.04000
-5.00000, 29.05000
-5.00000, 29.06000
-5.00000, 29.07000
-5.00000, 29.08000
-5.00000, 29.09000
-5.00000, 29.10000
-5.00000, 29.11000
-5.00000, 29.12000
-5.00000, 29.13000
-5.00000, 29.14000
-5.00000, 29.15000
-5.00000, 29.16000
-5.00000, 29.17000
-5.00000, 29.18000
-5.00000, 29.19000
-5.00000, 29.20000
-5.00000, 29.21000
-5.00000, 29.22000
-5.00000, 29.23000
-5.00000, 29.24000
-5.00000, 29.25000
-5.00000, 29.26000
-5.00000, 29.27000
-5.00000, 29.28000
-5.00000, 29.29000
-5.00000, 29.30000
-5.00000, 29.31000
-5.00000, 29.32000
-5.00000, 29.33000
-5.00000, 29.34000
-5.00000, 29.35000
-5.00000, 29.36000
-5.00000, 29.37000
-5.00000, 29.38000
-5.00000, 29.39000
-5.00000, 29.40000
-5.00000, 29.41000
-5.00000, 29.42000
-5.00000, 29.43000
-5.00000, 29.44000
-5.00000, 29.45000
-5.00000, 29.46000
-5.00000, 29.47000
-5.00000, 29.48000
-5.00000, 29.49000
-5.00000, 29.50000
-5.00000, 29.51000
-5.00000, 29.52000
-5.00000, 29.53000
-5.00000, 29.54000
-5.00000, 29.55000
-5.00000, 29.56000
-5.00000, 29.57000
-5.00000, 29.58000
-5.00000, 29.59000
-5.00000, 29.60000
-5.00000, 29.61000
-5.00000, 29.62000
-5.00000, 29.63000
-5.00000, 29.64000
-5.00000, 29.65000
-5.00000, 29.66000
-5.00000, 29.67000
-5.00000, 29.68000
-4.96201, 29.69000
-4.92355, 29.70000
-4.89197, 29.71000
-4.85748, 29.72000
-4.84695, 29.73000
-4.84299, 29.74000
-4.84100, 29.75000
-4.84024, 29.76000
-4.83826, 29.77000
-4.83521, 29.78000
-4.82864, 29.79000
-4.81293, 29.80000
-4.79675, 29.81000
-4.77585, 29.82000
-4.73114, 29.83000
-4.69620, 29.84000
-4.66812, 29.85000
-4.63913, 29.86000
-4.61792, 29.87000
-4.59641, 29.88000
-4.58588, 29.89000
-4.58450, 29.90000
-4.58710, 29.91000
-4.59579, 29.92000
-4.60480, 29.93000
-4.61548, 29.94000
-4.62509, 29.95000
-4.63318, 29.96000
-4.63852, 29.97000
-4.63943, 29.98000
-4.63074, 29.99000
-4.61960, 30.00000
-4.60678, 30.01000
-4.59137, 30.02000
-4.57520, 30.03000
-4.55963, 30.04000
-4.53384, 30.05000
-4.52271, 30.06000
-4.52026, 30.07000
-4.52469, 30.08000
-4.53476, 30.09000
-4.55246, 30.10000
-4.57855, 30.11000
-4.60480, 30.12000
-4.65027, 30.13000
-4.66660, 30.14000
-4.67651, 30.15000
-4.67651, 30.16000
-4.67209, 30.17000
-4.66171, 30.18000
-4.65363, 30.19000
-4.64798, 30.20000
-4.64462, 30.21000
-4.64584, 30.22000
-4.65317, 30.23000
-4.66812, 30.24000
-4.69727, 30.25000
-4.72839, 30.26000
-4.77829, 30.27000
-4.82269, 30.28000
-4.85016, 30.29000
-4.87778, 30.30000
-4.90280, 30.31000
-4.91943, 30.32000
-4.92950, 30.33000
-4.93393, 30.34000
-4.93500, 30.35000
-4.93607, 30.36000
-4.94171, 30.37000
-4.95056, 30.38000
-4.96140, 30.39000
-4.99023, 30.40000
-5.00000, 30.41000
-5.00000, 30.42000
-5.00000, 30.43000
-5.00000, 30.44000
-5.00000, 30.45000
-5.00000, 30.46000
-5.00000, 30.47000
-5.00000, 30.48000
-5.00000, 30.49000
-5.00000, 30.50000
-5.00000, 30.51000
-5.00000, 30.52000
-5.00000, 30.53000
-5.00000, 30.54000
-5.00000, 30.55000
-5.00000, 30.56000
-5.00000, 30.57000
-5.00000, 30.58000
-5.00000, 30.59000
-5.00000, 30.60000
-5.00000, 30.61000
-5.00000, 30.62000
-5.00000, 30.63000
-5.00000, 30.64000
-5.00000, 30.65000
-5.00000, 30.66000
-5.00000, 30.67000
-5.00000, 30.68000
-5.00000, 30.69000
-5.00000, 30.70000
-5.00000, 30.71000
-5.00000, 30.72000
-5.00000, 30.73000
-5.00000, 30.74000
-5.00000, 30.75000
-5.00000, 30.76000
-5.00000, 30.77000
-5.00000, 30.78000
-5.00000, 30.79000
-5.00000, 30.80000
-5.00000, 30.81000
-5.00000, 30.82000
-5.00000, 30.83000
-5.00000, 30.84000
-5.00000, 30.85000
-5.00000, 30.86000
-5.00000, 30.87000
-5.00000, 30.88000
-5.00000, 30.89000
-5.00000, 30.90000
-5.00000, 30.91000
-5.00000, 30.92000
-5.00000, 30.93000
-5.00000, 30.94000
-5.00000, 30.95000
-5.00000, 30.96000
-5.00000, 30.97000
-5.00000, 30.98000
-5.00000, 30.99000
-5.00000, 31.00000
-5.00000, 31.01000
-5.00000, 31.02000
-5.00000, 31.03000
-5.00000, 31.04000
-5.00000, 31.05000
-5.00000, 31.06000
-5.00000, 31.07000
-5.00000, 31.08000
-5.00000, 31.09000
-5.00000, 31.10000
-5.00000, 31.11000
-5.00000, 31.12000
-5.00000, 31.13000
-5.00000, 31.14000
-5.00000, 31.15000
-5.00000, 31.16000
-5.00000, 31.17000
-5.00000, 31.18000
-5.00000, 31.19000
-5.00000, 31.20000
-5.00000, 31.21000
-5.00000, 31.22000
-5.00000, 31.23000
-5.00000, 31.24000
-5.00000, 31.25000
-5.00000, 31.26000
-5.00000, 31.27000
-5.00000, 31.28000
-5.00000, 31.29000
-5.00000, 31.30000
-5.00000, 31.31000
-5.00000, 31.32000
-5.00000, 31.33000
-5.00000, 31.34000
-5.00000, 31.35000
-5.00000, 31.36000
-5.00000, 31.37000
-5.00000, 31.38000
-5.00000, 31.39000
-5.00000, 31.40000
-5.00000, 31.41000
-5.00000, 31.42000
-5.00000, 31.43000
-5.00000, 31.44000
-5.00000, 31.45000
-5.00000, 31.46000
-5.00000, 31.47000
-5.00000, 31.48000
-5.00000, 31.49000
-5.00000, 31.50000
-5.00000, 31.51000
-5.00000, 31.52000
-5.00000, 31.53000
-5.00000, 31.54000
-5.00000, 31.55000
-5.00000, 31.56000
-5.00000, 31.57000
-5.00000, 31.58000
-5.00000, 31.59000
-5.00000, 31.60000
-5.00000, 31.61000
-5.00000, 31.62000
-5.00000, 31.63000
-5.00000, 31.64000
-5.00000, 31.65000
-5.00000, 31.66000
-5.00000, 31.67000
-5.00000, 31.68000
-5.00000, 31.69000
-5.00000, 31.70000
-5.00000, 31.71000
-5.00000, 31.72000
-5.00000, 31.73000
-5.00000, 31.74000
-5.00000, 31.75000
-5.00000, 31.76000
-5.00000, 31.77000
-5.00000, 31.78000
-5.00000, 31.79000
-5.00000, 31.80000
-5.00000, 31.81000
-5.00000, 31.82000
-5.00000, 31.83000
-5.00000, 31.84000
-5.00000, 31.85000
-5.00000, 31.86000
-5.00000, 31.87000
-5.00000, 31.88000
-5.00000, 31.89000
-5.00000, 31.90000
-5.00000, 31.91000
-5.00000, 31.92000
-5.00000, 31.93000
-5.00000, 31.94000
-5.00000, 31.95000
-5.00000, 31.96000
-5.00000, 31.97000
-5.00000, 31.98000
-5.00000, 31.99000
-5.00000, 32.00000
-5.00000, 32.01000
-5.00000, 32.02000
-5.00000, 32.03000
-5.00000, 32.04000
-5.00000, 32.05000
-5.00000, 32.06000
-5.00000, 32.07000
-5.00000, 32.08000
-5.00000, 32.09000
-5.00000, 32.10000
-5.00000, 32.11000
-5.00000, 32.12000
-5.00000, 32.13000
-5.00000, 32.14000
-5.00000, 32.15000
-5.00000, 32.16000
-5.00000, 32.17000
-5.00000, 32.18000
-5.00000, 32.19000
-5.00000, 32.20000
-5.00000, 32.21000
-5.00000, 32.22000
-5.00000, 32.23000
-5.00000, 32.24000
-5.00000, 32.25000
-5.00000, 32.26000
-5.00000, 32.27000
-5.00000, 32.28000
-5.00000, 32.29000
-5.00000, 32.30000
-5.00000, 32.31000
-5.00000, 32.32000
-5.00000, 32.33000
-5.00000, 32.34000
-5.00000, 32.35000
-5.00000, 32.36000
-5.00000, 32.37000
-5.00000, 32.38000
-5.00000, 32.39000
-5.00000, 32.40000
-5.00000, 32.41000
-5.00000, 32.42000
-5.00000, 32.43000
-5.00000, 32.44000
-5.00000, 32.45000
-5.00000, 32.46000
-5.00000, 32.47000
-5.00000, 32.48000
-5.00000, 32.49000
-5.00000, 32.50000
-5.00000, 32.51000
-5.00000, 32.52000
-5.00000, 32.53000
-5.00000, 32.54000
-5.00000, 32.55000
-5.00000, 32.56000
-5.00000, 32.57000
-5.00000, 32.58000
-5.00000, 32.59000
-5.00000, 32.60000
-5.00000, 32.61000
-5.00000, 32.62000
-5.00000, 32.63000
-5.00000, 32.64000
-5.00000, 32.65000
-5.00000, 32.66000
-5.00000, 32.67000
-5.00000, 32.68000
-5.00000, 32.69000
-5.00000, 32.70000
-5.00000, 32.71000
-5.00000, 32.72000
-5.00000, 32.73000
-5.00000, 32.74000
-5.00000, 32.75000
-5.00000, 32.76000
-5.00000, 32.77000
-5.00000, 32.78000
-5.00000, 32.79000
-5.00000, 32.80000
-5.00000, 32.81000
-5.00000, 32.82000
-5.00000, 32.83000
-5.00000, 32.84000
-5.00000, 32.85000
-5.00000, 32.86000
-5.00000, 32.87000
-5.00000, 32.88000
-5.00000, 32.89000
-5.00000, 32.90000
-5.00000, 32.91000
-5.00000, 32.92000
-5.00000, 32.93000
-5.00000, 32.94000
-5.00000, 32.95000
-5.00000, 32.96000
-5.00000, 32.97000
-5.00000, 32.98000
-5.00000, 32.99000
-5.00000, 33.00000
-5.00000, 33.01000
-5.00000, 33.02000
-5.00000, 33.03000
-5.00000, 33.04000
-5.00000, 33.05000
-5.00000, 33.06000
-5.00000, 33.07000
-5.00000, 33.08000
-5.00000, 33.09000
-5.00000, 33.10000
-5.00000, 33.11000
-5.00000, 33.12000
-5.00000, 33.13000
-5.00000, 33.14000
-5.00000, 33.15000
-5.00000, 33.16000
-5.00000, 33.17000
-5.00000, 33.18000
-5.00000, 33.19000
-5.00000, 33.20000
-5.00000, 33.21000
-5.00000, 33.22000
-5.00000, 33.23000
-5.00000, 33.24000
-5.00000, 33.25000
-5.00000, 33.26000
-5.00000, 33.27000
-5.00000, 33.28000
-5.00000, 33.29000
-5.00000, 33.30000
-5.00000, 33.31000
-5.00000, 33.32000
-5.00000, 33.33000
-5.00000, 33.34000
-5.00000, 33.35000
-5.00000, 33.36000
-5.00000, 33.37000
-5.00000, 33.38000
-5.00000, 33.39000
-5.00000, 33.40000
-5.00000, 33.41000
-5.00000, 33.42000
-5.00000, 33.43000
-5.00000, 33.44000
-5.00000, 33.45000
-5.00000, 33.46000
-5.00000, 33.47000
-5.00000, 33.48000
-5.00000, 33.49000
-5.00000, 33.50000
-5.00000, 33.51000
-5.00000, 33.52000
-5.00000, 33.53000
-5.00000, 33.54000
-5.00000, 33.55000
-5.00000, 33.56000
-5.00000, 33.57000
-5.00000, 33.58000
-5.00000, 33.59000
-5.00000, 33.60000
-5.00000, 33.61000
-5.00000, 33.62000
-5.00000, 33.63000
-5.00000, 33.64000
-5.00000, 33.65000
-5.00000, 33.66000
-5.00000, 33.67000
-5.00000, 33.68000
-5.00000, 33.69000
-5.00000, 33.70000
-5.00000, 33.71000
-5.00000, 33.72000
-5.00000, 33.73000
-5.00000, 33.74000
-5.00000, 33.75000
-5.00000, 33.76000
-5.00000, 33.77000
-5.00000, 33.78000
-5.00000, 33.79000
-5.00000, 33.80000
-5.00000, 33.81000
-5.00000, 33.82000
-5.00000, 33.83000
-5.00000, 33.84000
-5.00000, 33.85000
-5.00000, 33.86000
-5.00000, 33.87000
-5.00000, 33.88000
-5.00000, 33.89000
-5.00000, 33.90000
-5.00000, 33.91000
-5.00000, 33.92000
-5.00000, 33.93000
-5.00000, 33.94000
-5.00000, 33.95000
-5.00000, 33.96000
-5.00000, 33.97000
-5.00000, 33.98000
-5.00000, 33.99000
-5.00000, 34.00000
-5.00000, 34.01000
-5.00000, 34.02000
-5.00000, 34.03000
-5.00000, 34.04000
-5.00000, 34.05000
-5.00000, 34.06000
-5.00000, 34.07000
-5.00000, 34.08000
-5.00000, 34.09000
-5.00000, 34.10000
-5.00000, 34.11000
-5.00000, 34.12000
-5.00000, 34.13000
-5.00000, 34.14000
-5.00000, 34.15000
-5.00000, 34.16000
-5.00000, 34.17000
-5.00000, 34.18000
-5.00000, 34.19000
-5.00000, 34.20000
-5.00000, 34.21000
-5.00000, 34.22000
-5.00000, 34.23000
-5.00000, 34.24000
-5.00000, 34.25000
-5.00000, 34.26000
-5.00000, 34.27000
-5.00000, 34.28000
-5.00000, 34.29000
-5.00000, 34.30000
-5.00000, 34.31000
-5.00000, 34.32000
-5.00000, 34.33000
-5.00000, 34.34000
-5.00000, 34.35000
-5.00000, 34.36000
-5.00000, 34.37000
-5.00000, 34.38000
-5.00000, 34.39000
-5.00000, 34.40000
-5.00000, 34.41000
-5.00000, 34.42000
-5.00000, 34.43000
-5.00000, 34.44000
-5.00000, 34.45000
-5.00000, 34.46000
-5.00000, 34.47000
-5.00000, 34.48000
-5.00000, 34.49000
-5.00000, 34.50000
-5.00000, 34.51000
-5.00000, 34.52000
-5.00000, 34.53000
-5.00000, 34.54000
-5.00000, 34.55000
-5.00000, 34.56000
-5.00000, 34.57000
-5.00000, 34.58000
-5.00000, 34.59000
-5.00000, 34.60000
-5.00000, 34.61000
-5.00000, 34.62000
-5.00000, 34.63000
-5.00000, 34.64000
-5.00000, 34.65000
-5.00000, 34.66000
-5.00000, 34.67000
-5.00000, 34.68000
-5.00000, 34.69000
-5.00000, 34.70000
-5.00000, 34.71000
-5.00000, 34.72000
-5.00000, 34.73000
-5.00000, 34.74000
-5.00000, 34.75000
-5.00000, 34.76000
-5.00000, 34.77000
-5.00000, 34.78000
-5.00000, 34.79000
-5.00000, 34.80000
-5.00000, 34.81000
-5.00000, 34.82000
-5.00000, 34.83000
-5.00000, 34.84000
-5.00000, 34.85000
-5.00000, 34.86000
-5.00000, 34.87000
-5.00000, 34.88000
-5.00000, 34.89000
-5.00000, 34.90000
-5.00000, 34.91000
-5.00000, 34.92000
-5.00000, 34.93000
-5.00000, 34.94000
-5.00000, 34.95000
-5.00000, 34.96000
-5.00000, 34.97000
-5.00000, 34.98000
-5.00000, 34.99000
-5.00000, 35.00000
-5.00000, 35.01000
-5.00000, 35.02000
-5.00000, 35.03000
-5.00000, 35.04000
-5.00000, 35.05000
-5.00000, 35.06000
-5.00000, 35.07000
-5.00000, 35.08000
-5.00000, 35.09000
-5.00000, 35.10000
-5.00000, 35.11000
-5.00000, 35.12000
-5.00000, 35.13000
-5.00000, 35.14000
-5.00000, 35.15000
-5.00000, 35.16000
-5.00000, 35.17000
-5.00000, 35.18000
-5.00000, 35.19000
-5.00000, 35.20000
-5.00000, 35.21000
-5.00000, 35.22000
-5.00000, 35.23000
-5.00000, 35.24000
-5.00000, 35.25000
-5.00000, 35.26000
-5.00000, 35.27000
-5.00000, 35.28000
-5.00000, 35.29000
-5.00000, 35.30000
-5.00000, 35.31000
-5.00000, 35.32000
-5.00000, 35.33000
-5.00000, 35.34000
-5.00000, 35.35000
-5.00000, 35.36000
-5.00000, 35.37000
-5.00000, 35.38000
-5.00000, 35.39000
-5.00000, 35.40000
-5.00000, 35.41000
-5.00000, 35.42000
-5.00000, 35.43000
-5.00000, 35.44000
-5.00000, 35.45000
-5.00000, 35.46000
-5.00000, 35.47000
-5.00000, 35.48000
-5.00000, 35.49000
-5.00000, 35.50000
-5.00000, 35.51000
-5.00000, 35.52000
-5.00000, 35.53000
-5.00000, 35.54000
-5.00000, 35.55000
-5.00000, 35.56000
-5.00000, 35.57000
-5.00000, 35.58000
-5.00000, 35.59000
-5.00000, 35.60000
-5.00000, 35.61000
-5.00000, 35.62000
-5.00000, 35.63000
-5.00000, 35.64000
-5.00000, 35.65000
-5.00000, 35.66000
-5.00000, 35.67000
-5.00000, 35.68000
-5.00000, 35.69000
-5.00000, 35.70000
-5.00000, 35.71000
-5.00000, 35.72000
-5.00000, 35.73000
-5.00000, 35.74000
-5.00000, 35.75000
-5.00000, 35.76000
-5.00000, 35.77000
-5.00000, 35.78000
-5.00000, 35.79000
-5.00000, 35.80000
-5.00000, 35.81000
-5.00000, 35.82000
-5.00000, 35.83000
-5.00000, 35.84000
-5.00000, 35.85000
-5.00000, 35.86000
-5.00000, 35.87000
-5.00000, 35.88000
-5.00000, 35.89000
-5.00000, 35.90000
-5.00000, 35.91000
-5.00000, 35.92000
-5.00000, 35.93000
-5.00000, 35.94000
-5.00000, 35.95000
-5.00000, 35.96000
-5.00000, 35.97000
-5.00000, 35.98000
-5.00000, 35.99000
-5.00000, 36.00000
-5.00000, 36.01000
-5.00000, 36.02000
-5.00000, 36.03000
-5.00000, 36.04000
-5.00000, 36.05000
-5.00000, 36.06000
-5.00000, 36.07000
-5.00000, 36.08000
-5.00000, 36.09000
-5.00000, 36.10000
-5.00000, 36.11000
-5.00000, 36.12000
-5.00000, 36.13000
-5.00000, 36.14000
-5.00000, 36.15000
-5.00000, 36.16000
-5.00000, 36.17000
-5.00000, 36.18000
-5.00000, 36.19000
-5.00000, 36.20000
-5.00000, 36.21000
-5.00000, 36.22000
-5.00000, 36.23000
-5.00000, 36.24000
-5.00000, 36.25000
-5.00000, 36.26000
-5.00000, 36.27000
-5.00000, 36.28000
-5.00000, 36.29000
-5.00000, 36.30000
-5.00000, 36.31000
-5.00000, 36.32000
-5.00000, 36.33000
-5.00000, 36.34000
-5.00000, 36.35000
-5.00000, 36.36000
-5.00000, 36.37000
-5.00000, 36.38000
-5.00000, 36.39000
-5.00000, 36.40000
-5.00000, 36.41000
-5.00000, 36.42000
-5.00000, 36.43000
-5.00000, 36.44000
-5.00000, 36.45000
-5.00000, 36.46000
-5.00000, 36.47000
-5.00000, 36.48000
-5.00000, 36.49000
-5.00000, 36.50000
-5.00000, 36.51000
-5.00000, 36.52000
-5.00000, 36.53000
-5.00000, 36.54000
-5.00000, 36.55000
-5.00000, 36.56000
-5.00000, 36.57000
-5.00000, 36.58000
-5.00000, 36.59000
-5.00000, 36.60000
-5.00000, 36.61000
-5.00000, 36.62000
-5.00000, 36.63000
-5.00000, 36.64000
-5.00000, 36.65000
-5.00000, 36.66000
-5.00000, 36.67000
-5.00000, 36.68000
-5.00000, 36.69000
-5.00000, 36.70000
-5.00000, 36.71000
-5.00000, 36.72000
-5.00000, 36.73000
-5.00000, 36.74000
-5.00000, 36.75000
-5.00000, 36.76000
-5.00000, 36.77000
-5.00000, 36.78000
-5.00000, 36.79000
-5.00000, 36.80000
-5.00000, 36.81000
-5.00000, 36.82000
-5.00000, 36.83000
-5.00000, 36.84000
-5.00000, 36.85000
-5.00000, 36.86000
-5.00000, 36.87000
-5.00000, 36.88000
-5.00000, 36.89000
-5.00000, 36.90000
-5.00000, 36.91000
-5.00000, 36.92000
-5.00000, 36.93000
-5.00000, 36.94000
-5.00000, 36.95000
-5.00000, 36.96000
-5.00000, 36.97000
-5.00000, 36.98000
-5.00000, 36.99000
-5.00000, 37.00000
-5.00000, 37.01000
-5.00000, 37.02000
-5.00000, 37.03000
-5.00000, 37.04000
-5.00000, 37.05000
-5.00000, 37.06000
-5.00000, 37.07000
-5.00000, 37.08000
-5.00000, 37.09000
-5.00000, 37.10000
-5.00000, 37.11000
-5.00000, 37.12000
-5.00000, 37.13000
-5.00000, 37.14000
-5.00000, 37.15000
-5.00000, 37.16000
-5.00000, 37.17000
-5.00000, 37.18000
-5.00000, 37.19000
-5.00000, 37.20000
-5.00000, 37.21000
-5.00000, 37.22000
-5.00000, 37.23000
-5.00000, 37.24000
-5.00000, 37.25000
-5.00000, 37.26000
-5.00000, 37.27000
-5.00000, 37.28000
-5.00000, 37.29000
-5.00000, 37.30000
-5.00000, 37.31000
-5.00000, 37.32000
-5.00000, 37.33000
-5.00000, 37.34000
-5.00000, 37.35000
-5.00000, 37.36000
-5.00000, 37.37000
-5.00000, 37.38000
-5.00000, 37.39000
-5.00000, 37.40000
-5.00000, 37.41000
-5.00000, 37.42000
-5.00000, 37.43000
-5.00000, 37.44000
-5.00000, 37.45000
-5.00000, 37.46000
-5.00000, 37.47000
-5.00000, 37.48000
-5.00000, 37.49000
-5.00000, 37.50000
-5.00000, 37.51000
-5.00000, 37.52000
-5.00000, 37.53000
-5.00000, 37.54000
-5.00000, 37.55000
-5.00000, 37.56000
-5.00000, 37.57000
-5.00000, 37.58000
-5.00000, 37.59000
-5.00000, 37.60000
-5.00000, 37.61000
-5.00000, 37.62000
-5.00000, 37.63000
-5.00000, 37.64000
-5.00000, 37.65000
-5.00000, 37.66000
-5.00000, 37.67000
-5.00000, 37.68000
-5.00000, 37.69000
-5.00000, 37.70000
-5.00000, 37.71000
-5.00000, 37.72000
-5.00000, 37.73000
-5.00000, 37.74000
-5.00000, 37.75000
-5.00000, 37.76000
-5.00000, 37.77000
-5.00000, 37.78000
-5.00000, 37.79000
-5.00000, 37.80000
-5.00000, 37.81000
-5.00000, 37.82000
-5.00000, 37.83000
-5.00000, 37.84000
-5.00000, 37.85000
-5.00000, 37.86000
-5.00000, 37.87000
-5.00000, 37.88000
-5.00000, 37.89000
-5.00000, 37.90000
-5.00000, 37.91000
-5.00000, 37.92000
-5.00000, 37.93000
-5.00000, 37.94000
-5.00000, 37.95000
-5.00000, 37.96000
-5.00000, 37.97000
-5.00000, 37.98000
-5.00000, 37.99000
-5.00000, 38.00000
-5.00000, 38.01000
-5.00000, 38.02000
-5.00000, 38.03000
-5.00000, 38.04000
-5.00000, 38.05000
-5.00000, 38.06000
-5.00000, 38.07000
-5.00000, 38.08000
-5.00000, 38.09000
-5.00000, 38.10000
-5.00000, 38.11000
-5.00000, 38.12000
-5.00000, 38.13000
-5.00000, 38.14000
-5.00000, 38.15000
-5.00000, 38.16000
-5.00000, 38.17000
-5.00000, 38.18000
-5.00000, 38.19000
-5.00000, 38.20000
-5.00000, 38.21000
-5.00000, 38.22000
-5.00000, 38.23000
-5.00000, 38.24000
-5.00000, 38.25000
-5.00000, 38.26000
-5.00000, 38.27000
-5.00000, 38.28000
-5.00000, 38.29000
-5.00000, 38.30000
-5.00000, 38.31000
-5.00000, 38.32000
-5.00000, 38.33000
-5.00000, 38.34000
-5.00000, 38.35000
-5.00000, 38.36000
-5.00000, 38.37000
-5.00000, 38.38000
-5.00000, 38.39000
-5.00000, 38.40000
-5.00000, 38.41000
-5.00000, 38.42000
-5.00000, 38.43000
-5.00000, 38.44000
-5.00000, 38.45000
-5.00000, 38.46000
-5.00000, 38.47000
-5.00000, 38.48000
-5.00000, 38.49000
-5.00000, 38.50000
-5.00000, 38.51000
-5.00000, 38.52000
-5.00000, 38.53000
-5.00000, 38.54000
-5.00000, 38.55000
-5.00000, 38.56000
-5.00000, 38.57000
-5.00000, 38.58000
-5.00000, 38.59000
-5.00000, 38.60000
-5.00000, 38.61000
-5.00000, 38.62000
-5.00000, 38.63000
-5.00000, 38.64000
-5.00000, 38.65000
-5.00000, 38.66000
-5.00000, 38.67000
-5.00000, 38.68000
-5.00000, 38.69000
-5.00000, 38.70000
-5.00000, 38.71000
-5.00000, 38.72000
-5.00000, 38.73000
-5.00000, 38.74000
-5.00000, 38.75000
-5.00000, 38.76000
-5.00000, 38.77000
-5.00000, 38.78000
-5.00000, 38.79000
-5.00000, 38.80000
-5.00000, 38.81000
-5.00000, 38.82000
-5.00000, 38.83000
-5.00000, 38.84000
-5.00000, 38.85000
-5.00000, 38.86000
-5.00000, 38.87000
-5.00000, 38.88000
-5.00000, 38.89000
-5.00000, 38.90000
-5.00000, 38.91000
-5.00000, 38.92000
-5.00000, 38.93000
-5.00000, 38.94000
-5.00000, 38.95000
-5.00000, 38.96000
-5.00000, 38.97000
-5.00000, 38.98000
-5.00000, 38.99000
-5.00000, 39.00000
-5.00000, 39.01000
-5.00000, 39.02000
-5.00000, 39.03000
-5.00000, 39.04000
-5.00000, 39.05000
-5.00000, 39.06000
-5.00000, 39.07000
-5.00000, 39.08000
-5.00000, 39.09000
-5.00000, 39.10000
-5.00000, 39.11000
-5.00000, 39.12000
-5.00000, 39.13000
-5.00000, 39.14000
-5.00000, 39.15000
-5.00000, 39.16000
-5.00000, 39.17000
-5.00000, 39.18000
-5.00000, 39.19000
-5.00000, 39.20000
-5.00000, 39.21000
-5.00000, 39.22000
-5.00000, 39.23000
-5.00000, 39.24000
-5.00000, 39.25000
-5.00000, 39.26000
-5.00000, 39.27000
-5.00000, 39.28000
-5.00000, 39.29000
-5.00000, 39.30000
-5.00000, 39.31000
-5.00000, 39.32000
-5.00000, 39.33000
-5.00000, 39.34000
-5.00000, 39.35000
-5.00000, 39.36000
-5.00000, 39.37000
-5.00000, 39.38000
-5.00000, 39.39000
-5.00000, 39.40000
-5.00000, 39.41000
-5.00000, 39.42000
-5.00000, 39.43000
-5.00000, 39.44000
-5.00000, 39.45000
-5.00000, 39.46000
-5.00000, 39.47000
-5.00000, 39.48000
-5.00000, 39.49000
-5.00000, 39.50000
-5.00000, 39.51000
-5.00000, 39.52000
-5.00000, 39.53000
-5.00000, 39.54000
-5.00000, 39.55000
-5.00000, 39.56000
-5.00000, 39.57000
-5.00000, 39.58000
-5.00000, 39.59000
-5.00000, 39.60000
-5.00000, 39.61000
-5.00000, 39.62000
-5.00000, 39.63000
-5.00000, 39.64000
-5.00000, 39.65000
-5.00000, 39.66000
-5.00000, 39.67000
-5.00000, 39.68000
-5.00000, 39.69000
-5.00000, 39.70000
-5.00000, 39.71000
-5.00000, 39.72000
-5.00000, 39.73000
-5.00000, 39.74000
-5.00000, 39.75000
-5.00000, 39.76000
-5.00000, 39.77000
-5.00000, 39.78000
-5.00000, 39.79000
-5.00000, 39.80000
-5.00000, 39.81000
-5.00000, 39.82000
-5.00000, 39.83000
-5.00000, 39.84000
-5.00000, 39.85000
-5.00000, 39.86000
-5.00000, 39.87000
-5.00000, 39.88000
-5.00000, 39.89000
-5.00000, 39.90000
-5.00000, 39.91000
-5.00000, 39.92000
-5.00000, 39.93000
-5.00000, 39.94000
-5.00000, 39.95000
-5.00000, 39.96000
-5.00000, 39.97000
-5.00000, 39.98000
-5.00000, 39.99000
-5.00000, 40.00000
