0.02701, 0.01000
-0.11078, 0.02000
0.02762, 0.03000
-0.14069, 0.04000
-0.01236, 0.05000
-0.05310, 0.06000
-0.11566, 0.07000
0.02777, 0.08000
-0.14130, 0.09000
-0.02136, 0.10000
-0.06256, 0.11000
-0.11154, 0.12000
0.02655, 0.13000
-0.14114, 0.14000
-0.02945, 0.15000
-0.06073, 0.16000
-0.11719, 0.17000
0.02579, 0.18000
-0.14175, 0.19000
-0.02151, 0.20000
-0.06256, 0.21000
-0.11368, 0.22000
0.02579, 0.23000
-0.14145, 0.24000
-0.03235, 0.25000
-0.05737, 0.26000
-0.11383, 0.27000
0.02609, 0.28000
-0.14282, 0.29000
-0.02258, 0.30000
-0.06119, 0.31000
-0.11536, 0.32000
0.02457, 0.33000
-0.14191, 0.34000
-0.03265, 0.35000
-0.06073, 0.36000
-0.11566, 0.37000
0.02411, 0.38000
-0.14374, 0.39000
-0.02594, 0.40000
-0.05463, 0.41000
-0.12207, 0.42000
0.02518, 0.43000
-0.14267, 0.44000
-0.02914, 0.45000
-0.06012, 0.46000
-0.12161, 0.47000
0.02289, 0.48000
-0.14465, 0.49000
-0.03265, 0.50000
-0.05478, 0.51000
-0.12207, 0.52000
0.02243, 0.53000
-0.14435, 0.54000
-0.02609, 0.55000
-0.06027, 0.56000
-0.12177, 0.57000
0.02319, 0.58000
-0.14481, 0.59000
-0.02243, 0.60000
-0.05142, 0.61000
-0.12085, 0.62000
0.02136, 0.63000
-0.14481, 0.64000
-0.02899, 0.65000
-0.04684, 0.66000
-0.12192, 0.67000
0.02090, 0.68000
-0.14526, 0.69000
-0.02274, 0.70000
-0.05859, 0.71000
-0.12527, 0.72000
0.02090, 0.73000
-0.14740, 0.74000
-0.03662, 0.75000
-0.05783, 0.76000
-0.12497, 0.77000
0.01938, 0.78000
-0.14572, 0.79000
-0.03159, 0.80000
-0.06104, 0.81000
-0.12650, 0.82000
0.01984, 0.83000
-0.14664, 0.84000
-0.03494, 0.85000
-0.06287, 0.86000
-0.12253, 0.87000
0.01984, 0.88000
-0.14786, 0.89000
-0.03723, 0.90000
-0.06088, 0.91000
-0.12695, 0.92000
0.01938, 0.93000
-0.14893, 0.94000
-0.03693, 0.95000
-0.05157, 0.96000
-0.12787, 0.97000
0.01755, 0.98000
-0.14877, 0.99000
-0.03113, 1.00000
-0.06210, 1.01000
-0.12817, 1.02000
0.01831, 1.03000
-0.14801, 1.04000
-0.03967, 1.05000
-0.05417, 1.06000
-0.12970, 1.07000
0.01831, 1.08000
-0.14969, 1.09000
-0.03235, 1.10000
-0.06317, 1.11000
-0.13046, 1.12000
0.01663, 1.13000
-0.15091, 1.14000
-0.03265, 1.15000
-0.05615, 1.16000
-0.12909, 1.17000
0.01663, 1.18000
-0.15076, 1.19000
-0.04028, 1.20000
-0.05875, 1.21000
-0.12695, 1.22000
0.01617, 1.23000
-0.15106, 1.24000
-0.04868, 1.25000
-0.05402, 1.26000
-0.13138, 1.27000
0.01541, 1.28000
-0.15228, 1.29000
-0.03632, 1.30000
-0.05539, 1.31000
-0.13229, 1.32000
0.01526, 1.33000
-0.15213, 1.34000
-0.04395, 1.35000
-0.05875, 1.36000
-0.13367, 1.37000
0.01343, 1.38000
-0.15213, 1.39000
-0.03845, 1.40000
-0.05478, 1.41000
-0.13077, 1.42000
0.01358, 1.43000
-0.15274, 1.44000
-0.04852, 1.45000
-0.06332, 1.46000
-0.13153, 1.47000
0.00977, 1.48000
-0.15442, 1.49000
-0.04074, 1.50000
-0.05646, 1.51000
-0.13550, 1.52000
0.01160, 1.53000
-0.15427, 1.54000
-0.04837, 1.55000
-0.05569, 1.56000
-0.13397, 1.57000
0.01205, 1.58000
-0.15411, 1.59000
-0.04318, 1.60000
-0.06393, 1.61000
-0.13901, 1.62000
0.01129, 1.63000
-0.15656, 1.64000
-0.04379, 1.65000
-0.05615, 1.66000
-0.14008, 1.67000
0.01144, 1.68000
-0.15457, 1.69000
-0.04532, 1.70000
-0.06180, 1.71000
-0.14114, 1.72000
0.00977, 1.73000
-0.15610, 1.74000
-0.05280, 1.75000
-0.06409, 1.76000
-0.14267, 1.77000
0.01022, 1.78000
-0.15793, 1.79000
-0.05402, 1.80000
-0.05386, 1.81000
-0.13748, 1.82000
0.00778, 1.83000
-0.15823, 1.84000
-0.04929, 1.85000
-0.06531, 1.86000
-0.14313, 1.87000
0.00854, 1.88000
-0.15884, 1.89000
-0.05661, 1.90000
-0.05890, 1.91000
-0.14572, 1.92000
0.00732, 1.93000
-0.15732, 1.94000
-0.05356, 1.95000
-0.06546, 1.96000
-0.14359, 1.97000
0.00580, 1.98000
-0.16022, 1.99000
-0.05905, 2.00000
-0.05829, 2.01000
-0.15411, 2.02000
0.00534, 2.03000
-0.15930, 2.04000
-0.05966, 2.05000
-0.06226, 2.06000
-0.14160, 2.07000
0.00870, 2.08000
-0.15671, 2.09000
-0.05142, 2.10000
-0.05600, 2.11000
-0.14023, 2.12000
0.00229, 2.13000
-0.15915, 2.14000
-0.06073, 2.15000
-0.06454, 2.16000
-0.14709, 2.17000
0.00290, 2.18000
-0.16174, 2.19000
-0.05814, 2.20000
-0.06012, 2.21000
-0.15030, 2.22000
0.00198, 2.23000
-0.16434, 2.24000
-0.06439, 2.25000
-0.05936, 2.26000
-0.15213, 2.27000
0.00168, 2.28000
-0.16235, 2.29000
-0.06561, 2.30000
-0.06073, 2.31000
-0.15549, 2.32000
-0.00061, 2.33000
-0.16693, 2.34000
-0.06027, 2.35000
-0.06744, 2.36000
-0.15823, 2.37000
-0.00168, 2.38000
-0.16693, 2.39000
-0.07019, 2.40000
-0.06927, 2.41000
-0.15656, 2.42000
-0.00092, 2.43000
-0.16724, 2.44000
-0.06821, 2.45000
-0.06393, 2.46000
-0.15961, 2.47000
-0.00183, 2.48000
-0.16617, 2.49000
-0.07019, 2.50000
-0.06302, 2.51000
-0.15945, 2.52000
-0.00366, 2.53000
-0.16663, 2.54000
-0.07217, 2.55000
-0.06592, 2.56000
-0.16220, 2.57000
-0.00381, 2.58000
-0.16678, 2.59000
-0.06927, 2.60000
-0.07111, 2.61000
-0.16159, 2.62000
-0.00412, 2.63000
-0.17014, 2.64000
-0.07385, 2.65000
-0.06454, 2.66000
-0.16190, 2.67000
-0.00443, 2.68000
-0.17059, 2.69000
-0.07477, 2.70000
-0.05005, 2.71000
-0.16190, 2.72000
-0.00870, 2.73000
-0.16922, 2.74000
-0.06989, 2.75000
-0.06561, 2.76000
-0.16708, 2.77000
-0.01572, 2.78000
-0.17120, 2.79000
-0.07843, 2.80000
-0.06744, 2.81000
-0.15930, 2.82000
-0.00931, 2.83000
-0.17319, 2.84000
-0.07858, 2.85000
-0.06638, 2.86000
-0.16159, 2.87000
-0.01129, 2.88000
-0.17075, 2.89000
-0.07950, 2.90000
-0.06699, 2.91000
-0.17120, 2.92000
-0.01144, 2.93000
-0.17166, 2.94000
-0.07782, 2.95000
-0.06653, 2.96000
-0.17029, 2.97000
-0.01221, 2.98000
-0.17593, 2.99000
-0.07599, 3.00000
-0.06668, 3.01000
-0.17578, 3.02000
-0.01175, 3.03000
-0.17487, 3.04000
-0.07935, 3.05000
-0.06805, 3.06000
-0.17349, 3.07000
-0.01419, 3.08000
-0.17197, 3.09000
-0.07935, 3.10000
-0.06836, 3.11000
-0.17319, 3.12000
-0.01328, 3.13000
-0.17288, 3.14000
-0.08743, 3.15000
-0.07660, 3.16000
-0.16739, 3.17000
-0.01648, 3.18000
-0.17487, 3.19000
-0.08224, 3.20000
-0.07614, 3.21000
-0.17136, 3.22000
-0.01541, 3.23000
-0.17715, 3.24000
-0.09140, 3.25000
-0.06607, 3.26000
-0.17105, 3.27000
-0.01694, 3.28000
-0.17883, 3.29000
-0.08453, 3.30000
-0.06943, 3.31000
-0.17853, 3.32000
-0.01892, 3.33000
-0.18188, 3.34000
-0.08621, 3.35000
-0.06516, 3.36000
-0.18021, 3.37000
-0.02029, 3.38000
-0.17639, 3.39000
-0.09613, 3.40000
-0.07996, 3.41000
-0.17532, 3.42000
-0.02579, 3.43000
-0.18173, 3.44000
-0.09338, 3.45000
-0.07004, 3.46000
-0.18341, 3.47000
-0.02014, 3.48000
-0.18295, 3.49000
-0.08896, 3.50000
-0.07950, 3.51000
-0.18341, 3.52000
-0.02457, 3.53000
-0.17731, 3.54000
-0.09079, 3.55000
-0.07507, 3.56000
-0.18387, 3.57000
-0.02701, 3.58000
-0.17776, 3.59000
-0.09796, 3.60000
-0.08026, 3.61000
-0.18524, 3.62000
-0.02548, 3.63000
-0.17807, 3.64000
-0.09171, 3.65000
-0.07904, 3.66000
-0.18112, 3.67000
-0.02380, 3.68000
-0.17883, 3.69000
-0.10040, 3.70000
-0.06851, 3.71000
-0.18417, 3.72000
-0.02426, 3.73000
-0.17838, 3.74000
-0.10178, 3.75000
-0.07141, 3.76000
-0.18784, 3.77000
-0.02930, 3.78000
-0.18112, 3.79000
-0.09750, 3.80000
-0.07065, 3.81000
-0.18661, 3.82000
-0.03098, 3.83000
-0.18005, 3.84000
-0.09491, 3.85000
-0.07141, 3.86000
-0.18768, 3.87000
-0.03082, 3.88000
-0.18860, 3.89000
-0.09491, 3.90000
-0.06897, 3.91000
-0.19211, 3.92000
-0.03082, 3.93000
-0.18875, 3.94000
-0.09521, 3.95000
-0.08224, 3.96000
-0.19257, 3.97000
-0.03082, 3.98000
-0.18417, 3.99000
-0.11063, 4.00000
-0.07111, 4.01000
-0.19516, 4.02000
-0.03159, 4.03000
-0.18265, 4.04000
-0.10971, 4.05000
-0.08102, 4.06000
-0.19028, 4.07000
-0.04166, 4.08000
-0.18936, 4.09000
-0.11063, 4.10000
-0.07187, 4.11000
-0.19531, 4.12000
-0.03265, 4.13000
-0.18936, 4.14000
-0.11322, 4.15000
-0.08331, 4.16000
-0.19669, 4.17000
-0.03464, 4.18000
-0.18356, 4.19000
-0.11398, 4.20000
-0.07248, 4.21000
-0.19989, 4.22000
-0.03876, 4.23000
-0.18265, 4.24000
-0.11703, 4.25000
-0.08316, 4.26000
-0.19897, 4.27000
-0.03510, 4.28000
-0.19211, 4.29000
-0.11719, 4.30000
-0.07477, 4.31000
-0.19928, 4.32000
-0.04013, 4.33000
-0.19196, 4.34000
-0.11108, 4.35000
-0.08392, 4.36000
-0.20065, 4.37000
-0.04059, 4.38000
-0.17761, 4.39000
-0.11810, 4.40000
-0.07599, 4.41000
-0.20065, 4.42000
-0.03952, 4.43000
-0.18692, 4.44000
-0.12451, 4.45000
-0.07095, 4.46000
-0.19989, 4.47000
-0.04211, 4.48000
-0.19394, 4.49000
-0.11490, 4.50000
-0.07446, 4.51000
-0.20401, 4.52000
-0.03983, 4.53000
-0.18845, 4.54000
-0.12314, 4.55000
-0.07263, 4.56000
-0.20630, 4.57000
-0.04623, 4.58000
-0.19272, 4.59000
-0.12421, 4.60000
-0.07324, 4.61000
-0.20782, 4.62000
-0.04684, 4.63000
-0.19608, 4.64000
-0.12283, 4.65000
-0.08530, 4.66000
-0.20523, 4.67000
-0.04822, 4.68000
-0.18967, 4.69000
-0.12268, 4.70000
-0.07523, 4.71000
-0.20676, 4.72000
-0.05615, 4.73000
-0.19318, 4.74000
-0.13184, 4.75000
-0.07553, 4.76000
-0.21011, 4.77000
-0.04700, 4.78000
-0.19577, 4.79000
-0.13000, 4.80000
-0.07782, 4.81000
-0.21072, 4.82000
-0.05234, 4.83000
-0.18829, 4.84000
-0.12527, 4.85000
-0.07523, 4.86000
-0.21133, 4.87000
-0.04761, 4.88000
-0.19974, 4.89000
-0.12711, 4.90000
-0.08713, 4.91000
-0.21225, 4.92000
-0.05173, 4.93000
-0.18951, 4.94000
-0.12802, 4.95000
-0.08545, 4.96000
-0.21317, 4.97000
-0.05096, 4.98000
-0.19226, 4.99000
-0.13824, 5.00000
-0.07507, 5.01000
-0.21301, 5.02000
-0.05203, 5.03000
-0.19089, 5.04000
-0.13046, 5.05000
-0.07813, 5.06000
-0.21606, 5.07000
-0.05524, 5.08000
-0.19836, 5.09000
-0.13428, 5.10000
-0.07996, 5.11000
-0.21545, 5.12000
-0.05569, 5.13000
-0.19409, 5.14000
-0.14648, 5.15000
-0.08560, 5.16000
-0.21591, 5.17000
-0.05478, 5.18000
-0.19043, 5.19000
-0.14206, 5.20000
-0.08072, 5.21000
-0.21530, 5.22000
-0.05783, 5.23000
-0.19180, 5.24000
-0.14664, 5.25000
-0.08133, 5.26000
-0.21927, 5.27000
-0.05676, 5.28000
-0.20203, 5.29000
-0.13580, 5.30000
-0.08224, 5.31000
-0.22079, 5.32000
-0.05692, 5.33000
-0.19714, 5.34000
-0.14023, 5.35000
-0.08728, 5.36000
-0.22018, 5.37000
-0.07095, 5.38000
-0.19089, 5.39000
-0.13458, 5.40000
-0.08270, 5.41000
-0.22141, 5.42000
-0.05890, 5.43000
-0.19943, 5.44000
-0.14160, 5.45000
-0.09003, 5.46000
-0.22018, 5.47000
-0.06104, 5.48000
-0.19608, 5.49000
-0.13626, 5.50000
-0.08804, 5.51000
-0.22141, 5.52000
-0.06287, 5.53000
-0.19745, 5.54000
-0.15015, 5.55000
-0.09262, 5.56000
-0.22278, 5.57000
-0.06454, 5.58000
-0.20096, 5.59000
-0.14404, 5.60000
-0.08408, 5.61000
-0.22446, 5.62000
-0.06210, 5.63000
-0.20111, 5.64000
-0.15350, 5.65000
-0.08499, 5.66000
-0.22400, 5.67000
-0.06821, 5.68000
-0.19562, 5.69000
-0.14633, 5.70000
-0.08728, 5.71000
-0.22873, 5.72000
-0.06912, 5.73000
-0.20676, 5.74000
-0.15564, 5.75000
-0.08759, 5.76000
-0.22842, 5.77000
-0.06775, 5.78000
-0.20081, 5.79000
-0.15686, 5.80000
-0.09003, 5.81000
-0.22919, 5.82000
-0.06683, 5.83000
-0.20630, 5.84000
-0.15717, 5.85000
-0.08804, 5.86000
-0.22964, 5.87000
-0.07172, 5.88000
-0.20111, 5.89000
-0.14755, 5.90000
-0.09598, 5.91000
-0.23117, 5.92000
-0.07492, 5.93000
-0.19638, 5.94000
-0.15472, 5.95000
-0.09018, 5.96000
-0.23102, 5.97000
-0.07278, 5.98000
-0.19669, 5.99000
-0.17212, 6.00000
-0.09323, 6.01000
-0.23285, 6.02000
-0.08484, 6.03000
-0.20721, 6.04000
-0.16235, 6.05000
-0.09659, 6.06000
-0.23254, 6.07000
-0.07645, 6.08000
-0.19974, 6.09000
-0.16449, 6.10000
-0.09308, 6.11000
-0.23453, 6.12000
-0.07660, 6.13000
-0.20752, 6.14000
-0.16571, 6.15000
-0.09720, 6.16000
-0.23575, 6.17000
-0.07660, 6.18000
-0.19928, 6.19000
-0.15915, 6.20000
-0.09811, 6.21000
-0.23605, 6.22000
-0.07919, 6.23000
-0.19669, 6.24000
-0.16068, 6.25000
-0.09827, 6.26000
-0.23727, 6.27000
-0.07751, 6.28000
-0.19852, 6.29000
-0.16815, 6.30000
-0.09338, 6.31000
-0.23773, 6.32000
-0.08133, 6.33000
-0.20065, 6.34000
-0.16418, 6.35000
-0.09476, 6.36000
-0.23941, 6.37000
-0.08255, 6.38000
-0.19852, 6.39000
-0.16815, 6.40000
-0.09430, 6.41000
-0.23865, 6.42000
-0.08133, 6.43000
-0.20340, 6.44000
-0.16434, 6.45000
-0.09949, 6.46000
-0.24002, 6.47000
-0.08408, 6.48000
-0.21698, 6.49000
-0.17044, 6.50000
-0.09903, 6.51000
-0.24094, 6.52000
-0.08408, 6.53000
-0.20050, 6.54000
-0.17487, 6.55000
-0.09766, 6.56000
-0.24185, 6.57000
-0.08469, 6.58000
-0.21149, 6.59000
-0.16846, 6.60000
-0.09674, 6.61000
-0.24048, 6.62000
-0.08240, 6.63000
-0.20111, 6.64000
-0.17624, 6.65000
-0.09872, 6.66000
-0.24368, 6.67000
-0.09491, 6.68000
-0.20279, 6.69000
-0.16953, 6.70000
-0.10117, 6.71000
-0.24460, 6.72000
-0.08530, 6.73000
-0.20752, 6.74000
-0.17868, 6.75000
-0.09918, 6.76000
-0.24597, 6.77000
-0.08987, 6.78000
-0.20050, 6.79000
-0.17303, 6.80000
-0.10025, 6.81000
-0.24719, 6.82000
-0.09262, 6.83000
-0.21317, 6.84000
-0.17410, 6.85000
-0.09979, 6.86000
-0.24765, 6.87000
-0.09155, 6.88000
-0.20706, 6.89000
-0.18951, 6.90000
-0.10574, 6.91000
-0.24948, 6.92000
-0.09323, 6.93000
-0.21332, 6.94000
-0.18387, 6.95000
-0.10223, 6.96000
-0.25040, 6.97000
-0.09201, 6.98000
-0.20584, 6.99000
-0.18677, 7.00000
-0.10468, 7.01000
-0.25101, 7.02000
-0.09735, 7.03000
-0.20309, 7.04000
-0.18188, 7.05000
-0.10452, 7.06000
-0.25269, 7.07000
-0.09277, 7.08000
-0.20691, 7.09000
-0.19180, 7.10000
-0.10712, 7.11000
-0.25406, 7.12000
-0.09506, 7.13000
-0.20538, 7.14000
-0.18372, 7.15000
-0.10696, 7.16000
-0.25482, 7.17000
-0.09598, 7.18000
-0.20798, 7.19000
-0.19272, 7.20000
-0.10452, 7.21000
-0.25604, 7.22000
-0.10071, 7.23000
-0.20813, 7.24000
-0.18616, 7.25000
-0.10788, 7.26000
-0.25818, 7.27000
-0.10391, 7.28000
-0.21179, 7.29000
-0.19287, 7.30000
-0.10834, 7.31000
-0.25803, 7.32000
-0.11673, 7.33000
-0.20981, 7.34000
-0.19943, 7.35000
-0.11322, 7.36000
-0.26016, 7.37000
-0.10529, 7.38000
-0.21851, 7.39000
-0.19943, 7.40000
-0.10971, 7.41000
-0.26001, 7.42000
-0.10818, 7.43000
-0.21088, 7.44000
-0.20142, 7.45000
-0.11108, 7.46000
-0.26123, 7.47000
-0.11002, 7.48000
-0.21469, 7.49000
-0.19608, 7.50000
-0.11063, 7.51000
-0.26306, 7.52000
-0.10727, 7.53000
-0.21286, 7.54000
-0.20340, 7.55000
-0.11703, 7.56000
-0.26474, 7.57000
-0.11108, 7.58000
-0.21240, 7.59000
-0.19867, 7.60000
-0.11429, 7.61000
-0.26581, 7.62000
-0.11200, 7.63000
-0.21545, 7.64000
-0.20554, 7.65000
-0.11688, 7.66000
-0.26779, 7.67000
-0.11353, 7.68000
-0.21652, 7.69000
-0.20233, 7.70000
-0.11963, 7.71000
-0.26779, 7.72000
-0.11612, 7.73000
-0.22308, 7.74000
-0.20325, 7.75000
-0.11429, 7.76000
-0.26932, 7.77000
-0.11887, 7.78000
-0.21637, 7.79000
-0.21225, 7.80000
-0.12436, 7.81000
-0.27069, 7.82000
-0.12161, 7.83000
-0.21957, 7.84000
-0.21225, 7.85000
-0.11780, 7.86000
-0.27237, 7.87000
-0.11719, 7.88000
-0.21774, 7.89000
-0.21515, 7.90000
-0.12680, 7.91000
-0.27390, 7.92000
-0.11948, 7.93000
-0.21683, 7.94000
-0.21072, 7.95000
-0.12604, 7.96000
-0.27481, 7.97000
-0.13458, 7.98000
-0.23026, 7.99000
-0.21011, 8.00000
-0.11719, 8.01000
-0.27573, 8.02000
-0.12604, 8.03000
-0.21866, 8.04000
-0.22079, 8.05000
-0.12436, 8.06000
-0.27740, 8.07000
-0.12543, 8.08000
-0.22812, 8.09000
-0.22263, 8.10000
-0.12085, 8.11000
-0.27786, 8.12000
-0.12955, 8.13000
-0.22278, 8.14000
-0.21927, 8.15000
-0.12527, 8.16000
-0.28061, 8.17000
-0.12695, 8.18000
-0.22675, 8.19000
-0.22400, 8.20000
-0.13184, 8.21000
-0.28168, 8.22000
-0.13489, 8.23000
-0.22629, 8.24000
-0.22156, 8.25000
-0.13321, 8.26000
-0.28290, 8.27000
-0.13016, 8.28000
-0.22644, 8.29000
-0.22766, 8.30000
-0.12970, 8.31000
-0.28397, 8.32000
-0.13657, 8.33000
-0.22888, 8.34000
-0.22476, 8.35000
-0.13504, 8.36000
-0.28625, 8.37000
-0.14038, 8.38000
-0.23056, 8.39000
-0.23331, 8.40000
-0.13000, 8.41000
-0.28778, 8.42000
-0.14023, 8.43000
-0.22675, 8.44000
-0.23758, 8.45000
-0.13336, 8.46000
-0.28900, 8.47000
-0.14099, 8.48000
-0.23895, 8.49000
-0.23682, 8.50000
-0.13229, 8.51000
-0.29007, 8.52000
-0.13977, 8.53000
-0.23911, 8.54000
-0.23895, 8.55000
-0.14084, 8.56000
-0.29190, 8.57000
-0.14572, 8.58000
-0.23346, 8.59000
-0.23499, 8.60000
-0.14130, 8.61000
-0.29327, 8.62000
-0.16449, 8.63000
-0.23254, 8.64000
-0.24429, 8.65000
-0.13428, 8.66000
-0.29724, 8.67000
-0.14862, 8.68000
-0.23499, 8.69000
-0.23804, 8.70000
-0.13702, 8.71000
-0.29572, 8.72000
-0.15594, 8.73000
-0.23865, 8.74000
-0.24109, 8.75000
-0.13672, 8.76000
-0.29755, 8.77000
-0.14908, 8.78000
-0.23773, 8.79000
-0.24918, 8.80000
-0.13962, 8.81000
-0.30014, 8.82000
-0.15579, 8.83000
-0.24734, 8.84000
-0.25040, 8.85000
-0.13809, 8.86000
-0.30151, 8.87000
-0.15610, 8.88000
-0.24704, 8.89000
-0.25543, 8.90000
-0.14633, 8.91000
-0.30365, 8.92000
-0.15717, 8.93000
-0.24887, 8.94000
-0.25558, 8.95000
-0.14542, 8.96000
-0.30365, 8.97000
-0.16022, 8.98000
-0.24933, 8.99000
-0.25650, 9.00000
-0.14908, 9.01000
-0.30670, 9.02000
-0.16281, 9.03000
-0.24017, 9.04000
-0.25940, 9.05000
-0.14389, 9.06000
-0.30746, 9.07000
-0.15884, 9.08000
-0.24536, 9.09000
-0.26215, 9.10000
-0.15289, 9.11000
-0.30762, 9.12000
-0.16556, 9.13000
-0.24368, 9.14000
-0.25589, 9.15000
-0.14786, 9.16000
-0.31067, 9.17000
-0.16281, 9.18000
-0.24704, 9.19000
-0.25482, 9.20000
-0.14328, 9.21000
-0.31204, 9.22000
-0.16846, 9.23000
-0.24567, 9.24000
-0.26672, 9.25000
-0.15289, 9.26000
-0.31357, 9.27000
-0.18936, 9.28000
-0.25482, 9.29000
-0.26901, 9.30000
-0.14954, 9.31000
-0.31433, 9.32000
-0.17166, 9.33000
-0.24948, 9.34000
-0.27222, 9.35000
-0.15701, 9.36000
-0.31662, 9.37000
-0.17380, 9.38000
-0.25833, 9.39000
-0.27328, 9.40000
-0.15549, 9.41000
-0.31891, 9.42000
-0.17197, 9.43000
-0.24933, 9.44000
-0.27527, 9.45000
-0.15778, 9.46000
-0.31967, 9.47000
-0.17349, 9.48000
-0.24933, 9.49000
-0.26871, 9.50000
-0.15686, 9.51000
-0.32089, 9.52000
-0.17700, 9.53000
-0.25452, 9.54000
-0.28061, 9.55000
-0.15503, 9.56000
-0.32318, 9.57000
-0.18143, 9.58000
-0.25406, 9.59000
-0.27283, 9.60000
-0.15961, 9.61000
-0.32440, 9.62000
-0.18677, 9.63000
-0.25726, 9.64000
-0.27496, 9.65000
-0.15854, 9.66000
-0.32684, 9.67000
-0.18524, 9.68000
-0.26047, 9.69000
-0.29343, 9.70000
-0.16449, 9.71000
-0.32684, 9.72000
-0.18723, 9.73000
-0.25940, 9.74000
-0.28732, 9.75000
-0.16129, 9.76000
-0.32837, 9.77000
-0.18402, 9.78000
-0.25681, 9.79000
-0.28900, 9.80000
-0.16617, 9.81000
-0.33081, 9.82000
-0.19043, 9.83000
-0.26367, 9.84000
-0.28061, 9.85000
-0.16403, 9.86000
-0.33203, 9.87000
-0.19211, 9.88000
-0.25925, 9.89000
-0.29297, 9.90000
-0.16541, 9.91000
-0.33310, 9.92000
-0.21683, 9.93000
-0.25879, 9.94000
-0.28839, 9.95000
-0.16907, 9.96000
-0.33447, 9.97000
-0.19180, 9.98000
-0.26382, 9.99000
-0.29846, 10.00000
-0.16876, 10.01000
-0.33691, 10.02000
-0.19897, 10.03000
-0.26276, 10.04000
-0.29099, 10.05000
-0.17075, 10.06000
-0.33752, 10.07000
-0.20645, 10.08000
-0.27405, 10.09000
-0.29327, 10.10000
-0.17258, 10.11000
-0.34027, 10.12000
-0.20325, 10.13000
-0.26550, 10.14000
-0.29465, 10.15000
-0.17487, 10.16000
-0.34134, 10.17000
-0.20615, 10.18000
-0.27481, 10.19000
-0.29663, 10.20000
-0.17426, 10.21000
-0.34286, 10.22000
-0.20706, 10.23000
-0.27695, 10.24000
-0.31296, 10.25000
-0.17624, 10.26000
-0.34424, 10.27000
-0.20340, 10.28000
-0.26993, 10.29000
-0.31250, 10.30000
-0.17593, 10.31000
-0.34531, 10.32000
-0.20645, 10.33000
-0.27679, 10.34000
-0.31326, 10.35000
-0.18356, 10.36000
-0.34729, 10.37000
-0.21362, 10.38000
-0.26871, 10.39000
-0.30777, 10.40000
-0.17990, 10.41000
-0.34790, 10.42000
-0.20889, 10.43000
-0.27267, 10.44000
-0.31769, 10.45000
-0.18112, 10.46000
-0.35065, 10.47000
-0.21088, 10.48000
-0.27237, 10.49000
-0.31067, 10.50000
-0.18341, 10.51000
-0.35294, 10.52000
-0.22095, 10.53000
-0.28275, 10.54000
-0.32242, 10.55000
-0.18433, 10.56000
-0.35385, 10.57000
-0.23712, 10.58000
-0.27420, 10.59000
-0.32700, 10.60000
-0.19104, 10.61000
-0.35522, 10.62000
-0.22461, 10.63000
-0.28519, 10.64000
-0.32578, 10.65000
-0.18799, 10.66000
-0.35706, 10.67000
-0.22644, 10.68000
-0.27603, 10.69000
-0.33295, 10.70000
-0.19073, 10.71000
-0.35797, 10.72000
-0.22217, 10.73000
-0.28046, 10.74000
-0.32181, 10.75000
-0.19165, 10.76000
-0.35934, 10.77000
-0.22659, 10.78000
-0.27771, 10.79000
-0.32974, 10.80000
-0.19501, 10.81000
-0.36118, 10.82000
-0.23026, 10.83000
-0.28687, 10.84000
-0.33142, 10.85000
-0.19836, 10.86000
-0.36362, 10.87000
-0.22842, 10.88000
-0.27893, 10.89000
-0.33554, 10.90000
-0.19669, 10.91000
-0.36423, 10.92000
-0.23560, 10.93000
-0.29251, 10.94000
-0.33691, 10.95000
-0.19775, 10.96000
-0.36484, 10.97000
-0.23392, 10.98000
-0.28870, 10.99000
-0.33798, 11.00000
-0.20004, 11.01000
-0.36774, 11.02000
-0.23041, 11.03000
-0.27664, 11.04000
-0.33951, 11.05000
-0.20050, 11.06000
-0.37079, 11.07000
-0.23804, 11.08000
-0.28961, 11.09000
-0.33478, 11.10000
-0.20386, 11.11000
-0.37140, 11.12000
-0.23621, 11.13000
-0.28366, 11.14000
-0.33936, 11.15000
-0.20187, 11.16000
-0.37384, 11.17000
-0.24063, 11.18000
-0.28854, 11.19000
-0.34256, 11.20000
-0.20493, 11.21000
-0.37430, 11.22000
-0.26657, 11.23000
-0.29022, 11.24000
-0.34302, 11.25000
-0.20660, 11.26000
-0.37460, 11.27000
-0.25574, 11.28000
-0.29907, 11.29000
-0.35126, 11.30000
-0.20660, 11.31000
-0.37872, 11.32000
-0.25558, 11.33000
-0.29175, 11.34000
-0.35309, 11.35000
-0.21133, 11.36000
-0.38040, 11.37000
-0.25558, 11.38000
-0.29205, 11.39000
-0.35492, 11.40000
-0.21362, 11.41000
-0.38010, 11.42000
-0.25146, 11.43000
-0.30304, 11.44000
-0.35645, 11.45000
-0.21362, 11.46000
-0.38284, 11.47000
-0.25711, 11.48000
-0.29465, 11.49000
-0.35904, 11.50000
-0.21515, 11.51000
-0.38315, 11.52000
-0.25238, 11.53000
-0.29755, 11.54000
-0.36057, 11.55000
-0.21698, 11.56000
-0.38712, 11.57000
-0.25482, 11.58000
-0.29755, 11.59000
-0.35919, 11.60000
-0.21912, 11.61000
-0.38818, 11.62000
-0.25818, 11.63000
-0.30060, 11.64000
-0.36469, 11.65000
-0.22064, 11.66000
-0.39215, 11.67000
-0.27130, 11.68000
-0.30121, 11.69000
-0.36148, 11.70000
-0.22186, 11.71000
-0.39032, 11.72000
-0.26489, 11.73000
-0.29984, 11.74000
-0.36972, 11.75000
-0.22293, 11.76000
-0.39398, 11.77000
-0.27496, 11.78000
-0.30426, 11.79000
-0.36804, 11.80000
-0.22507, 11.81000
-0.39520, 11.82000
-0.28046, 11.83000
-0.31403, 11.84000
-0.37109, 11.85000
-0.23117, 11.86000
-0.40100, 11.87000
-0.30487, 11.88000
-0.31128, 11.89000
-0.37552, 11.90000
-0.23117, 11.91000
-0.39795, 11.92000
-0.27908, 11.93000
-0.31006, 11.94000
-0.37064, 11.95000
-0.23224, 11.96000
-0.39810, 11.97000
-0.27924, 11.98000
-0.31540, 11.99000
-0.37384, 12.00000
-0.23315, 12.01000
-0.40131, 12.02000
-0.28030, 12.03000
-0.31570, 12.04000
-0.37582, 12.05000
-0.23346, 12.06000
-0.40268, 12.07000
-0.28214, 12.08000
-0.31662, 12.09000
-0.38132, 12.10000
-0.23621, 12.11000
-0.40497, 12.12000
-0.29022, 12.13000
-0.31296, 12.14000
-0.38010, 12.15000
-0.23758, 12.16000
-0.40573, 12.17000
-0.29663, 12.18000
-0.31418, 12.19000
-0.38239, 12.20000
-0.23941, 12.21000
-0.40894, 12.22000
-0.29495, 12.23000
-0.32394, 12.24000
-0.38834, 12.25000
-0.24185, 12.26000
-0.40909, 12.27000
-0.29678, 12.28000
-0.32669, 12.29000
-0.39017, 12.30000
-0.24384, 12.31000
-0.41245, 12.32000
-0.29984, 12.33000
-0.31998, 12.34000
-0.39230, 12.35000
-0.24506, 12.36000
-0.41580, 12.37000
-0.30090, 12.38000
-0.32181, 12.39000
-0.39307, 12.40000
-0.24872, 12.41000
-0.41565, 12.42000
-0.30609, 12.43000
-0.32501, 12.44000
-0.39978, 12.45000
-0.25299, 12.46000
-0.42084, 12.47000
-0.30701, 12.48000
-0.32333, 12.49000
-0.39658, 12.50000
-0.25497, 12.51000
-0.42389, 12.52000
-0.32288, 12.53000
-0.33508, 12.54000
-0.40131, 12.55000
-0.25940, 12.56000
-0.42725, 12.57000
-0.30792, 12.58000
-0.33157, 12.59000
-0.40482, 12.60000
-0.26230, 12.61000
-0.43121, 12.62000
-0.32150, 12.63000
-0.34348, 12.64000
-0.40970, 12.65000
-0.26978, 12.66000
-0.43686, 12.67000
-0.31967, 12.68000
-0.34103, 12.69000
-0.42252, 12.70000
-0.27481, 12.71000
-0.44449, 12.72000
-0.33829, 12.73000
-0.35934, 12.74000
-0.43030, 12.75000
-0.28458, 12.76000
-0.45441, 12.77000
-0.34500, 12.78000
-0.35843, 12.79000
-0.43976, 12.80000
-0.29221, 12.81000
-0.46173, 12.82000
-0.35294, 12.83000
-0.37857, 12.84000
-0.44678, 12.85000
-0.30106, 12.86000
-0.46967, 12.87000
-0.36575, 12.88000
-0.37537, 12.89000
-0.45532, 12.90000
-0.30930, 12.91000
-0.47836, 12.92000
-0.37766, 12.93000
-0.39093, 12.94000
-0.46494, 12.95000
-0.32440, 12.96000
-0.49438, 12.97000
-0.39276, 12.98000
-0.41260, 12.99000
-0.49271, 13.00000
-0.34592, 13.01000
-0.51987, 13.02000
-0.41916, 13.03000
-0.43671, 13.04000
-0.52048, 13.05000
-0.37872, 13.06000
-0.55405, 13.07000
-0.45105, 13.08000
-0.47913, 13.09000
-0.56458, 13.10000
-0.42770, 13.11000
-0.60669, 13.12000
-0.50827, 13.13000
-0.53238, 13.14000
-0.63446, 13.15000
-0.50003, 13.16000
-0.68924, 13.17000
-0.61096, 13.18000
-0.64468, 13.19000
-0.74249, 13.20000
-0.62103, 13.21000
-0.82123, 13.22000
-0.74768, 13.23000
-0.79544, 13.24000
-0.90988, 13.25000
-0.79681, 13.26000
-1.00113, 13.27000
-0.93277, 13.28000
-0.98297, 13.29000
-1.10611, 13.30000
-0.98389, 13.31000
-1.18622, 13.32000
-1.10977, 13.33000
-1.14288, 13.34000
-1.25259, 13.35000
-1.12061, 13.36000
-1.30447, 13.37000
-1.20346, 13.38000
-1.22864, 13.39000
-1.31577, 13.40000
-1.16272, 13.41000
-1.32736, 13.42000
-1.21292, 13.43000
-1.21780, 13.44000
-1.28372, 13.45000
-1.11450, 13.46000
-1.26633, 13.47000
-1.14487, 13.48000
-1.12717, 13.49000
-1.19568, 13.50000
-1.02325, 13.51000
-1.17111, 13.52000
-1.04324, 13.53000
-1.02539, 13.54000
-1.09451, 13.55000
-0.92575, 13.56000
-1.07407, 13.57000
-0.94925, 13.58000
-0.94116, 13.59000
-1.01089, 13.60000
-0.84412, 13.61000
-0.99716, 13.62000
-0.87997, 13.63000
-0.86609, 13.64000
-0.94193, 13.65000
-0.77713, 13.66000
-0.93430, 13.67000
-0.81970, 13.68000
-0.81680, 13.69000
-0.88852, 13.70000
-0.72845, 13.71000
-0.88791, 13.72000
-0.77805, 13.73000
-0.77637, 13.74000
-0.85892, 13.75000
-0.69519, 13.76000
-0.85739, 13.77000
-0.75180, 13.78000
-0.75241, 13.79000
-0.83206, 13.80000
-0.67627, 13.81000
-0.84259, 13.82000
-0.74860, 13.83000
-0.73837, 13.84000
-0.82428, 13.85000
-0.67719, 13.86000
-0.84549, 13.87000
-0.74478, 13.88000
-0.74753, 13.89000
-0.84885, 13.90000
-0.70450, 13.91000
-0.88165, 13.92000
-0.79025, 13.93000
-0.80368, 13.94000
-0.90424, 13.95000
-0.76584, 13.96000
-0.94574, 13.97000
-0.86349, 13.98000
-0.87585, 13.99000
-0.98618, 14.00000
-0.84930, 14.01000
-1.03271, 14.02000
-0.94406, 14.03000
-0.96466, 14.04000
-1.06628, 14.05000
-0.92865, 14.06000
-1.10657, 14.07000
-1.01791, 14.08000
-1.02646, 14.09000
-1.12244, 14.10000
-0.97900, 14.11000
-1.14990, 14.12000
-1.05560, 14.13000
-1.05301, 14.14000
-1.14929, 14.15000
-0.99030, 14.16000
-1.15341, 14.17000
-1.05194, 14.18000
-1.04507, 14.19000
-1.13251, 14.20000
-0.96741, 14.21000
-1.12411, 14.22000
-1.01837, 14.23000
-1.00952, 14.24000
-1.09253, 14.25000
-0.92819, 14.26000
-1.08551, 14.27000
-0.97458, 14.28000
-0.97092, 14.29000
-1.05972, 14.30000
-0.89752, 14.31000
-1.05988, 14.32000
-0.95673, 14.33000
-0.95566, 14.34000
-1.04355, 14.35000
-0.88242, 14.36000
-1.04309, 14.37000
-0.94879, 14.38000
-0.94269, 14.39000
-1.03455, 14.40000
-0.87479, 14.41000
-1.04004, 14.42000
-0.93719, 14.43000
-0.92728, 14.44000
-1.02463, 14.45000
-0.86823, 14.46000
-1.02753, 14.47000
-0.95428, 14.48000
-0.91629, 14.49000
-1.01074, 14.50000
-0.85617, 14.51000
-1.01288, 14.52000
-0.91003, 14.53000
-0.89798, 14.54000
-0.98846, 14.55000
-0.82825, 14.56000
-0.99045, 14.57000
-0.89386, 14.58000
-0.88028, 14.59000
-0.97061, 14.60000
-0.80338, 14.61000
-0.96313, 14.62000
-0.86411, 14.63000
-0.85175, 14.64000
-0.94696, 14.65000
-0.77850, 14.66000
-0.93506, 14.67000
-0.84229, 14.68000
-0.82245, 14.69000
-0.91202, 14.70000
-0.75455, 14.71000
-0.91522, 14.72000
-0.81848, 14.73000
-0.79910, 14.74000
-0.89661, 14.75000
-0.73013, 14.76000
-0.88867, 14.77000
-0.78995, 14.78000
-0.78217, 14.79000
-0.87509, 14.80000
-0.70755, 14.81000
-0.86227, 14.82000
-0.76111, 14.83000
-0.74646, 14.84000
-0.84961, 14.85000
-0.68329, 14.86000
-0.83969, 14.87000
-0.74707, 14.88000
-0.72235, 14.89000
-0.82489, 14.90000
-0.66284, 14.91000
-0.82474, 14.92000
-0.72769, 14.93000
-0.71365, 14.94000
-0.80917, 14.95000
-0.64835, 14.96000
-0.80490, 14.97000
-0.70999, 14.98000
-0.69000, 14.99000
-0.78918, 15.00000
-0.63370, 15.01000
-0.79391, 15.02000
-0.70267, 15.03000
-0.67841, 15.04000
-0.78262, 15.05000
-0.62698, 15.06000
-0.78339, 15.07000
-0.68970, 15.08000
-0.67444, 15.09000
-0.77423, 15.10000
-0.61874, 15.11000
-0.77759, 15.12000
-0.71335, 15.13000
-0.67383, 15.14000
-0.77621, 15.15000
-0.61600, 15.16000
-0.77515, 15.17000
-0.68481, 15.18000
-0.66086, 15.19000
-0.77057, 15.20000
-0.61035, 15.21000
-0.76675, 15.22000
-0.68893, 15.23000
-0.66223, 15.24000
-0.77301, 15.25000
-0.61142, 15.26000
-0.76889, 15.27000
-0.68237, 15.28000
-0.65460, 15.29000
-0.77042, 15.30000
-0.60806, 15.31000
-0.76447, 15.32000
-0.68039, 15.33000
-0.66086, 15.34000
-0.76172, 15.35000
-0.60669, 15.36000
-0.76431, 15.37000
-0.67535, 15.38000
-0.65094, 15.39000
-0.77026, 15.40000
-0.60913, 15.41000
-0.76111, 15.42000
-0.68329, 15.43000
-0.65353, 15.44000
-0.76584, 15.45000
-0.61081, 15.46000
-0.76553, 15.47000
-0.67764, 15.48000
-0.65384, 15.49000
-0.76752, 15.50000
-0.61523, 15.51000
-0.76721, 15.52000
-0.68573, 15.53000
-0.66269, 15.54000
-0.77271, 15.55000
-0.61691, 15.56000
-0.77133, 15.57000
-0.69565, 15.58000
-0.66086, 15.59000
-0.77713, 15.60000
-0.62180, 15.61000
-0.78476, 15.62000
-0.65491, 15.63000
-0.69733, 15.64000
-0.76324, 15.65000
-0.62134, 15.66000
-0.79178, 15.67000
-0.67749, 15.68000
-0.71335, 15.69000
-0.77194, 15.70000
-0.62805, 15.71000
-0.79910, 15.72000
-0.68161, 15.73000
-0.71335, 15.74000
-0.78506, 15.75000
-0.64148, 15.76000
-0.81436, 15.77000
-0.71671, 15.78000
-0.73059, 15.79000
-0.80170, 15.80000
-0.65994, 15.81000
-0.83145, 15.82000
-0.70694, 15.83000
-0.76126, 15.84000
-0.82306, 15.85000
-0.68237, 15.86000
-0.85602, 15.87000
-0.74066, 15.88000
-0.78461, 15.89000
-0.85632, 15.90000
-0.71609, 15.91000
-0.89432, 15.92000
-0.78995, 15.93000
-0.82993, 15.94000
-0.90179, 15.95000
-0.76889, 15.96000
-0.95108, 15.97000
-0.84839, 15.98000
-0.88760, 15.99000
-0.97214, 16.00000
-0.84061, 16.01000
-1.02463, 16.02000
-0.92590, 16.03000
-0.96497, 16.04000
-1.05331, 16.05000
-0.91583, 16.06000
-1.09726, 16.07000
-0.99579, 16.08000
-1.02722, 16.09000
-1.11481, 16.10000
-0.97626, 16.11000
-1.15540, 16.12000
-1.04095, 16.13000
-1.07803, 16.14000
-1.16135, 16.15000
-1.01974, 16.16000
-1.19614, 16.17000
-1.07773, 16.18000
-1.12564, 16.19000
-1.19400, 16.20000
-1.05286, 16.21000
-1.22711, 16.22000
-1.12488, 16.23000
-1.14441, 16.24000
-1.21414, 16.25000
-1.07162, 16.26000
-1.24573, 16.27000
-1.13495, 16.28000
-1.15631, 16.29000
-1.23459, 16.30000
-1.08353, 16.31000
-1.25290, 16.32000
-1.14609, 16.33000
-1.16074, 16.34000
-1.23428, 16.35000
-1.08414, 16.36000
-1.25198, 16.37000
-1.13068, 16.38000
-1.15341, 16.39000
-1.22574, 16.40000
-1.07544, 16.41000
-1.24146, 16.42000
-1.14349, 16.43000
-1.13510, 16.44000
-1.20667, 16.45000
-1.05362, 16.46000
-1.21613, 16.47000
-1.09436, 16.48000
-1.10657, 16.49000
-1.17767, 16.50000
-1.02097, 16.51000
-1.18118, 16.52000
-1.05072, 16.53000
-1.06873, 16.54000
-1.13647, 16.55000
-0.97900, 16.56000
-1.13892, 16.57000
-1.02386, 16.58000
-1.02554, 16.59000
-1.09131, 16.60000
-0.93414, 16.61000
-1.09467, 16.62000
-0.97763, 16.63000
-0.98175, 16.64000
-1.04767, 16.65000
-0.89279, 16.66000
-1.05347, 16.67000
-0.94086, 16.68000
-0.95337, 16.69000
-1.01563, 16.70000
-0.86243, 16.71000
-1.02692, 16.72000
-0.91476, 16.73000
-0.92224, 16.74000
-1.00143, 16.75000
-0.84900, 16.76000
-1.01624, 16.77000
-0.90714, 16.78000
-0.92529, 16.79000
-0.99915, 16.80000
-0.85266, 16.81000
-1.02020, 16.82000
-0.91888, 16.83000
-0.93536, 16.84000
-1.01563, 16.85000
-0.87341, 16.86000
-1.04874, 16.87000
-0.94238, 16.88000
-0.96252, 16.89000
-1.05576, 16.90000
-0.91171, 16.91000
-1.08795, 16.92000
-0.98511, 16.93000
-1.01318, 16.94000
-1.09787, 16.95000
-0.95428, 16.96000
-1.13037, 16.97000
-1.03470, 16.98000
-1.04492, 16.99000
-1.13403, 17.00000
-0.99182, 17.01000
-1.16547, 17.02000
-1.05881, 17.03000
-1.07468, 17.04000
-1.15967, 17.05000
-1.01501, 17.06000
-1.18546, 17.07000
-1.09207, 17.08000
-1.08765, 17.09000
-1.16943, 17.10000
-1.02188, 17.11000
-1.19034, 17.12000
-1.07742, 17.13000
-1.08536, 17.14000
-1.17096, 17.15000
-1.01791, 17.16000
-1.18500, 17.17000
-1.07346, 17.18000
-1.08536, 17.19000
-1.16135, 17.20000
-1.01089, 17.21000
-1.17523, 17.22000
-1.07452, 17.23000
-1.08093, 17.24000
-1.15921, 17.25000
-1.00464, 17.26000
-1.17203, 17.27000
-1.06674, 17.28000
-1.06812, 17.29000
-1.15768, 17.30000
-0.99960, 17.31000
-1.17050, 17.32000
-1.06461, 17.33000
-1.07483, 17.34000
-1.15463, 17.35000
-1.00281, 17.36000
-1.16837, 17.37000
-1.06461, 17.38000
-1.07071, 17.39000
-1.15875, 17.40000
-1.00662, 17.41000
-1.17661, 17.42000
-1.07635, 17.43000
-1.07925, 17.44000
-1.16241, 17.45000
-1.01334, 17.46000
-1.18118, 17.47000
-1.07239, 17.48000
-1.08429, 17.49000
-1.16776, 17.50000
-1.01807, 17.51000
-1.18561, 17.52000
-1.07819, 17.53000
-1.08292, 17.54000
-1.17294, 17.55000
-1.01883, 17.56000
-1.18469, 17.57000
-1.08047, 17.58000
-1.08414, 17.59000
-1.17676, 17.60000
-1.02325, 17.61000
-1.18942, 17.62000
-1.08810, 17.63000
-1.08521, 17.64000
-1.17310, 17.65000
-1.02341, 17.66000
-1.18835, 17.67000
-1.09283, 17.68000
-1.08841, 17.69000
-1.18179, 17.70000
-1.02707, 17.71000
-1.19415, 17.72000
-1.11298, 17.73000
-1.09634, 17.74000
-1.18622, 17.75000
-1.03104, 17.76000
-1.19934, 17.77000
-1.10107, 17.78000
-1.10733, 17.79000
-1.19110, 17.80000
-1.03851, 17.81000
-1.20483, 17.82000
-1.11023, 17.83000
-1.10931, 17.84000
-1.20590, 17.85000
-1.04691, 17.86000
-1.21689, 17.87000
-1.11786, 17.88000
-1.12473, 17.89000
-1.21307, 17.90000
-1.05896, 17.91000
-1.22787, 17.92000
-1.13480, 17.93000
-1.13022, 17.94000
-1.22009, 17.95000
-1.07376, 17.96000
-1.24146, 17.97000
-1.14761, 17.98000
-1.14029, 17.99000
-1.23978, 18.00000
-1.08749, 18.01000
-1.25443, 18.02000
-1.15509, 18.03000
-1.15646, 18.04000
-1.25214, 18.05000
-1.10184, 18.06000
-1.26755, 18.07000
-1.17325, 18.08000
-1.16714, 18.09000
-1.26175, 18.10000
-1.11465, 18.11000
-1.28281, 18.12000
-1.18454, 18.13000
-1.18073, 18.14000
-1.28433, 18.15000
-1.13297, 18.16000
-1.29684, 18.17000
-1.19919, 18.18000
-1.19308, 18.19000
-1.29242, 18.20000
-1.14105, 18.21000
-1.30783, 18.22000
-1.21384, 18.23000
-1.20621, 18.24000
-1.30463, 18.25000
-1.15677, 18.26000
-1.32202, 18.27000
-1.22299, 18.28000
-1.22559, 18.29000
-1.31805, 18.30000
-1.16455, 18.31000
-1.33469, 18.32000
-1.24557, 18.33000
-1.23138, 18.34000
-1.32767, 18.35000
-1.17752, 18.36000
-1.34521, 18.37000
-1.26862, 18.38000
-1.24176, 18.39000
-1.34979, 18.40000
-1.18835, 18.41000
-1.35498, 18.42000
-1.25626, 18.43000
-1.25992, 18.44000
-1.35513, 18.45000
-1.19797, 18.46000
-1.36520, 18.47000
-1.27502, 18.48000
-1.26862, 18.49000
-1.37009, 18.50000
-1.20911, 18.51000
-1.37451, 18.52000
-1.28784, 18.53000
-1.27869, 18.54000
-1.37955, 18.55000
-1.22177, 18.56000
-1.38824, 18.57000
-1.29608, 18.58000
-1.28128, 18.59000
-1.39221, 18.60000
-1.22803, 18.61000
-1.39908, 18.62000
-1.30295, 18.63000
-1.29868, 18.64000
-1.39297, 18.65000
-1.24115, 18.66000
-1.40289, 18.67000
-1.31073, 18.68000
-1.29913, 18.69000
-1.40335, 18.70000
-1.25015, 18.71000
-1.41312, 18.72000
-1.31973, 18.73000
-1.31775, 18.74000
-1.41174, 18.75000
-1.25870, 18.76000
-1.41983, 18.77000
-1.32935, 18.78000
-1.31699, 18.79000
-1.42212, 18.80000
-1.26801, 18.81000
-1.43097, 18.82000
-1.34308, 18.83000
-1.33194, 18.84000
-1.43494, 18.85000
-1.28098, 18.86000
-1.44089, 18.87000
-1.34857, 18.88000
-1.33392, 18.89000
-1.44867, 18.90000
-1.28967, 18.91000
-1.45325, 18.92000
-1.36444, 18.93000
-1.34598, 18.94000
-1.44775, 18.95000
-1.29608, 18.96000
-1.45950, 18.97000
-1.37192, 18.98000
-1.35803, 18.99000
-1.45996, 19.00000
-1.30707, 19.01000
-1.46942, 19.02000
-1.39877, 19.03000
-1.36307, 19.04000
-1.47385, 19.05000
-1.31714, 19.06000
-1.47888, 19.07000
-1.38504, 19.08000
-1.37787, 19.09000
-1.48743, 19.10000
-1.32645, 19.11000
-1.48880, 19.12000
-1.40411, 19.13000
-1.37955, 19.14000
-1.49918, 19.15000
-1.33408, 19.16000
-1.49460, 19.17000
-1.41510, 19.18000
-1.39603, 19.19000
-1.50497, 19.20000
-1.34308, 19.21000
-1.49612, 19.22000
-1.41678, 19.23000
-1.40259, 19.24000
-1.51443, 19.25000
-1.35147, 19.26000
-1.51077, 19.27000
-1.42456, 19.28000
-1.41006, 19.29000
-1.52222, 19.30000
-1.36124, 19.31000
-1.51581, 19.32000
-1.43387, 19.33000
-1.41846, 19.34000
-1.53229, 19.35000
-1.37131, 19.36000
-1.52725, 19.37000
-1.45157, 19.38000
-1.41586, 19.39000
-1.53687, 19.40000
-1.38031, 19.41000
-1.53625, 19.42000
-1.45050, 19.43000
-1.42853, 19.44000
-1.54938, 19.45000
-1.38931, 19.46000
-1.54785, 19.47000
-1.46729, 19.48000
-1.43723, 19.49000
-1.55441, 19.50000
-1.39816, 19.51000
-1.55441, 19.52000
-1.48529, 19.53000
-1.45279, 19.54000
-1.56189, 19.55000
-1.40762, 19.56000
-1.56754, 19.57000
-1.48605, 19.58000
-1.46225, 19.59000
-1.57745, 19.60000
-1.41312, 19.61000
-1.57410, 19.62000
-1.49506, 19.63000
-1.47156, 19.64000
-1.58630, 19.65000
-1.42319, 19.66000
-1.57730, 19.67000
-1.52039, 19.68000
-1.47186, 19.69000
-1.59409, 19.70000
-1.43005, 19.71000
-1.58737, 19.72000
-1.51367, 19.73000
-1.47629, 19.74000
-1.60049, 19.75000
-1.43967, 19.76000
-1.59622, 19.77000
-1.52298, 19.78000
-1.48773, 19.79000
-1.61316, 19.80000
-1.45233, 19.81000
-1.60400, 19.82000
-1.53061, 19.83000
-1.50040, 19.84000
-1.61728, 19.85000
-1.46103, 19.86000
-1.61819, 19.87000
-1.54434, 19.88000
-1.50314, 19.89000
-1.62460, 19.90000
-1.46973, 19.91000
-1.62766, 19.92000
-1.55121, 19.93000
-1.51215, 19.94000
-1.63864, 19.95000
-1.47644, 19.96000
-1.63498, 19.97000
-1.55792, 19.98000
-1.52267, 19.99000
-1.64719, 20.00000
-1.48697, 20.01000
-1.63483, 20.02000
-1.56403, 20.03000
-1.53549, 20.04000
-1.65543, 20.05000
-1.49261, 20.06000
-1.64795, 20.07000
-1.57578, 20.08000
-1.53687, 20.09000
-1.66534, 20.10000
-1.50192, 20.11000
-1.65771, 20.12000
-1.57486, 20.13000
-1.54236, 20.14000
-1.67313, 20.15000
-1.51382, 20.16000
-1.66397, 20.17000
-1.59714, 20.18000
-1.54510, 20.19000
-1.68121, 20.20000
-1.52115, 20.21000
-1.67404, 20.22000
-1.60400, 20.23000
-1.55731, 20.24000
-1.69128, 20.25000
-1.53076, 20.26000
-1.68106, 20.27000
-1.61560, 20.28000
-1.57669, 20.29000
-1.70074, 20.30000
-1.53625, 20.31000
-1.69388, 20.32000
-1.64215, 20.33000
-1.58264, 20.34000
-1.70898, 20.35000
-1.54724, 20.36000
-1.69708, 20.37000
-1.62888, 20.38000
-1.58997, 20.39000
-1.71829, 20.40000
-1.55441, 20.41000
-1.70364, 20.42000
-1.63345, 20.43000
-1.60278, 20.44000
-1.72653, 20.45000
-1.56296, 20.46000
-1.70807, 20.47000
-1.64383, 20.48000
-1.60019, 20.49000
-1.73645, 20.50000
-1.57257, 20.51000
-1.71982, 20.52000
-1.65695, 20.53000
-1.60217, 20.54000
-1.74423, 20.55000
-1.57990, 20.56000
-1.72852, 20.57000
-1.66000, 20.58000
-1.61560, 20.59000
-1.75262, 20.60000
-1.59210, 20.61000
-1.73935, 20.62000
-1.67618, 20.63000
-1.62933, 20.64000
-1.76132, 20.65000
-1.60080, 20.66000
-1.74850, 20.67000
-1.67542, 20.68000
-1.64032, 20.69000
-1.76941, 20.70000
-1.61118, 20.71000
-1.76254, 20.72000
-1.68808, 20.73000
-1.64551, 20.74000
-1.77658, 20.75000
-1.61789, 20.76000
-1.76392, 20.77000
-1.71127, 20.78000
-1.65451, 20.79000
-1.78848, 20.80000
-1.62949, 20.81000
-1.77750, 20.82000
-1.71249, 20.83000
-1.67023, 20.84000
-1.79535, 20.85000
-1.63589, 20.86000
-1.78650, 20.87000
-1.73004, 20.88000
-1.67404, 20.89000
-1.80405, 20.90000
-1.64505, 20.91000
-1.79596, 20.92000
-1.73340, 20.93000
-1.68488, 20.94000
-1.81366, 20.95000
-1.65405, 20.96000
-1.80573, 20.97000
-1.75446, 20.98000
-1.69846, 20.99000
-1.82083, 21.00000
-1.66031, 21.01000
-1.81244, 21.02000
-1.74622, 21.03000
-1.69373, 21.04000
-1.83105, 21.05000
-1.67175, 21.06000
-1.81793, 21.07000
-1.76727, 21.08000
-1.70670, 21.09000
-1.84265, 21.10000
-1.68350, 21.11000
-1.83441, 21.12000
-1.76392, 21.13000
-1.70883, 21.14000
-1.84769, 21.15000
-1.68930, 21.16000
-1.84189, 21.17000
-1.76498, 21.18000
-1.72089, 21.19000
-1.85898, 21.20000
-1.70410, 21.21000
-1.84402, 21.22000
-1.78650, 21.23000
-1.72882, 21.24000
-1.86584, 21.25000
-1.71097, 21.26000
-1.85608, 21.27000
-1.78864, 21.28000
-1.73721, 21.29000
-1.87668, 21.30000
-1.71906, 21.31000
-1.86874, 21.32000
-1.79214, 21.33000
-1.75278, 21.34000
-1.88690, 21.35000
-1.72531, 21.36000
-1.86691, 21.37000
-1.81137, 21.38000
-1.75812, 21.39000
-1.89484, 21.40000
-1.73096, 21.41000
-1.87805, 21.42000
-1.82571, 21.43000
-1.76239, 21.44000
-1.90338, 21.45000
-1.74667, 21.46000
-1.89224, 21.47000
-1.82755, 21.48000
-1.77887, 21.49000
-1.91467, 21.50000
-1.75568, 21.51000
-1.89865, 21.52000
-1.83548, 21.53000
-1.78268, 21.54000
-1.92307, 21.55000
-1.76514, 21.56000
-1.89819, 21.57000
-1.84479, 21.58000
-1.79306, 21.59000
-1.93268, 21.60000
-1.77002, 21.61000
-1.90842, 21.62000
-1.87256, 21.63000
-1.80084, 21.64000
-1.94229, 21.65000
-1.77887, 21.66000
-1.92230, 21.67000
-1.87500, 21.68000
-1.82114, 21.69000
-1.95175, 21.70000
-1.78741, 21.71000
-1.93970, 21.72000
-1.88431, 21.73000
-1.81808, 21.74000
-1.95923, 21.75000
-1.79779, 21.76000
-1.93466, 21.77000
-1.88416, 21.78000
-1.83151, 21.79000
-1.97006, 21.80000
-1.80649, 21.81000
-1.95358, 21.82000
-1.90033, 21.83000
-1.83868, 21.84000
-1.97998, 21.85000
-1.81900, 21.86000
-1.95663, 21.87000
-1.90750, 21.88000
-1.84448, 21.89000
-1.98914, 21.90000
-1.82816, 21.91000
-1.96838, 21.92000
-1.91528, 21.93000
-1.86447, 21.94000
-1.99921, 21.95000
-1.83792, 21.96000
-1.96960, 21.97000
-1.93253, 21.98000
-1.86172, 21.99000
-2.00928, 22.00000
-1.84906, 22.01000
-1.97952, 22.02000
-1.93619, 22.03000
-1.87637, 22.04000
-2.01767, 22.05000
-1.86081, 22.06000
-1.99127, 22.07000
-1.94153, 22.08000
-1.88278, 22.09000
-2.02576, 22.10000
-1.86798, 22.11000
-2.00287, 22.12000
-1.95618, 22.13000
-1.89453, 22.14000
-2.03674, 22.15000
-1.87363, 22.16000
-2.02255, 22.17000
-1.96884, 22.18000
-1.90353, 22.19000
-2.04742, 22.20000
-1.88873, 22.21000
-2.01645, 22.22000
-1.98395, 22.23000
-1.91483, 22.24000
-2.05795, 22.25000
-1.89606, 22.26000
-2.03918, 22.27000
-2.00729, 22.28000
-1.92291, 22.29000
-2.06772, 22.30000
-1.90826, 22.31000
-2.04636, 22.32000
-2.00577, 22.33000
-1.93619, 22.34000
-2.07825, 22.35000
-1.92017, 22.36000
-2.05383, 22.37000
-2.01355, 22.38000
-1.94473, 22.39000
-2.08954, 22.40000
-1.93359, 22.41000
-2.06177, 22.42000
-2.01660, 22.43000
-1.95404, 22.44000
-2.09946, 22.45000
-1.93756, 22.46000
-2.06192, 22.47000
-2.03125, 22.48000
-1.96243, 22.49000
-2.10861, 22.50000
-1.94839, 22.51000
-2.07855, 22.52000
-2.03918, 22.53000
-1.97144, 22.54000
-2.12021, 22.55000
-1.96228, 22.56000
-2.09824, 22.57000
-2.04773, 22.58000
-1.98380, 22.59000
-2.12921, 22.60000
-1.97617, 22.61000
-2.10693, 22.62000
-2.06741, 22.63000
-1.99768, 22.64000
-2.14035, 22.65000
-1.98456, 22.66000
-2.11639, 22.67000
-2.08008, 22.68000
-2.00684, 22.69000
-2.15073, 22.70000
-1.99219, 22.71000
-2.11685, 22.72000
-2.08374, 22.73000
-2.01477, 22.74000
-2.16003, 22.75000
-1.99951, 22.76000
-2.11929, 22.77000
-2.09824, 22.78000
-2.02957, 22.79000
-2.17194, 22.80000
-2.01523, 22.81000
-2.14355, 22.82000
-2.10861, 22.83000
-2.03506, 22.84000
-2.18262, 22.85000
-2.02271, 22.86000
-2.15149, 22.87000
-2.12646, 22.88000
-2.04788, 22.89000
-2.19040, 22.90000
-2.03217, 22.91000
-2.16171, 22.92000
-2.13898, 22.93000
-2.05536, 22.94000
-2.20108, 22.95000
-2.04025, 22.96000
-2.17300, 22.97000
-2.13150, 22.98000
-2.07092, 22.99000
-2.21390, 23.00000
-2.05795, 23.01000
-2.17682, 23.02000
-2.15454, 23.03000
-2.07977, 23.04000
-2.22519, 23.05000
-2.06497, 23.06000
-2.19330, 23.07000
-2.15897, 23.08000
-2.09229, 23.09000
-2.23618, 23.10000
-2.07932, 23.11000
-2.19254, 23.12000
-2.16812, 23.13000
-2.09793, 23.14000
-2.24762, 23.15000
-2.08832, 23.16000
-2.21832, 23.17000
-2.18445, 23.18000
-2.10526, 23.19000
-2.25708, 23.20000
-2.10159, 23.21000
-2.22198, 23.22000
-2.19055, 23.23000
-2.12234, 23.24000
-2.26669, 23.25000
-2.11441, 23.26000
-2.23557, 23.27000
-2.20734, 23.28000
-2.13257, 23.29000
-2.27768, 23.30000
-2.12341, 23.31000
-2.24976, 23.32000
-2.22336, 23.33000
-2.14066, 23.34000
-2.28867, 23.35000
-2.13287, 23.36000
-2.26074, 23.37000
-2.22961, 23.38000
-2.15439, 23.39000
-2.29996, 23.40000
-2.13974, 23.41000
-2.25967, 23.42000
-2.23984, 23.43000
-2.16599, 23.44000
-2.31049, 23.45000
-2.15775, 23.46000
-2.26318, 23.47000
-2.24884, 23.48000
-2.17361, 23.49000
-2.32239, 23.50000
-2.16385, 23.51000
-2.28317, 23.52000
-2.26334, 23.53000
-2.18506, 23.54000
-2.33337, 23.55000
-2.17422, 23.56000
-2.30072, 23.57000
-2.29019, 23.58000
-2.19604, 23.59000
-2.34390, 23.60000
-2.18719, 23.61000
-2.30270, 23.62000
-2.28271, 23.63000
-2.20673, 23.64000
-2.35489, 23.65000
-2.19650, 23.66000
-2.32742, 23.67000
-2.29630, 23.68000
-2.21451, 23.69000
-2.36557, 23.70000
-2.20795, 23.71000
-2.32285, 23.72000
-2.30713, 23.73000
-2.22931, 23.74000
-2.37686, 23.75000
-2.22153, 23.76000
-2.33307, 23.77000
-2.31522, 23.78000
-2.23663, 23.79000
-2.38724, 23.80000
-2.23404, 23.81000
-2.34421, 23.82000
-2.32819, 23.83000
-2.24884, 23.84000
-2.39883, 23.85000
-2.24167, 23.86000
-2.36969, 23.87000
-2.32971, 23.88000
-2.25876, 23.89000
-2.40921, 23.90000
-2.25723, 23.91000
-2.37015, 23.92000
-2.34863, 23.93000
-2.27005, 23.94000
-2.42050, 23.95000
-2.26456, 23.96000
-2.38708, 23.97000
-2.36755, 23.98000
-2.28134, 23.99000
-2.42981, 24.00000
-2.27448, 24.01000
-2.39746, 24.02000
-2.37198, 24.03000
-2.29401, 24.04000
-2.44339, 24.05000
-2.28958, 24.06000
-2.40402, 24.07000
-2.38190, 24.08000
-2.30362, 24.09000
-2.45377, 24.10000
-2.29950, 24.11000
-2.42462, 24.12000
-2.39746, 24.13000
-2.31476, 24.14000
-2.46323, 24.15000
-2.30713, 24.16000
-2.41776, 24.17000
-2.40906, 24.18000
-2.32620, 24.19000
-2.47498, 24.20000
-2.32330, 24.21000
-2.43317, 24.22000
-2.43011, 24.23000
-2.33353, 24.24000
-2.48718, 24.25000
-2.33292, 24.26000
-2.44644, 24.27000
-2.42874, 24.28000
-2.35046, 24.29000
-2.49771, 24.30000
-2.34497, 24.31000
-2.45804, 24.32000
-2.43484, 24.33000
-2.35550, 24.34000
-2.50946, 24.35000
-2.35367, 24.36000
-2.46307, 24.37000
-2.44888, 24.38000
-2.37244, 24.39000
-2.51907, 24.40000
-2.36526, 24.41000
-2.48596, 24.42000
-2.46719, 24.43000
-2.38205, 24.44000
-2.53296, 24.45000
-2.38022, 24.46000
-2.49023, 24.47000
-2.47147, 24.48000
-2.39090, 24.49000
-2.54257, 24.50000
-2.38739, 24.51000
-2.49878, 24.52000
-2.48734, 24.53000
-2.40143, 24.54000
-2.55386, 24.55000
-2.40448, 24.56000
-2.50839, 24.57000
-2.49466, 24.58000
-2.40982, 24.59000
-2.56546, 24.60000
-2.41547, 24.61000
-2.52335, 24.62000
-2.51022, 24.63000
-2.42508, 24.64000
-2.57690, 24.65000
-2.42584, 24.66000
-2.53952, 24.67000
-2.52701, 24.68000
-2.43713, 24.69000
-2.58865, 24.70000
-2.43683, 24.71000
-2.54990, 24.72000
-2.53616, 24.73000
-2.45117, 24.74000
-2.60040, 24.75000
-2.44781, 24.76000
-2.55203, 24.77000
-2.54700, 24.78000
-2.46216, 24.79000
-2.61169, 24.80000
-2.45728, 24.81000
-2.56134, 24.82000
-2.55981, 24.83000
-2.46811, 24.84000
-2.62405, 24.85000
-2.47070, 24.86000
-2.57660, 24.87000
-2.58270, 24.88000
-2.47910, 24.89000
-2.63489, 24.90000
-2.48230, 24.91000
-2.59033, 24.92000
-2.57858, 24.93000
-2.49603, 24.94000
-2.64832, 24.95000
-2.49146, 24.96000
-2.60574, 24.97000
-2.59659, 24.98000
-2.50870, 24.99000
-2.65945, 25.00000
