-0.00504, 0.01000
-0.16312, 0.02000
-0.00336, 0.03000
-0.14496, 0.04000
-0.08377, 0.05000
-0.03906, 0.06000
-0.16403, 0.07000
-0.00183, 0.08000
-0.14053, 0.09000
-0.07568, 0.10000
-0.03464, 0.11000
-0.16006, 0.12000
0.00198, 0.13000
-0.13870, 0.14000
-0.07614, 0.15000
-0.03540, 0.16000
-0.16113, 0.17000
0.00092, 0.18000
-0.15015, 0.19000
-0.07553, 0.20000
-0.03143, 0.21000
-0.15884, 0.22000
0.00183, 0.23000
-0.13992, 0.24000
-0.06912, 0.25000
-0.03876, 0.26000
-0.15854, 0.27000
0.00198, 0.28000
-0.14984, 0.29000
-0.07568, 0.30000
-0.03250, 0.31000
-0.15884, 0.32000
0.00366, 0.33000
-0.14008, 0.34000
-0.06927, 0.35000
-0.04074, 0.36000
-0.15930, 0.37000
0.00259, 0.38000
-0.14023, 0.39000
-0.06989, 0.40000
-0.03525, 0.41000
-0.15900, 0.42000
0.00336, 0.43000
-0.14328, 0.44000
-0.07523, 0.45000
-0.03525, 0.46000
-0.16357, 0.47000
0.00320, 0.48000
-0.14496, 0.49000
-0.06882, 0.50000
-0.03235, 0.51000
-0.15945, 0.52000
0.00229, 0.53000
-0.15198, 0.54000
-0.06958, 0.55000
-0.03052, 0.56000
-0.15091, 0.57000
0.01480, 0.58000
-0.14450, 0.59000
-0.05676, 0.60000
-0.02823, 0.61000
-0.15030, 0.62000
0.01236, 0.63000
-0.14969, 0.64000
-0.05997, 0.65000
-0.03265, 0.66000
-0.15640, 0.67000
0.01038, 0.68000
-0.14389, 0.69000
-0.06516, 0.70000
-0.03860, 0.71000
-0.15732, 0.72000
0.00626, 0.73000
-0.14572, 0.74000
-0.06424, 0.75000
-0.03677, 0.76000
-0.15717, 0.77000
0.00595, 0.78000
-0.14893, 0.79000
-0.07156, 0.80000
-0.04379, 0.81000
-0.15823, 0.82000
0.00229, 0.83000
-0.15427, 0.84000
-0.06332, 0.85000
-0.04242, 0.86000
-0.16388, 0.87000
0.00046, 0.88000
-0.15976, 0.89000
-0.07507, 0.90000
-0.04333, 0.91000
-0.16449, 0.92000
0.00015, 0.93000
-0.15900, 0.94000
-0.07553, 0.95000
-0.05127, 0.96000
-0.16525, 0.97000
0.00061, 0.98000
-0.16739, 0.99000
-0.07523, 1.00000
-0.04715, 1.01000
-0.16739, 1.02000
-0.00137, 1.03000
-0.16098, 1.04000
-0.07401, 1.05000
-0.04669, 1.06000
-0.16403, 1.07000
-0.00336, 1.08000
-0.17120, 1.09000
-0.06653, 1.10000
-0.04898, 1.11000
-0.17166, 1.12000
-0.00259, 1.13000
-0.16464, 1.14000
-0.07614, 1.15000
-0.04990, 1.16000
-0.16357, 1.17000
-0.00381, 1.18000
-0.16373, 1.19000
-0.06851, 1.20000
-0.05096, 1.21000
-0.16342, 1.22000
-0.00244, 1.23000
-0.16769, 1.24000
-0.07431, 1.25000
-0.04654, 1.26000
-0.16800, 1.27000
-0.00381, 1.28000
-0.16846, 1.29000
-0.06729, 1.30000
-0.06195, 1.31000
-0.16968, 1.32000
-0.00793, 1.33000
-0.17349, 1.34000
-0.07385, 1.35000
-0.06683, 1.36000
-0.16449, 1.37000
-0.00610, 1.38000
-0.17075, 1.39000
-0.08194, 1.40000
-0.05615, 1.41000
-0.16907, 1.42000
-0.00610, 1.43000
-0.17715, 1.44000
-0.07324, 1.45000
-0.05859, 1.46000
-0.16525, 1.47000
-0.00610, 1.48000
-0.17273, 1.49000
-0.07675, 1.50000
-0.06989, 1.51000
-0.17090, 1.52000
-0.00763, 1.53000
-0.17273, 1.54000
-0.07675, 1.55000
-0.06592, 1.56000
-0.16434, 1.57000
-0.00671, 1.58000
-0.18143, 1.59000
-0.07111, 1.60000
-0.07980, 1.61000
-0.16632, 1.62000
-0.00809, 1.63000
-0.17548, 1.64000
-0.06561, 1.65000
-0.06317, 1.66000
-0.16998, 1.67000
-0.00900, 1.68000
-0.18311, 1.69000
-0.07736, 1.70000
-0.06302, 1.71000
-0.16647, 1.72000
-0.00885, 1.73000
-0.17929, 1.74000
-0.07782, 1.75000
-0.06714, 1.76000
-0.17700, 1.77000
-0.01038, 1.78000
-0.18539, 1.79000
-0.07523, 1.80000
-0.06882, 1.81000
-0.16693, 1.82000
-0.01144, 1.83000
-0.18173, 1.84000
-0.08041, 1.85000
-0.08118, 1.86000
-0.17288, 1.87000
-0.01129, 1.88000
-0.18127, 1.89000
-0.06943, 1.90000
-0.07706, 1.91000
-0.17349, 1.92000
-0.01190, 1.93000
-0.18417, 1.94000
-0.07919, 1.95000
-0.07126, 1.96000
-0.17273, 1.97000
-0.01297, 1.98000
-0.19012, 1.99000
-0.07477, 2.00000
-0.08575, 2.01000
-0.16739, 2.02000
-0.01282, 2.03000
-0.18494, 2.04000
-0.06653, 2.05000
-0.08865, 2.06000
-0.17319, 2.07000
-0.01602, 2.08000
-0.18921, 2.09000
-0.07309, 2.10000
-0.07828, 2.11000
-0.16846, 2.12000
-0.01556, 2.13000
-0.18646, 2.14000
-0.08102, 2.15000
-0.08240, 2.16000
-0.17380, 2.17000
-0.01572, 2.18000
-0.19394, 2.19000
-0.07904, 2.20000
-0.08148, 2.21000
-0.17700, 2.22000
-0.01724, 2.23000
-0.19501, 2.24000
-0.07217, 2.25000
-0.09171, 2.26000
-0.17639, 2.27000
-0.01724, 2.28000
-0.19531, 2.29000
-0.07767, 2.30000
-0.08881, 2.31000
-0.17731, 2.32000
-0.01755, 2.33000
-0.19287, 2.34000
-0.07126, 2.35000
-0.09567, 2.36000
-0.17670, 2.37000
-0.01831, 2.38000
-0.19318, 2.39000
-0.07080, 2.40000
-0.08713, 2.41000
-0.18448, 2.42000
-0.02045, 2.43000
-0.19638, 2.44000
-0.07813, 2.45000
-0.08743, 2.46000
-0.16983, 2.47000
-0.02060, 2.48000
-0.19699, 2.49000
-0.07034, 2.50000
-0.09232, 2.51000
-0.17883, 2.52000
-0.02106, 2.53000
-0.19669, 2.54000
-0.07507, 2.55000
-0.10605, 2.56000
-0.16525, 2.57000
-0.02121, 2.58000
-0.19638, 2.59000
-0.07904, 2.60000
-0.09689, 2.61000
-0.17822, 2.62000
-0.02411, 2.63000
-0.20004, 2.64000
-0.07477, 2.65000
-0.10071, 2.66000
-0.16891, 2.67000
-0.02289, 2.68000
-0.20401, 2.69000
-0.07614, 2.70000
-0.10910, 2.71000
-0.17349, 2.72000
-0.02579, 2.73000
-0.19867, 2.74000
-0.07980, 2.75000
-0.10132, 2.76000
-0.17792, 2.77000
-0.02670, 2.78000
-0.20325, 2.79000
-0.07950, 2.80000
-0.10788, 2.81000
-0.18143, 2.82000
-0.02823, 2.83000
-0.20599, 2.84000
-0.07401, 2.85000
-0.10315, 2.86000
-0.17868, 2.87000
-0.02670, 2.88000
-0.20660, 2.89000
-0.07721, 2.90000
-0.10223, 2.91000
-0.17853, 2.92000
-0.02762, 2.93000
-0.20828, 2.94000
-0.08362, 2.95000
-0.11490, 2.96000
-0.17319, 2.97000
-0.02899, 2.98000
-0.20905, 2.99000
-0.08148, 3.00000
-0.10895, 3.01000
-0.17441, 3.02000
-0.03098, 3.03000
-0.20966, 3.04000
-0.08163, 3.05000
-0.11780, 3.06000
-0.19577, 3.07000
-0.03082, 3.08000
-0.21027, 3.09000
-0.08347, 3.10000
-0.11246, 3.11000
-0.18036, 3.12000
-0.03342, 3.13000
-0.21347, 3.14000
-0.08377, 3.15000
-0.10803, 3.16000
-0.17822, 3.17000
-0.03525, 3.18000
-0.21393, 3.19000
-0.07980, 3.20000
-0.11475, 3.21000
-0.18158, 3.22000
-0.03616, 3.23000
-0.21439, 3.24000
-0.08438, 3.25000
-0.12436, 3.26000
-0.18250, 3.27000
-0.03662, 3.28000
-0.21652, 3.29000
-0.08636, 3.30000
-0.12466, 3.31000
-0.18631, 3.32000
-0.03876, 3.33000
-0.21744, 3.34000
-0.08636, 3.35000
-0.12207, 3.36000
-0.18600, 3.37000
-0.03876, 3.38000
-0.21835, 3.39000
-0.08575, 3.40000
-0.13016, 3.41000
-0.18494, 3.42000
-0.04074, 3.43000
-0.21866, 3.44000
-0.08804, 3.45000
-0.13153, 3.46000
-0.18463, 3.47000
-0.04303, 3.48000
-0.22079, 3.49000
-0.08926, 3.50000
-0.12558, 3.51000
-0.18723, 3.52000
-0.04410, 3.53000
-0.22202, 3.54000
-0.08774, 3.55000
-0.13474, 3.56000
-0.18707, 3.57000
-0.04379, 3.58000
-0.22354, 3.59000
-0.08423, 3.60000
-0.13016, 3.61000
-0.18158, 3.62000
-0.04501, 3.63000
-0.22415, 3.64000
-0.09216, 3.65000
-0.13718, 3.66000
-0.18005, 3.67000
-0.04532, 3.68000
-0.22507, 3.69000
-0.08575, 3.70000
-0.13123, 3.71000
-0.20630, 3.72000
-0.04547, 3.73000
-0.22415, 3.74000
-0.08850, 3.75000
-0.13000, 3.76000
-0.18509, 3.77000
-0.04471, 3.78000
-0.22430, 3.79000
-0.08606, 3.80000
-0.13458, 3.81000
-0.18707, 3.82000
-0.04898, 3.83000
-0.22720, 3.84000
-0.08850, 3.85000
-0.14557, 3.86000
-0.18585, 3.87000
-0.05066, 3.88000
-0.23056, 3.89000
-0.09415, 3.90000
-0.14740, 3.91000
-0.19073, 3.92000
-0.05508, 3.93000
-0.23026, 3.94000
-0.09613, 3.95000
-0.13992, 3.96000
-0.19119, 3.97000
-0.05615, 3.98000
-0.23254, 3.99000
-0.08942, 4.00000
-0.14999, 4.01000
-0.19028, 4.02000
-0.05280, 4.03000
-0.23163, 4.04000
-0.09552, 4.05000
-0.15060, 4.06000
-0.18494, 4.07000
-0.05310, 4.08000
-0.23132, 4.09000
-0.09506, 4.10000
-0.14297, 4.11000
-0.18417, 4.12000
-0.05402, 4.13000
-0.23071, 4.14000
-0.08682, 4.15000
-0.14496, 4.16000
-0.18509, 4.17000
-0.05127, 4.18000
-0.22675, 4.19000
-0.08560, 4.20000
-0.13947, 4.21000
-0.18539, 4.22000
-0.04852, 4.23000
-0.22705, 4.24000
-0.08499, 4.25000
-0.14511, 4.26000
-0.18768, 4.27000
-0.05539, 4.28000
-0.23209, 4.29000
-0.09445, 4.30000
-0.15732, 4.31000
-0.19302, 4.32000
-0.05844, 4.33000
-0.23544, 4.34000
-0.09003, 4.35000
-0.15060, 4.36000
-0.21362, 4.37000
-0.06210, 4.38000
-0.23834, 4.39000
-0.09979, 4.40000
-0.15335, 4.41000
-0.19043, 4.42000
-0.06561, 4.43000
-0.23849, 4.44000
-0.08942, 4.45000
-0.15549, 4.46000
-0.19592, 4.47000
-0.06226, 4.48000
-0.23849, 4.49000
-0.09155, 4.50000
-0.15869, 4.51000
-0.19379, 4.52000
-0.06714, 4.53000
-0.24384, 4.54000
-0.10696, 4.55000
-0.16678, 4.56000
-0.20416, 4.57000
-0.06912, 4.58000
-0.24719, 4.59000
-0.09781, 4.60000
-0.16602, 4.61000
-0.20599, 4.62000
-0.07828, 4.63000
-0.25345, 4.64000
-0.11429, 4.65000
-0.18295, 4.66000
-0.21210, 4.67000
-0.08179, 4.68000
-0.25848, 4.69000
-0.11536, 4.70000
-0.17868, 4.71000
-0.21301, 4.72000
-0.08438, 4.73000
-0.25818, 4.74000
-0.11612, 4.75000
-0.16693, 4.76000
-0.21378, 4.77000
-0.08469, 4.78000
-0.25726, 4.79000
-0.10727, 4.80000
-0.18478, 4.81000
-0.21133, 4.82000
-0.07950, 4.83000
-0.25726, 4.84000
-0.10605, 4.85000
-0.17944, 4.86000
-0.20660, 4.87000
-0.08514, 4.88000
-0.25635, 4.89000
-0.11612, 4.90000
-0.17700, 4.91000
-0.20676, 4.92000
-0.07950, 4.93000
-0.25482, 4.94000
-0.11383, 4.95000
-0.17899, 4.96000
-0.21088, 4.97000
-0.08408, 4.98000
-0.25696, 4.99000
-0.11368, 5.00000
-0.18829, 5.01000
-0.22659, 5.02000
-0.08286, 5.03000
-0.25650, 5.04000
-0.11124, 5.05000
-0.18234, 5.06000
-0.21133, 5.07000
-0.08911, 5.08000
-0.25848, 5.09000
-0.11292, 5.10000
-0.19089, 5.11000
-0.21194, 5.12000
-0.08743, 5.13000
-0.25970, 5.14000
-0.10880, 5.15000
-0.19089, 5.16000
-0.21271, 5.17000
-0.08759, 5.18000
-0.26108, 5.19000
-0.11292, 5.20000
-0.18616, 5.21000
-0.20996, 5.22000
-0.08926, 5.23000
-0.26367, 5.24000
-0.10788, 5.25000
-0.19989, 5.26000
-0.21637, 5.27000
-0.09552, 5.28000
-0.26596, 5.29000
-0.11169, 5.30000
-0.20081, 5.31000
-0.21790, 5.32000
-0.09872, 5.33000
-0.26794, 5.34000
-0.11765, 5.35000
-0.20493, 5.36000
-0.22095, 5.37000
-0.09537, 5.38000
-0.26871, 5.39000
-0.11963, 5.40000
-0.19882, 5.41000
-0.21469, 5.42000
-0.09888, 5.43000
-0.27084, 5.44000
-0.12299, 5.45000
-0.21103, 5.46000
-0.21408, 5.47000
-0.10101, 5.48000
-0.27161, 5.49000
-0.12207, 5.50000
-0.20218, 5.51000
-0.22598, 5.52000
-0.10422, 5.53000
-0.27267, 5.54000
-0.11932, 5.55000
-0.21637, 5.56000
-0.21759, 5.57000
-0.10895, 5.58000
-0.27664, 5.59000
-0.11597, 5.60000
-0.20752, 5.61000
-0.22858, 5.62000
-0.10895, 5.63000
-0.27786, 5.64000
-0.12695, 5.65000
-0.20782, 5.66000
-0.23666, 5.67000
-0.11261, 5.68000
-0.27847, 5.69000
-0.12054, 5.70000
-0.20859, 5.71000
-0.22705, 5.72000
-0.10742, 5.73000
-0.27817, 5.74000
-0.12741, 5.75000
-0.21439, 5.76000
-0.21988, 5.77000
-0.10971, 5.78000
-0.28015, 5.79000
-0.12756, 5.80000
-0.22568, 5.81000
-0.22171, 5.82000
-0.11261, 5.83000
-0.28183, 5.84000
-0.12817, 5.85000
-0.21851, 5.86000
-0.23209, 5.87000
-0.11810, 5.88000
-0.28122, 5.89000
-0.12726, 5.90000
-0.22644, 5.91000
-0.23087, 5.92000
-0.11673, 5.93000
-0.28442, 5.94000
-0.12634, 5.95000
-0.23254, 5.96000
-0.23315, 5.97000
-0.12009, 5.98000
-0.28717, 5.99000
-0.13199, 6.00000
-0.23331, 6.01000
-0.23529, 6.02000
-0.12451, 6.03000
-0.28824, 6.04000
-0.12680, 6.05000
-0.23132, 6.06000
-0.23285, 6.07000
-0.12558, 6.08000
-0.28870, 6.09000
-0.13153, 6.10000
-0.22583, 6.11000
-0.22980, 6.12000
-0.12436, 6.13000
-0.28748, 6.14000
-0.12756, 6.15000
-0.23178, 6.16000
-0.23743, 6.17000
-0.12222, 6.18000
-0.28900, 6.19000
-0.13397, 6.20000
-0.22934, 6.21000
-0.23499, 6.22000
-0.12924, 6.23000
-0.29236, 6.24000
-0.14084, 6.25000
-0.23392, 6.26000
-0.23560, 6.27000
-0.12985, 6.28000
-0.29190, 6.29000
-0.13245, 6.30000
-0.23575, 6.31000
-0.25421, 6.32000
-0.13504, 6.33000
-0.29358, 6.34000
-0.13855, 6.35000
-0.23819, 6.36000
-0.23270, 6.37000
-0.13016, 6.38000
-0.29785, 6.39000
-0.13916, 6.40000
-0.24109, 6.41000
-0.23926, 6.42000
-0.13855, 6.43000
-0.29739, 6.44000
-0.13718, 6.45000
-0.24994, 6.46000
-0.23865, 6.47000
-0.13657, 6.48000
-0.29999, 6.49000
-0.13763, 6.50000
-0.25299, 6.51000
-0.24109, 6.52000
-0.13565, 6.53000
-0.29953, 6.54000
-0.14023, 6.55000
-0.25452, 6.56000
-0.23941, 6.57000
-0.14008, 6.58000
-0.30273, 6.59000
-0.14008, 6.60000
-0.25558, 6.61000
-0.23682, 6.62000
-0.14694, 6.63000
-0.30396, 6.64000
-0.14389, 6.65000
-0.25406, 6.66000
-0.22842, 6.67000
-0.15335, 6.68000
-0.30472, 6.69000
-0.14175, 6.70000
-0.25269, 6.71000
-0.24216, 6.72000
-0.13901, 6.73000
-0.30457, 6.74000
-0.14221, 6.75000
-0.25421, 6.76000
-0.23163, 6.77000
-0.14557, 6.78000
-0.30624, 6.79000
-0.14832, 6.80000
-0.26001, 6.81000
-0.22964, 6.82000
-0.14954, 6.83000
-0.30655, 6.84000
-0.14832, 6.85000
-0.25848, 6.86000
-0.24307, 6.87000
-0.14954, 6.88000
-0.30243, 6.89000
-0.13885, 6.90000
-0.30121, 6.91000
-0.21301, 6.92000
-0.18097, 6.93000
-0.30319, 6.94000
-0.14130, 6.95000
-0.29236, 6.96000
-0.23575, 6.97000
-0.18311, 6.98000
-0.30319, 6.99000
-0.14328, 7.00000
-0.30334, 7.01000
-0.21408, 7.02000
-0.18875, 7.03000
-0.30670, 7.04000
-0.14145, 7.05000
-0.30197, 7.06000
-0.21973, 7.07000
-0.18906, 7.08000
-0.30746, 7.09000
-0.14313, 7.10000
-0.30960, 7.11000
-0.21530, 7.12000
-0.19150, 7.13000
-0.31052, 7.14000
-0.14404, 7.15000
-0.30365, 7.16000
-0.22247, 7.17000
-0.19699, 7.18000
-0.31082, 7.19000
-0.14725, 7.20000
-0.30380, 7.21000
-0.22110, 7.22000
-0.20035, 7.23000
-0.31387, 7.24000
-0.14877, 7.25000
-0.31372, 7.26000
-0.22308, 7.27000
-0.20416, 7.28000
-0.31448, 7.29000
-0.15106, 7.30000
-0.30853, 7.31000
-0.21606, 7.32000
-0.20493, 7.33000
-0.31479, 7.34000
-0.15030, 7.35000
-0.31219, 7.36000
-0.22034, 7.37000
-0.19577, 7.38000
-0.31586, 7.39000
-0.15366, 7.40000
-0.31723, 7.41000
-0.21912, 7.42000
-0.20920, 7.43000
-0.31754, 7.44000
-0.15289, 7.45000
-0.32303, 7.46000
-0.22522, 7.47000
-0.20309, 7.48000
-0.31418, 7.49000
-0.15411, 7.50000
-0.31586, 7.51000
-0.22507, 7.52000
-0.21011, 7.53000
-0.31586, 7.54000
-0.15518, 7.55000
-0.31738, 7.56000
-0.22659, 7.57000
-0.20920, 7.58000
-0.31830, 7.59000
-0.15442, 7.60000
-0.32684, 7.61000
-0.24353, 7.62000
-0.21545, 7.63000
-0.32043, 7.64000
-0.15808, 7.65000
-0.31982, 7.66000
-0.22675, 7.67000
-0.21957, 7.68000
-0.31631, 7.69000
-0.15747, 7.70000
-0.32730, 7.71000
-0.22568, 7.72000
-0.22095, 7.73000
-0.32227, 7.74000
-0.15900, 7.75000
-0.32303, 7.76000
-0.22903, 7.77000
-0.21591, 7.78000
-0.32318, 7.79000
-0.16205, 7.80000
-0.33524, 7.81000
-0.22110, 7.82000
-0.21225, 7.83000
-0.32043, 7.84000
-0.16342, 7.85000
-0.32928, 7.86000
-0.23178, 7.87000
-0.22369, 7.88000
-0.32669, 7.89000
-0.16586, 7.90000
-0.33264, 7.91000
-0.23346, 7.92000
-0.22110, 7.93000
-0.32806, 7.94000
-0.16617, 7.95000
-0.33981, 7.96000
-0.24155, 7.97000
-0.22293, 7.98000
-0.32425, 7.99000
-0.16876, 8.00000
-0.33859, 8.01000
-0.23438, 8.02000
-0.22156, 8.03000
-0.32471, 8.04000
-0.16983, 8.05000
-0.34409, 8.06000
-0.23682, 8.07000
-0.23483, 8.08000
-0.32669, 8.09000
-0.17136, 8.10000
-0.34393, 8.11000
-0.23819, 8.12000
-0.23651, 8.13000
-0.33066, 8.14000
-0.17227, 8.15000
-0.35049, 8.16000
-0.23605, 8.17000
-0.24902, 8.18000
-0.33081, 8.19000
-0.17548, 8.20000
-0.34897, 8.21000
-0.24033, 8.22000
-0.24704, 8.23000
-0.33829, 8.24000
-0.17593, 8.25000
-0.34729, 8.26000
-0.25787, 8.27000
-0.24918, 8.28000
-0.33768, 8.29000
-0.17776, 8.30000
-0.34683, 8.31000
-0.23682, 8.32000
-0.24078, 8.33000
-0.34027, 8.34000
-0.18112, 8.35000
-0.35858, 8.36000
-0.23514, 8.37000
-0.23849, 8.38000
-0.33630, 8.39000
-0.18326, 8.40000
-0.35690, 8.41000
-0.23743, 8.42000
-0.24933, 8.43000
-0.33615, 8.44000
-0.18494, 8.45000
-0.36285, 8.46000
-0.23880, 8.47000
-0.25192, 8.48000
-0.33890, 8.49000
-0.18616, 8.50000
-0.35995, 8.51000
-0.24521, 8.52000
-0.26367, 8.53000
-0.34775, 8.54000
-0.18890, 8.55000
-0.36682, 8.56000
-0.24689, 8.57000
-0.26154, 8.58000
-0.35049, 8.59000
-0.18967, 8.60000
-0.36728, 8.61000
-0.24307, 8.62000
-0.27237, 8.63000
-0.34195, 8.64000
-0.19104, 8.65000
-0.36575, 8.66000
-0.24872, 8.67000
-0.25879, 8.68000
-0.34851, 8.69000
-0.19241, 8.70000
-0.36850, 8.71000
-0.25253, 8.72000
-0.26794, 8.73000
-0.34546, 8.74000
-0.19455, 8.75000
-0.37369, 8.76000
-0.24857, 8.77000
-0.27267, 8.78000
-0.34622, 8.79000
-0.19669, 8.80000
-0.37506, 8.81000
-0.25040, 8.82000
-0.27206, 8.83000
-0.34332, 8.84000
-0.19791, 8.85000
-0.37476, 8.86000
-0.25909, 8.87000
-0.27527, 8.88000
-0.35095, 8.89000
-0.19852, 8.90000
-0.37888, 8.91000
-0.27664, 8.92000
-0.27405, 8.93000
-0.35889, 8.94000
-0.20157, 8.95000
-0.38162, 8.96000
-0.25635, 8.97000
-0.28381, 8.98000
-0.35233, 8.99000
-0.20279, 9.00000
-0.37415, 9.01000
-0.25848, 9.02000
-0.28290, 9.03000
-0.35980, 9.04000
-0.20462, 9.05000
-0.38589, 9.06000
-0.25742, 9.07000
-0.29160, 9.08000
-0.36285, 9.09000
-0.20798, 9.10000
-0.38467, 9.11000
-0.26337, 9.12000
-0.29343, 9.13000
-0.36301, 9.14000
-0.20966, 9.15000
-0.38956, 9.16000
-0.26260, 9.17000
-0.28000, 9.18000
-0.35980, 9.19000
-0.21225, 9.20000
-0.38849, 9.21000
-0.26398, 9.22000
-0.28885, 9.23000
-0.36667, 9.24000
-0.21378, 9.25000
-0.39398, 9.26000
-0.26230, 9.27000
-0.28854, 9.28000
-0.35950, 9.29000
-0.21545, 9.30000
-0.39459, 9.31000
-0.26382, 9.32000
-0.29556, 9.33000
-0.36179, 9.34000
-0.21790, 9.35000
-0.39856, 9.36000
-0.26703, 9.37000
-0.29800, 9.38000
-0.36209, 9.39000
-0.22034, 9.40000
-0.40039, 9.41000
-0.27649, 9.42000
-0.30746, 9.43000
-0.37048, 9.44000
-0.22217, 9.45000
-0.40314, 9.46000
-0.27359, 9.47000
-0.31006, 9.48000
-0.37537, 9.49000
-0.22629, 9.50000
-0.40451, 9.51000
-0.27527, 9.52000
-0.31143, 9.53000
-0.37659, 9.54000
-0.22781, 9.55000
-0.40726, 9.56000
-0.28931, 9.57000
-0.31448, 9.58000
-0.37598, 9.59000
-0.22980, 9.60000
-0.40909, 9.61000
-0.27985, 9.62000
-0.31052, 9.63000
-0.37079, 9.64000
-0.23087, 9.65000
-0.41183, 9.66000
-0.27649, 9.67000
-0.31189, 9.68000
-0.37369, 9.69000
-0.23300, 9.70000
-0.41321, 9.71000
-0.27893, 9.72000
-0.31662, 9.73000
-0.37506, 9.74000
-0.23483, 9.75000
-0.41504, 9.76000
-0.28870, 9.77000
-0.32547, 9.78000
-0.37674, 9.79000
-0.23758, 9.80000
-0.41763, 9.81000
-0.29007, 9.82000
-0.32684, 9.83000
-0.38727, 9.84000
-0.23987, 9.85000
-0.41870, 9.86000
-0.28839, 9.87000
-0.33173, 9.88000
-0.38742, 9.89000
-0.24231, 9.90000
-0.42221, 9.91000
-0.28687, 9.92000
-0.33447, 9.93000
-0.38879, 9.94000
-0.24429, 9.95000
-0.42358, 9.96000
-0.28793, 9.97000
-0.32532, 9.98000
-0.38406, 9.99000
-0.24780, 10.00000
-0.42709, 10.01000
-0.28870, 10.02000
-0.33112, 10.03000
-0.39139, 10.04000
-0.24765, 10.05000
-0.42755, 10.06000
-0.29495, 10.07000
-0.33585, 10.08000
-0.38589, 10.09000
-0.25055, 10.10000
-0.43045, 10.11000
-0.29541, 10.12000
-0.34409, 10.13000
-0.38605, 10.14000
-0.25314, 10.15000
-0.43259, 10.16000
-0.29922, 10.17000
-0.33783, 10.18000
-0.40634, 10.19000
-0.25391, 10.20000
-0.43411, 10.21000
-0.31219, 10.22000
-0.34439, 10.23000
-0.39871, 10.24000
-0.25497, 10.25000
-0.43396, 10.26000
-0.29846, 10.27000
-0.35278, 10.28000
-0.39948, 10.29000
-0.25970, 10.30000
-0.43655, 10.31000
-0.30273, 10.32000
-0.35309, 10.33000
-0.39871, 10.34000
-0.26016, 10.35000
-0.43945, 10.36000
-0.30487, 10.37000
-0.35263, 10.38000
-0.40436, 10.39000
-0.26260, 10.40000
-0.44052, 10.41000
-0.30807, 10.42000
-0.35446, 10.43000
-0.40665, 10.44000
-0.26611, 10.45000
-0.44525, 10.46000
-0.30319, 10.47000
-0.36392, 10.48000
-0.40588, 10.49000
-0.26978, 10.50000
-0.44693, 10.51000
-0.31174, 10.52000
-0.36240, 10.53000
-0.40878, 10.54000
-0.26855, 10.55000
-0.44724, 10.56000
-0.30624, 10.57000
-0.36789, 10.58000
-0.40741, 10.59000
-0.27039, 10.60000
-0.44785, 10.61000
-0.31128, 10.62000
-0.35660, 10.63000
-0.40466, 10.64000
-0.27008, 10.65000
-0.44846, 10.66000
-0.30762, 10.67000
-0.36270, 10.68000
-0.40924, 10.69000
-0.27573, 10.70000
-0.45074, 10.71000
-0.30869, 10.72000
-0.35904, 10.73000
-0.40604, 10.74000
-0.27863, 10.75000
-0.45456, 10.76000
-0.31128, 10.77000
-0.36438, 10.78000
-0.41245, 10.79000
-0.27802, 10.80000
-0.45685, 10.81000
-0.31296, 10.82000
-0.36667, 10.83000
-0.41519, 10.84000
-0.28244, 10.85000
-0.46127, 10.86000
-0.33646, 10.87000
-0.37613, 10.88000
-0.42175, 10.89000
-0.28809, 10.90000
-0.46448, 10.91000
-0.32089, 10.92000
-0.38269, 10.93000
-0.42206, 10.94000
-0.29022, 10.95000
-0.46982, 10.96000
-0.33356, 10.97000
-0.39047, 10.98000
-0.42313, 10.99000
-0.29510, 11.00000
-0.47058, 11.01000
-0.33279, 11.02000
-0.39780, 11.03000
-0.43365, 11.04000
-0.29938, 11.05000
-0.47546, 11.06000
-0.33813, 11.07000
-0.40283, 11.08000
-0.43381, 11.09000
-0.30609, 11.10000
-0.48126, 11.11000
-0.33325, 11.12000
-0.40741, 11.13000
-0.43732, 11.14000
-0.30991, 11.15000
-0.48294, 11.16000
-0.33844, 11.17000
-0.40802, 11.18000
-0.43625, 11.19000
-0.31021, 11.20000
-0.48767, 11.21000
-0.34088, 11.22000
-0.41092, 11.23000
-0.43884, 11.24000
-0.31006, 11.25000
-0.48203, 11.26000
-0.33569, 11.27000
-0.40024, 11.28000
-0.43396, 11.29000
-0.30853, 11.30000
-0.48126, 11.31000
-0.33997, 11.32000
-0.41260, 11.33000
-0.43411, 11.34000
-0.30991, 11.35000
-0.48294, 11.36000
-0.33340, 11.37000
-0.40497, 11.38000
-0.43930, 11.39000
-0.30960, 11.40000
-0.48416, 11.41000
-0.34256, 11.42000
-0.41473, 11.43000
-0.44006, 11.44000
-0.31235, 11.45000
-0.48599, 11.46000
-0.33752, 11.47000
-0.41504, 11.48000
-0.43732, 11.49000
-0.31677, 11.50000
-0.48859, 11.51000
-0.35767, 11.52000
-0.41214, 11.53000
-0.44388, 11.54000
-0.31815, 11.55000
-0.48813, 11.56000
-0.33890, 11.57000
-0.42068, 11.58000
-0.44464, 11.59000
-0.32135, 11.60000
-0.49194, 11.61000
-0.33997, 11.62000
-0.41290, 11.63000
-0.44647, 11.64000
-0.32410, 11.65000
-0.49255, 11.66000
-0.35278, 11.67000
-0.42603, 11.68000
-0.45120, 11.69000
-0.32501, 11.70000
-0.49545, 11.71000
-0.34866, 11.72000
-0.42160, 11.73000
-0.44617, 11.74000
-0.33005, 11.75000
-0.49896, 11.76000
-0.35965, 11.77000
-0.43442, 11.78000
-0.44876, 11.79000
-0.33051, 11.80000
-0.49973, 11.81000
-0.35355, 11.82000
-0.43777, 11.83000
-0.45700, 11.84000
-0.33325, 11.85000
-0.50339, 11.86000
-0.35599, 11.87000
-0.43518, 11.88000
-0.46005, 11.89000
-0.33844, 11.90000
-0.50858, 11.91000
-0.35843, 11.92000
-0.43869, 11.93000
-0.45914, 11.94000
-0.34454, 11.95000
-0.50751, 11.96000
-0.35934, 11.97000
-0.44601, 11.98000
-0.45593, 11.99000
-0.34134, 12.00000
-0.51147, 12.01000
-0.35706, 12.02000
-0.45090, 12.03000
-0.45868, 12.04000
-0.34302, 12.05000
-0.51559, 12.06000
-0.36026, 12.07000
-0.44525, 12.08000
-0.46310, 12.09000
-0.34821, 12.10000
-0.51834, 12.11000
-0.37048, 12.12000
-0.45197, 12.13000
-0.46127, 12.14000
-0.35187, 12.15000
-0.51788, 12.16000
-0.38513, 12.17000
-0.45120, 12.18000
-0.47272, 12.19000
-0.35934, 12.20000
-0.52139, 12.21000
-0.37155, 12.22000
-0.46341, 12.23000
-0.47440, 12.24000
-0.35660, 12.25000
-0.52444, 12.26000
-0.37659, 12.27000
-0.45822, 12.28000
-0.47653, 12.29000
-0.35965, 12.30000
-0.52628, 12.31000
-0.37140, 12.32000
-0.46555, 12.33000
-0.47287, 12.34000
-0.36453, 12.35000
-0.52597, 12.36000
-0.37018, 12.37000
-0.46768, 12.38000
-0.46463, 12.39000
-0.35126, 12.40000
-0.51407, 12.41000
-0.36224, 12.42000
-0.45532, 12.43000
-0.46143, 12.44000
-0.34195, 12.45000
-0.50842, 12.46000
-0.34485, 12.47000
-0.43015, 12.48000
-0.42725, 12.49000
-0.30960, 12.50000
-0.47226, 12.51000
-0.32227, 12.52000
-0.40787, 12.53000
-0.42114, 12.54000
-0.31464, 12.55000
-0.48233, 12.56000
-0.33249, 12.57000
-0.43076, 12.58000
-0.43915, 12.59000
-0.33493, 12.60000
-0.50293, 12.61000
-0.35446, 12.62000
-0.44968, 12.63000
-0.45273, 12.64000
-0.36087, 12.65000
-0.53253, 12.66000
-0.38177, 12.67000
-0.49103, 12.68000
-0.50522, 12.69000
-0.40543, 12.70000
-0.57693, 12.71000
-0.42633, 12.72000
-0.52460, 12.73000
-0.52414, 12.74000
-0.41977, 12.75000
-0.58456, 12.76000
-0.43182, 12.77000
-0.52856, 12.78000
-0.51910, 12.79000
-0.41306, 12.80000
-0.57678, 12.81000
-0.44205, 12.82000
-0.52399, 12.83000
-0.52963, 12.84000
-0.41946, 12.85000
-0.57861, 12.86000
-0.42450, 12.87000
-0.52750, 12.88000
-0.52109, 12.89000
-0.41687, 12.90000
-0.57556, 12.91000
-0.41382, 12.92000
-0.52155, 12.93000
-0.51453, 12.94000
-0.41122, 12.95000
-0.56686, 12.96000
-0.40710, 12.97000
-0.50278, 12.98000
-0.49850, 12.99000
-0.40619, 13.00000
-0.56381, 13.01000
-0.40344, 13.02000
-0.50491, 13.03000
-0.50644, 13.04000
-0.39948, 13.05000
-0.56290, 13.06000
-0.40588, 13.07000
-0.50568, 13.08000
-0.49637, 13.09000
-0.40985, 13.10000
-0.56778, 13.11000
-0.41504, 13.12000
-0.51407, 13.13000
-0.50980, 13.14000
-0.41428, 13.15000
-0.57755, 13.16000
-0.42648, 13.17000
-0.52628, 13.18000
-0.52414, 13.19000
-0.42725, 13.20000
-0.58868, 13.21000
-0.43823, 13.22000
-0.54489, 13.23000
-0.52780, 13.24000
-0.43533, 13.25000
-0.59387, 13.26000
-0.43961, 13.27000
-0.54855, 13.28000
-0.53802, 13.29000
-0.44037, 13.30000
-0.59448, 13.31000
-0.43900, 13.32000
-0.55008, 13.33000
-0.53635, 13.34000
-0.44296, 13.35000
-0.59814, 13.36000
-0.43655, 13.37000
-0.55328, 13.38000
-0.53436, 13.39000
-0.44968, 13.40000
-0.59540, 13.41000
-0.44083, 13.42000
-0.54352, 13.43000
-0.53741, 13.44000
-0.44525, 13.45000
-0.59952, 13.46000
-0.46112, 13.47000
-0.55496, 13.48000
-0.53787, 13.49000
-0.43930, 13.50000
-0.60043, 13.51000
-0.44464, 13.52000
-0.55130, 13.53000
-0.52979, 13.54000
-0.44342, 13.55000
-0.60120, 13.56000
-0.44632, 13.57000
-0.56305, 13.58000
-0.52811, 13.59000
-0.45685, 13.60000
-0.60333, 13.61000
-0.44769, 13.62000
-0.55603, 13.63000
-0.54459, 13.64000
-0.45685, 13.65000
-0.60715, 13.66000
-0.45105, 13.67000
-0.56702, 13.68000
-0.54337, 13.69000
-0.45319, 13.70000
-0.60791, 13.71000
-0.45227, 13.72000
-0.56961, 13.73000
-0.54062, 13.74000
-0.45929, 13.75000
-0.61127, 13.76000
-0.45685, 13.77000
-0.57388, 13.78000
-0.54672, 13.79000
-0.46051, 13.80000
-0.61584, 13.81000
-0.45563, 13.82000
-0.57129, 13.83000
-0.55237, 13.84000
-0.47348, 13.85000
-0.61874, 13.86000
-0.46432, 13.87000
-0.57678, 13.88000
-0.54977, 13.89000
-0.47089, 13.90000
-0.62607, 13.91000
-0.46692, 13.92000
-0.58487, 13.93000
-0.55603, 13.94000
-0.47897, 13.95000
-0.63522, 13.96000
-0.47623, 13.97000
-0.59555, 13.98000
-0.56564, 13.99000
-0.49362, 14.00000
-0.64545, 14.01000
-0.49255, 14.02000
-0.61661, 14.03000
-0.57724, 14.04000
-0.50217, 14.05000
-0.65475, 14.06000
-0.50156, 14.07000
-0.61600, 14.08000
-0.59738, 14.09000
-0.51514, 14.10000
-0.66498, 14.11000
-0.52124, 14.12000
-0.63187, 14.13000
-0.60104, 14.14000
-0.52322, 14.15000
-0.67322, 14.16000
-0.51941, 14.17000
-0.64224, 14.18000
-0.61691, 14.19000
-0.54657, 14.20000
-0.69138, 14.21000
-0.53894, 14.22000
-0.66666, 14.23000
-0.63721, 14.24000
-0.57114, 14.25000
-0.71930, 14.26000
-0.56366, 14.27000
-0.68985, 14.28000
-0.67108, 14.29000
-0.60776, 14.30000
-0.75775, 14.31000
-0.60791, 14.32000
-0.73593, 14.33000
-0.71182, 14.34000
-0.66147, 14.35000
-0.81635, 14.36000
-0.66940, 14.37000
-0.81039, 14.38000
-0.79697, 14.39000
-0.74829, 14.40000
-0.90805, 14.41000
-0.77637, 14.42000
-0.92285, 14.43000
-0.91064, 14.44000
-0.87753, 14.45000
-1.05286, 14.46000
-0.92926, 14.47000
-1.08002, 14.48000
-1.08658, 14.49000
-1.05347, 14.50000
-1.23077, 14.51000
-1.11130, 14.52000
-1.27396, 14.53000
-1.28830, 14.54000
-1.24054, 14.55000
-1.41754, 14.56000
-1.28906, 14.57000
-1.45187, 14.58000
-1.43936, 14.59000
-1.39633, 14.60000
-1.56540, 14.61000
-1.42303, 14.62000
-1.57272, 14.63000
-1.54755, 14.64000
-1.49750, 14.65000
-1.64429, 14.66000
-1.48956, 14.67000
-1.61301, 14.68000
-1.57806, 14.69000
-1.51718, 14.70000
-1.65009, 14.71000
-1.47980, 14.72000
-1.60599, 14.73000
-1.55365, 14.74000
-1.48224, 14.75000
-1.60690, 14.76000
-1.44028, 14.77000
-1.54770, 14.78000
-1.49368, 14.79000
-1.41296, 14.80000
-1.54190, 14.81000
-1.36444, 14.82000
-1.47614, 14.83000
-1.42014, 14.84000
-1.33850, 14.85000
-1.46347, 14.86000
-1.28723, 14.87000
-1.40137, 14.88000
-1.33179, 14.89000
-1.26129, 14.90000
-1.38382, 14.91000
-1.20956, 14.92000
-1.33087, 14.93000
-1.26251, 14.94000
-1.19110, 14.95000
-1.31424, 14.96000
-1.14136, 14.97000
-1.26541, 14.98000
-1.21201, 14.99000
-1.13922, 15.00000
-1.25671, 15.01000
-1.08490, 15.02000
-1.21002, 15.03000
-1.15570, 15.04000
-1.09665, 15.05000
-1.21811, 15.06000
-1.05255, 15.07000
-1.17813, 15.08000
-1.12518, 15.09000
-1.06552, 15.10000
-1.19812, 15.11000
-1.03897, 15.12000
-1.17294, 15.13000
-1.11771, 15.14000
-1.06705, 15.15000
-1.20529, 15.16000
-1.05118, 15.17000
-1.18637, 15.18000
-1.15265, 15.19000
-1.10611, 15.20000
-1.24939, 15.21000
-1.09985, 15.22000
-1.25015, 15.23000
-1.21216, 15.24000
-1.17569, 15.25000
-1.32172, 15.26000
-1.17371, 15.27000
-1.32553, 15.28000
-1.29211, 15.29000
-1.25595, 15.30000
-1.40121, 15.31000
-1.25305, 15.32000
-1.39999, 15.33000
-1.35880, 15.34000
-1.32660, 15.35000
-1.46622, 15.36000
-1.31165, 15.37000
-1.45462, 15.38000
-1.41251, 15.39000
-1.35849, 15.40000
-1.49582, 15.41000
-1.34354, 15.42000
-1.47568, 15.43000
-1.41953, 15.44000
-1.36826, 15.45000
-1.49643, 15.46000
-1.33392, 15.47000
-1.46561, 15.48000
-1.40457, 15.49000
-1.35193, 15.50000
-1.47491, 15.51000
-1.31088, 15.52000
-1.44516, 15.53000
-1.37924, 15.54000
-1.32721, 15.55000
-1.45401, 15.56000
-1.29028, 15.57000
-1.43051, 15.58000
-1.35941, 15.59000
-1.31119, 15.60000
-1.43829, 15.61000
-1.27441, 15.62000
-1.40869, 15.63000
-1.35483, 15.64000
-1.30508, 15.65000
-1.42563, 15.66000
-1.26450, 15.67000
-1.40717, 15.68000
-1.34155, 15.69000
-1.29440, 15.70000
-1.41815, 15.71000
-1.25107, 15.72000
-1.39542, 15.73000
-1.32874, 15.74000
-1.27808, 15.75000
-1.40305, 15.76000
-1.23474, 15.77000
-1.36749, 15.78000
-1.30142, 15.79000
-1.26343, 15.80000
-1.38260, 15.81000
-1.21567, 15.82000
-1.35040, 15.83000
-1.28540, 15.84000
-1.23367, 15.85000
-1.35818, 15.86000
-1.19324, 15.87000
-1.32782, 15.88000
-1.26480, 15.89000
-1.21506, 15.90000
-1.33545, 15.91000
-1.17203, 15.92000
-1.30692, 15.93000
-1.23550, 15.94000
-1.18683, 15.95000
-1.31027, 15.96000
-1.14502, 15.97000
-1.27899, 15.98000
-1.21536, 15.99000
-1.16226, 16.00000
-1.28540, 16.01000
-1.12076, 16.02000
-1.25839, 16.03000
-1.18286, 16.04000
-1.13846, 16.05000
-1.25793, 16.06000
-1.09756, 16.07000
-1.23459, 16.08000
-1.16425, 16.09000
-1.11237, 16.10000
-1.23001, 16.11000
-1.06186, 16.12000
-1.21445, 16.13000
-1.13251, 16.14000
-1.08978, 16.15000
-1.20300, 16.16000
-1.03836, 16.17000
-1.18622, 16.18000
-1.11069, 16.19000
-1.06659, 16.20000
-1.18225, 16.21000
-1.01822, 16.22000
-1.16608, 16.23000
-1.08749, 16.24000
-1.05042, 16.25000
-1.16440, 16.26000
-0.99838, 16.27000
-1.14624, 16.28000
-1.06949, 16.29000
-1.02798, 16.30000
-1.14761, 16.31000
-0.98160, 16.32000
-1.11771, 16.33000
-1.05316, 16.34000
-1.01715, 16.35000
-1.13342, 16.36000
-0.96863, 16.37000
-1.12122, 16.38000
-1.04218, 16.39000
-1.00601, 16.40000
-1.12579, 16.41000
-0.96069, 16.42000
-1.10367, 16.43000
-1.02814, 16.44000
-0.99884, 16.45000
-1.11755, 16.46000
-0.95398, 16.47000
-1.10275, 16.48000
-1.02676, 16.49000
-0.99182, 16.50000
-1.11176, 16.51000
-0.95154, 16.52000
-1.10046, 16.53000
-1.02142, 16.54000
-0.99258, 16.55000
-1.11465, 16.56000
-0.95215, 16.57000
-1.10977, 16.58000
-1.02692, 16.59000
-0.99228, 16.60000
-1.11115, 16.61000
-0.95215, 16.62000
-1.10092, 16.63000
-1.02692, 16.64000
-0.99777, 16.65000
-1.11420, 16.66000
-0.95047, 16.67000
-1.11221, 16.68000
-1.02707, 16.69000
-0.99442, 16.70000
-1.11160, 16.71000
-0.95474, 16.72000
-1.10977, 16.73000
-1.02448, 16.74000
-0.99869, 16.75000
-1.11252, 16.76000
-0.94910, 16.77000
-1.09726, 16.78000
-1.01395, 16.79000
-0.99365, 16.80000
-1.10626, 16.81000
-0.94650, 16.82000
-1.11313, 16.83000
-1.02173, 16.84000
-0.99640, 16.85000
-1.11069, 16.86000
-0.95200, 16.87000
-1.11389, 16.88000
-1.02539, 16.89000
-1.00418, 16.90000
-1.11816, 16.91000
-0.95596, 16.92000
-1.11618, 16.93000
-1.02951, 16.94000
-1.01486, 16.95000
-1.11908, 16.96000
-0.96283, 16.97000
-1.11954, 16.98000
-1.03867, 16.99000
-1.02127, 17.00000
-1.13022, 17.01000
-0.97107, 17.02000
-1.14059, 17.03000
-1.04630, 17.04000
-1.02524, 17.05000
-1.14746, 17.06000
-0.98541, 17.07000
-1.14960, 17.08000
-1.06201, 17.09000
-1.04355, 17.10000
-1.15982, 17.11000
-1.00494, 17.12000
-1.15646, 17.13000
-1.07681, 17.14000
-1.07025, 17.15000
-1.18866, 17.16000
-1.03256, 17.17000
-1.19904, 17.18000
-1.12000, 17.19000
-1.10214, 17.20000
-1.22421, 17.21000
-1.07697, 17.22000
-1.24756, 17.23000
-1.16287, 17.24000
-1.16074, 17.25000
-1.28448, 17.26000
-1.14273, 17.27000
-1.32141, 17.28000
-1.23856, 17.29000
-1.23657, 17.30000
-1.36612, 17.31000
-1.22101, 17.32000
-1.39664, 17.33000
-1.32797, 17.34000
-1.32645, 17.35000
-1.44608, 17.36000
-1.31058, 17.37000
-1.48285, 17.38000
-1.39999, 17.39000
-1.39328, 17.40000
-1.51810, 17.41000
-1.37054, 17.42000
-1.54877, 17.43000
-1.45798, 17.44000
-1.44852, 17.45000
-1.56784, 17.46000
-1.42105, 17.47000
-1.59470, 17.48000
-1.50162, 17.49000
-1.49780, 17.50000
-1.60538, 17.51000
-1.45569, 17.52000
-1.63040, 17.53000
-1.53549, 17.54000
-1.52756, 17.55000
-1.63864, 17.56000
-1.48544, 17.57000
-1.65527, 17.58000
-1.55777, 17.59000
-1.56387, 17.60000
-1.65848, 17.61000
-1.50848, 17.62000
-1.67374, 17.63000
-1.58096, 17.64000
-1.57639, 17.65000
-1.67572, 17.66000
-1.51703, 17.67000
-1.68091, 17.68000
-1.58859, 17.69000
-1.57211, 17.70000
-1.66367, 17.71000
-1.50803, 17.72000
-1.67572, 17.73000
-1.56021, 17.74000
-1.56250, 17.75000
-1.64948, 17.76000
-1.48407, 17.77000
-1.64688, 17.78000
-1.52954, 17.79000
-1.52451, 17.80000
-1.61346, 17.81000
-1.44516, 17.82000
-1.60645, 17.83000
-1.48895, 17.84000
-1.47766, 17.85000
-1.56738, 17.86000
-1.39877, 17.87000
-1.55258, 17.88000
-1.43799, 17.89000
-1.42715, 17.90000
-1.52054, 17.91000
-1.35544, 17.92000
-1.51108, 17.93000
-1.40335, 17.94000
-1.38199, 17.95000
-1.47873, 17.96000
-1.31683, 17.97000
-1.48331, 17.98000
-1.36932, 17.99000
-1.36292, 18.00000
-1.44928, 18.01000
-1.29120, 18.02000
-1.45645, 18.03000
-1.33636, 18.04000
-1.33575, 18.05000
-1.43173, 18.06000
-1.27213, 18.07000
-1.44272, 18.08000
-1.33118, 18.09000
-1.33560, 18.10000
-1.43417, 18.11000
-1.27853, 18.12000
-1.45691, 18.13000
-1.35193, 18.14000
-1.36124, 18.15000
-1.45340, 18.16000
-1.30142, 18.17000
-1.48041, 18.18000
-1.37451, 18.19000
-1.38519, 18.20000
-1.49002, 18.21000
-1.34201, 18.22000
-1.52145, 18.23000
-1.41251, 18.24000
-1.44073, 18.25000
-1.52893, 18.26000
-1.38748, 18.27000
-1.56708, 18.28000
-1.47324, 18.29000
-1.47186, 18.30000
-1.57318, 18.31000
-1.42426, 18.32000
-1.60645, 18.33000
-1.48849, 18.34000
-1.50803, 18.35000
-1.59943, 18.36000
-1.44974, 18.37000
-1.62521, 18.38000
-1.51627, 18.39000
-1.53030, 18.40000
-1.60522, 18.41000
-1.45691, 18.42000
-1.63177, 18.43000
-1.51962, 18.44000
-1.52130, 18.45000
-1.61530, 18.46000
-1.45721, 18.47000
-1.62704, 18.48000
-1.50986, 18.49000
-1.53229, 18.50000
-1.60538, 18.51000
-1.45081, 18.52000
-1.62033, 18.53000
-1.50421, 18.54000
-1.51535, 18.55000
-1.60736, 18.56000
-1.44882, 18.57000
-1.62094, 18.58000
-1.50757, 18.59000
-1.52695, 18.60000
-1.60629, 18.61000
-1.45370, 18.62000
-1.62476, 18.63000
-1.50742, 18.64000
-1.52512, 18.65000
-1.60782, 18.66000
-1.46011, 18.67000
-1.63422, 18.68000
-1.51337, 18.69000
-1.52634, 18.70000
-1.61606, 18.71000
-1.46561, 18.72000
-1.63727, 18.73000
-1.51718, 18.74000
-1.53214, 18.75000
-1.62140, 18.76000
-1.47018, 18.77000
-1.64383, 18.78000
-1.52817, 18.79000
-1.53793, 18.80000
-1.62689, 18.81000
-1.47369, 18.82000
-1.64948, 18.83000
-1.52481, 18.84000
-1.54266, 18.85000
-1.62384, 18.86000
-1.47598, 18.87000
-1.65283, 18.88000
-1.52771, 18.89000
-1.54633, 18.90000
-1.62674, 18.91000
-1.47949, 18.92000
-1.65329, 18.93000
-1.52985, 18.94000
-1.54861, 18.95000
-1.63483, 18.96000
-1.48300, 18.97000
-1.66016, 18.98000
-1.52939, 18.99000
-1.55975, 19.00000
-1.63910, 19.01000
-1.48605, 19.02000
-1.66367, 19.03000
-1.53763, 19.04000
-1.56799, 19.05000
-1.64078, 19.06000
-1.49338, 19.07000
-1.67236, 19.08000
-1.54709, 19.09000
-1.58310, 19.10000
-1.65436, 19.11000
-1.50375, 19.12000
-1.67725, 19.13000
-1.55930, 19.14000
-1.59378, 19.15000
-1.65985, 19.16000
-1.51505, 19.17000
-1.69357, 19.18000
-1.57150, 19.19000
-1.59912, 19.20000
-1.67358, 19.21000
-1.52786, 19.22000
-1.70731, 19.23000
-1.58539, 19.24000
-1.62125, 19.25000
-1.68549, 19.26000
-1.54175, 19.27000
-1.72043, 19.28000
-1.59225, 19.29000
-1.63330, 19.30000
-1.70166, 19.31000
-1.55975, 19.32000
-1.73676, 19.33000
-1.61865, 19.34000
-1.65298, 19.35000
-1.71463, 19.36000
-1.57745, 19.37000
-1.75446, 19.38000
-1.63071, 19.39000
-1.67206, 19.40000
-1.73874, 19.41000
-1.59454, 19.42000
-1.77322, 19.43000
-1.65100, 19.44000
-1.67984, 19.45000
-1.75339, 19.46000
-1.61026, 19.47000
-1.79092, 19.48000
-1.66428, 19.49000
-1.69769, 19.50000
-1.76971, 19.51000
-1.62674, 19.52000
-1.80679, 19.53000
-1.67831, 19.54000
-1.71616, 19.55000
-1.78406, 19.56000
-1.64398, 19.57000
-1.82205, 19.58000
-1.70013, 19.59000
-1.74240, 19.60000
-1.80328, 19.61000
-1.65939, 19.62000
-1.83823, 19.63000
-1.71448, 19.64000
-1.74591, 19.65000
-1.82556, 19.66000
-1.67297, 19.67000
-1.85196, 19.68000
-1.72455, 19.69000
-1.77017, 19.70000
-1.82495, 19.71000
-1.68472, 19.72000
-1.86462, 19.73000
-1.73264, 19.74000
-1.78482, 19.75000
-1.83960, 19.76000
-1.69800, 19.77000
-1.87759, 19.78000
-1.75079, 19.79000
-1.79398, 19.80000
-1.85822, 19.81000
-1.71112, 19.82000
-1.88904, 19.83000
-1.75919, 19.84000
-1.79871, 19.85000
-1.85822, 19.86000
-1.72546, 19.87000
-1.90384, 19.88000
-1.77277, 19.89000
-1.82098, 19.90000
-1.87408, 19.91000
-1.74057, 19.92000
-1.91757, 19.93000
-1.78421, 19.94000
-1.82922, 19.95000
-1.89148, 19.96000
-1.75232, 19.97000
-1.93222, 19.98000
-1.80420, 19.99000
-1.84097, 20.00000
-1.89835, 20.01000
-1.76559, 20.02000
-1.94534, 20.03000
-1.81305, 20.04000
-1.86172, 20.05000
-1.91666, 20.06000
-1.77887, 20.07000
-1.95694, 20.08000
-1.82877, 20.09000
-1.87042, 20.10000
-1.92352, 20.11000
-1.79169, 20.12000
-1.97174, 20.13000
-1.84464, 20.14000
-1.89163, 20.15000
-1.94061, 20.16000
-1.80588, 20.17000
-1.98196, 20.18000
-1.85242, 20.19000
-1.90033, 20.20000
-1.95190, 20.21000
-1.81595, 20.22000
-1.99539, 20.23000
-1.86310, 20.24000
-1.91742, 20.25000
-1.96396, 20.26000
-1.82816, 20.27000
-2.00653, 20.28000
-1.87454, 20.29000
-1.92596, 20.30000
-1.97281, 20.31000
-1.84265, 20.32000
-2.01630, 20.33000
-1.88828, 20.34000
-1.92581, 20.35000
-1.98654, 20.36000
-1.85165, 20.37000
-2.02835, 20.38000
-1.89865, 20.39000
-1.94855, 20.40000
-1.99371, 20.41000
-1.86081, 20.42000
-2.03979, 20.43000
-1.90659, 20.44000
-1.95663, 20.45000
-2.00500, 20.46000
-1.87378, 20.47000
-2.05139, 20.48000
-1.90994, 20.49000
-1.97098, 20.50000
-2.01538, 20.51000
-1.88446, 20.52000
-2.06161, 20.53000
-1.92184, 20.54000
-1.98975, 20.55000
-2.02087, 20.56000
-1.89941, 20.57000
-2.07504, 20.58000
-1.93878, 20.59000
-1.99600, 20.60000
-2.03842, 20.61000
-1.90628, 20.62000
-2.08405, 20.63000
-1.95129, 20.64000
-2.00424, 20.65000
-2.04834, 20.66000
-1.91986, 20.67000
-2.09595, 20.68000
-1.95374, 20.69000
-2.01477, 20.70000
-2.05917, 20.71000
-1.93222, 20.72000
-2.10785, 20.73000
-1.97327, 20.74000
-2.03110, 20.75000
-2.07047, 20.76000
-1.94412, 20.77000
-2.11945, 20.78000
-1.98685, 20.79000
-2.04910, 20.80000
-2.08160, 20.81000
-1.95435, 20.82000
-2.13058, 20.83000
-1.99127, 20.84000
-2.05917, 20.85000
-2.09976, 20.86000
-1.96777, 20.87000
-2.14157, 20.88000
-2.01035, 20.89000
-2.07092, 20.90000
-2.10205, 20.91000
-1.97845, 20.92000
-2.15347, 20.93000
-2.01920, 20.94000
-2.07397, 20.95000
-2.13043, 20.96000
-1.98868, 20.97000
-2.16431, 20.98000
-2.03552, 20.99000
-2.08969, 21.00000
-2.12906, 21.01000
-1.99966, 21.02000
-2.17514, 21.03000
-2.03964, 21.04000
-2.10297, 21.05000
-2.13974, 21.06000
-2.01370, 21.07000
-2.18582, 21.08000
-2.04239, 21.09000
-2.11746, 21.10000
-2.14493, 21.11000
-2.02255, 21.12000
-2.19666, 21.13000
-2.05582, 21.14000
-2.12402, 21.15000
-2.15515, 21.16000
-2.03598, 21.17000
-2.21100, 21.18000
-2.07214, 21.19000
-2.12784, 21.20000
-2.16995, 21.21000
-2.04651, 21.22000
-2.22122, 21.23000
-2.07626, 21.24000
-2.14325, 21.25000
-2.18338, 21.26000
-2.05505, 21.27000
-2.23236, 21.28000
-2.08237, 21.29000
-2.16705, 21.30000
-2.18857, 21.31000
-2.06955, 21.32000
-2.24304, 21.33000
-2.10403, 21.34000
-2.17499, 21.35000
-2.20032, 21.36000
-2.08069, 21.37000
-2.25281, 21.38000
-2.11670, 21.39000
-2.18384, 21.40000
-2.21283, 21.41000
-2.09457, 21.42000
-2.26563, 21.43000
-2.14096, 21.44000
-2.20245, 21.45000
-2.22778, 21.46000
-2.10449, 21.47000
-2.27783, 21.48000
-2.14340, 21.49000
-2.20657, 21.50000
-2.23587, 21.51000
-2.11563, 21.52000
-2.29065, 21.53000
-2.15408, 21.54000
-2.22260, 21.55000
-2.24945, 21.56000
-2.12921, 21.57000
-2.30042, 21.58000
-2.15973, 21.59000
-2.23099, 21.60000
-2.26227, 21.61000
-2.13943, 21.62000
-2.31354, 21.63000
-2.17026, 21.64000
-2.25143, 21.65000
-2.27463, 21.66000
-2.15576, 21.67000
-2.32422, 21.68000
-2.18369, 21.69000
-2.26273, 21.70000
-2.28867, 21.71000
-2.16537, 21.72000
-2.33658, 21.73000
-2.19696, 21.74000
-2.27600, 21.75000
-2.29462, 21.76000
-2.17392, 21.77000
-2.34634, 21.78000
-2.20444, 21.79000
-2.27951, 21.80000
-2.30255, 21.81000
-2.18933, 21.82000
-2.35748, 21.83000
-2.20795, 21.84000
-2.29950, 21.85000
-2.31735, 21.86000
-2.20093, 21.87000
-2.36862, 21.88000
-2.21649, 21.89000
-2.30026, 21.90000
-2.32819, 21.91000
-2.20459, 21.92000
-2.37900, 21.93000
-2.23053, 21.94000
-2.31461, 21.95000
-2.33719, 21.96000
-2.21970, 21.97000
-2.39227, 21.98000
-2.24487, 21.99000
-2.32422, 22.00000
-2.34985, 22.01000
-2.23511, 22.02000
-2.40128, 22.03000
-2.25601, 22.04000
-2.33780, 22.05000
-2.35443, 22.06000
-2.24579, 22.07000
-2.41394, 22.08000
-2.26959, 22.09000
-2.35672, 22.10000
-2.37030, 22.11000
-2.25418, 22.12000
-2.42432, 22.13000
-2.27951, 22.14000
-2.36633, 22.15000
-2.38266, 22.16000
-2.26868, 22.17000
-2.43576, 22.18000
-2.28134, 22.19000
-2.38251, 22.20000
-2.39777, 22.21000
-2.27966, 22.22000
-2.44736, 22.23000
-2.29996, 22.24000
-2.39319, 22.25000
-2.40158, 22.26000
-2.29599, 22.27000
-2.46017, 22.28000
-2.31201, 22.29000
-2.38892, 22.30000
-2.41379, 22.31000
-2.30789, 22.32000
-2.47406, 22.33000
-2.32117, 22.34000
-2.40906, 22.35000
-2.43073, 22.36000
-2.31354, 22.37000
-2.48383, 22.38000
-2.33276, 22.39000
-2.42905, 22.40000
-2.43607, 22.41000
-2.32605, 22.42000
-2.49451, 22.43000
-2.34589, 22.44000
-2.43652, 22.45000
-2.43713, 22.46000
-2.34741, 22.47000
-2.50565, 22.48000
-2.35550, 22.49000
-2.44690, 22.50000
-2.45285, 22.51000
-2.34894, 22.52000
-2.51709, 22.53000
-2.36603, 22.54000
-2.47040, 22.55000
-2.46887, 22.56000
-2.35397, 22.57000
-2.52777, 22.58000
-2.37701, 22.59000
-2.47757, 22.60000
-2.47299, 22.61000
-2.37122, 22.62000
-2.53967, 22.63000
-2.38495, 22.64000
-2.48840, 22.65000
-2.49435, 22.66000
-2.38327, 22.67000
-2.55142, 22.68000
-2.39380, 22.69000
-2.50885, 22.70000
-2.49069, 22.71000
-2.39853, 22.72000
-2.56180, 22.73000
-2.41501, 22.74000
-2.51465, 22.75000
-2.50717, 22.76000
-2.40265, 22.77000
-2.57217, 22.78000
-2.42081, 22.79000
-2.52167, 22.80000
-2.51236, 22.81000
-2.42172, 22.82000
-2.58560, 22.83000
-2.43484, 22.84000
-2.53998, 22.85000
-2.53799, 22.86000
-2.43195, 22.87000
-2.59720, 22.88000
-2.44751, 22.89000
-2.54807, 22.90000
-2.55737, 22.91000
-2.44644, 22.92000
-2.60803, 22.93000
-2.45682, 22.94000
-2.56454, 22.95000
-2.56149, 22.96000
-2.45575, 22.97000
-2.61978, 22.98000
-2.46719, 22.99000
-2.56851, 23.00000
-2.56287, 23.01000
-2.47391, 23.02000
-2.63275, 23.03000
-2.47604, 23.04000
-2.58331, 23.05000
-2.56958, 23.06000
-2.48917, 23.07000
-2.64267, 23.08000
-2.48688, 23.09000
-2.60254, 23.10000
-2.59277, 23.11000
-2.49802, 23.12000
-2.65579, 23.13000
-2.49954, 23.14000
-2.61017, 23.15000
-2.60147, 23.16000
-2.50961, 23.17000
-2.66647, 23.18000
-2.51358, 23.19000
-2.62253, 23.20000
-2.61154, 23.21000
-2.50809, 23.22000
-2.68051, 23.23000
-2.52441, 23.24000
-2.62665, 23.25000
-2.62726, 23.26000
-2.53067, 23.27000
-2.69135, 23.28000
-2.53494, 23.29000
-2.64221, 23.30000
-2.63809, 23.31000
-2.54044, 23.32000
-2.70355, 23.33000
-2.54761, 23.34000
-2.65137, 23.35000
-2.64114, 23.36000
-2.55035, 23.37000
-2.71683, 23.38000
-2.55829, 23.39000
-2.66876, 23.40000
-2.65488, 23.41000
-2.57416, 23.42000
-2.72705, 23.43000
-2.57477, 23.44000
-2.68158, 23.45000
-2.66556, 23.46000
-2.57935, 23.47000
-2.74155, 23.48000
-2.58499, 23.49000
-2.69562, 23.50000
-2.68860, 23.51000
-2.59262, 23.52000
-2.75085, 23.53000
-2.59537, 23.54000
-2.70889, 23.55000
-2.69440, 23.56000
-2.60468, 23.57000
-2.76688, 23.58000
-2.60864, 23.59000
-2.72644, 23.60000
-2.70859, 23.61000
-2.62146, 23.62000
-2.78015, 23.63000
-2.61841, 23.64000
-2.74460, 23.65000
-2.71774, 23.66000
-2.63947, 23.67000
-2.78961, 23.68000
-2.63657, 23.69000
-2.75421, 23.70000
-2.73453, 23.71000
-2.64572, 23.72000
-2.80426, 23.73000
-2.64542, 23.74000
-2.75787, 23.75000
-2.74582, 23.76000
-2.66281, 23.77000
-2.81601, 23.78000
-2.65717, 23.79000
-2.76215, 23.80000
-2.74948, 23.81000
-2.67303, 23.82000
-2.82883, 23.83000
-2.67120, 23.84000
-2.79129, 23.85000
-2.76642, 23.86000
-2.67090, 23.87000
-2.83905, 23.88000
-2.68661, 23.89000
-2.78915, 23.90000
-2.77527, 23.91000
-2.70111, 23.92000
-2.85233, 23.93000
-2.69180, 23.94000
-2.81281, 23.95000
-2.78519, 23.96000
-2.70706, 23.97000
-2.86255, 23.98000
-2.70844, 23.99000
-2.82776, 24.00000
-2.79434, 24.01000
-2.72629, 24.02000
-2.87521, 24.03000
-2.71622, 24.04000
-2.84897, 24.05000
-2.80685, 24.06000
-2.73590, 24.07000
-2.88727, 24.08000
-2.73285, 24.09000
-2.85706, 24.10000
-2.83035, 24.11000
-2.75970, 24.12000
-2.90070, 24.13000
-2.74612, 24.14000
-2.87140, 24.15000
-2.84012, 24.16000
-2.76947, 24.17000
-2.91412, 24.18000
-2.75589, 24.19000
-2.87521, 24.20000
-2.84454, 24.21000
-2.77740, 24.22000
-2.92542, 24.23000
-2.76550, 24.24000
-2.89703, 24.25000
-2.85873, 24.26000
-2.79297, 24.27000
-2.93793, 24.28000
-2.77847, 24.29000
-2.90329, 24.30000
-2.87674, 24.31000
-2.80563, 24.32000
-2.94785, 24.33000
-2.79251, 24.34000
-2.91672, 24.35000
-2.88116, 24.36000
-2.81311, 24.37000
-2.96143, 24.38000
-2.80655, 24.39000
-2.93030, 24.40000
-2.89780, 24.41000
-2.83142, 24.42000
-2.97348, 24.43000
-2.81540, 24.44000
-2.94403, 24.45000
-2.91199, 24.46000
-2.84393, 24.47000
-2.98828, 24.48000
-2.82928, 24.49000
-2.95837, 24.50000
-2.91931, 24.51000
-2.83951, 24.52000
-3.00339, 24.53000
-2.84149, 24.54000
-2.96997, 24.55000
-2.93030, 24.56000
-2.87460, 24.57000
-3.01407, 24.58000
-2.85645, 24.59000
-2.98813, 24.60000
-2.95135, 24.61000
-2.87933, 24.62000
-3.02643, 24.63000
-2.86423, 24.64000
-2.99911, 24.65000
-2.95883, 24.66000
-2.90390, 24.67000
-3.03574, 24.68000
-2.88132, 24.69000
-2.99774, 24.70000
-2.96799, 24.71000
-2.91168, 24.72000
-3.04932, 24.73000
-2.89230, 24.74000
-3.02124, 24.75000
-2.97928, 24.76000
-2.92770, 24.77000
-3.06519, 24.78000
-2.90558, 24.79000
-3.04184, 24.80000
-2.99393, 24.81000
-2.93930, 24.82000
-3.07602, 24.83000
-2.91855, 24.84000
-3.04535, 24.85000
-3.00873, 24.86000
-2.95380, 24.87000
-3.08960, 24.88000
-2.92999, 24.89000
-3.05756, 24.90000
-3.01453, 24.91000
-2.96906, 24.92000
-3.09998, 24.93000
-2.94220, 24.94000
-3.08319, 24.95000
-3.03207, 24.96000
-2.96188, 24.97000
-3.11249, 24.98000
-2.95654, 24.99000
-3.09296, 25.00000
