-0.24200, 0.01000
-0.10010, 0.02000
-0.27496, 0.03000
-0.09445, 0.04000
-0.26321, 0.05000
-0.08377, 0.06000
-0.25223, 0.07000
-0.07004, 0.08000
-0.24002, 0.09000
-0.06271, 0.10000
-0.22964, 0.11000
-0.04898, 0.12000
-0.21973, 0.13000
-0.03922, 0.14000
-0.21210, 0.15000
-0.03342, 0.16000
-0.20416, 0.17000
-0.02548, 0.18000
-0.19928, 0.19000
-0.02060, 0.20000
-0.19333, 0.21000
-0.01740, 0.22000
-0.18921, 0.23000
-0.01266, 0.24000
-0.18494, 0.25000
-0.00900, 0.26000
-0.18326, 0.27000
-0.00549, 0.28000
-0.17975, 0.29000
-0.00305, 0.30000
-0.17792, 0.31000
-0.00290, 0.32000
-0.17639, 0.33000
-0.00107, 0.34000
-0.17548, 0.35000
-0.00092, 0.36000
-0.17532, 0.37000
-0.00275, 0.38000
-0.17532, 0.39000
-0.00198, 0.40000
-0.17609, 0.41000
-0.00183, 0.42000
-0.17639, 0.43000
-0.00198, 0.44000
-0.17746, 0.45000
-0.00229, 0.46000
-0.17853, 0.47000
-0.00259, 0.48000
-0.17776, 0.49000
-0.00214, 0.50000
-0.17715, 0.51000
-0.00336, 0.52000
-0.17593, 0.53000
-0.00229, 0.54000
-0.17761, 0.55000
-0.00259, 0.56000
-0.17563, 0.57000
-0.00259, 0.58000
-0.17776, 0.59000
-0.00305, 0.60000
-0.17960, 0.61000
-0.00320, 0.62000
-0.17838, 0.63000
-0.00336, 0.64000
-0.17868, 0.65000
-0.00351, 0.66000
-0.17899, 0.67000
-0.00458, 0.68000
-0.17822, 0.69000
-0.00412, 0.70000
-0.17670, 0.71000
-0.00458, 0.72000
-0.18066, 0.73000
-0.00488, 0.74000
-0.18204, 0.75000
-0.00534, 0.76000
-0.17944, 0.77000
-0.00397, 0.78000
-0.18066, 0.79000
-0.00565, 0.80000
-0.17868, 0.81000
-0.00381, 0.82000
-0.17929, 0.83000
-0.00702, 0.84000
-0.18112, 0.85000
-0.00580, 0.86000
-0.18036, 0.87000
-0.00580, 0.88000
-0.18082, 0.89000
-0.00641, 0.90000
-0.18188, 0.91000
-0.00610, 0.92000
-0.18158, 0.93000
-0.00671, 0.94000
-0.18250, 0.95000
-0.00717, 0.96000
-0.18265, 0.97000
-0.00809, 0.98000
-0.18280, 0.99000
-0.00824, 1.00000
-0.18158, 1.01000
-0.00793, 1.02000
-0.18234, 1.03000
-0.00809, 1.04000
-0.18372, 1.05000
-0.00839, 1.06000
-0.18494, 1.07000
-0.01099, 1.08000
-0.18478, 1.09000
-0.01007, 1.10000
-0.18539, 1.11000
-0.01144, 1.12000
-0.18494, 1.13000
-0.01144, 1.14000
-0.18646, 1.15000
-0.01175, 1.16000
-0.18646, 1.17000
-0.01236, 1.18000
-0.18677, 1.19000
-0.01266, 1.20000
-0.18661, 1.21000
-0.01236, 1.22000
-0.18799, 1.23000
-0.01236, 1.24000
-0.18707, 1.25000
-0.01328, 1.26000
-0.18646, 1.27000
-0.01221, 1.28000
-0.18723, 1.29000
-0.01297, 1.30000
-0.18723, 1.31000
-0.01114, 1.32000
-0.18768, 1.33000
-0.01221, 1.34000
-0.18707, 1.35000
-0.01221, 1.36000
-0.18814, 1.37000
-0.01221, 1.38000
-0.18677, 1.39000
-0.01404, 1.40000
-0.18738, 1.41000
-0.01251, 1.42000
-0.18845, 1.43000
-0.01373, 1.44000
-0.18951, 1.45000
-0.01404, 1.46000
-0.18951, 1.47000
-0.01389, 1.48000
-0.18829, 1.49000
-0.01541, 1.50000
-0.18997, 1.51000
-0.01495, 1.52000
-0.19043, 1.53000
-0.01511, 1.54000
-0.19073, 1.55000
-0.01480, 1.56000
-0.18906, 1.57000
-0.01617, 1.58000
-0.19104, 1.59000
-0.01678, 1.60000
-0.19257, 1.61000
-0.01831, 1.62000
-0.19180, 1.63000
-0.01770, 1.64000
-0.19287, 1.65000
-0.01892, 1.66000
-0.19241, 1.67000
-0.01953, 1.68000
-0.19348, 1.69000
-0.01846, 1.70000
-0.19257, 1.71000
-0.01892, 1.72000
-0.19440, 1.73000
-0.01892, 1.74000
-0.19165, 1.75000
-0.01999, 1.76000
-0.19440, 1.77000
-0.02014, 1.78000
-0.19516, 1.79000
-0.01984, 1.80000
-0.19470, 1.81000
-0.01953, 1.82000
-0.19379, 1.83000
-0.02014, 1.84000
-0.19485, 1.85000
-0.01938, 1.86000
-0.19440, 1.87000
-0.02182, 1.88000
-0.19394, 1.89000
-0.02029, 1.90000
-0.19531, 1.91000
-0.02167, 1.92000
-0.19455, 1.93000
-0.02136, 1.94000
-0.19531, 1.95000
-0.02075, 1.96000
-0.19806, 1.97000
-0.02151, 1.98000
-0.19501, 1.99000
-0.02197, 2.00000
-0.19714, 2.01000
-0.02365, 2.02000
-0.19806, 2.03000
-0.02228, 2.04000
-0.20096, 2.05000
-0.02380, 2.06000
-0.19638, 2.07000
-0.02335, 2.08000
-0.19821, 2.09000
-0.02350, 2.10000
-0.20111, 2.11000
-0.02472, 2.12000
-0.19897, 2.13000
-0.02563, 2.14000
-0.19775, 2.15000
-0.02548, 2.16000
-0.19974, 2.17000
-0.02533, 2.18000
-0.20035, 2.19000
-0.02686, 2.20000
-0.20050, 2.21000
-0.02625, 2.22000
-0.19958, 2.23000
-0.02563, 2.24000
-0.19913, 2.25000
-0.02563, 2.26000
-0.20126, 2.27000
-0.02838, 2.28000
-0.20126, 2.29000
-0.02701, 2.30000
-0.20142, 2.31000
-0.02823, 2.32000
-0.20309, 2.33000
-0.02853, 2.34000
-0.20142, 2.35000
-0.02792, 2.36000
-0.20218, 2.37000
-0.02869, 2.38000
-0.20050, 2.39000
-0.02884, 2.40000
-0.20142, 2.41000
-0.02899, 2.42000
-0.20477, 2.43000
-0.02945, 2.44000
-0.20386, 2.45000
-0.02991, 2.46000
-0.20370, 2.47000
-0.03113, 2.48000
-0.20554, 2.49000
-0.03006, 2.50000
-0.20355, 2.51000
-0.03113, 2.52000
-0.20706, 2.53000
-0.03143, 2.54000
-0.20462, 2.55000
-0.03311, 2.56000
-0.20706, 2.57000
-0.03281, 2.58000
-0.20630, 2.59000
-0.03204, 2.60000
-0.20584, 2.61000
-0.03174, 2.62000
-0.20721, 2.63000
-0.03296, 2.64000
-0.20752, 2.65000
-0.03372, 2.66000
-0.20798, 2.67000
-0.03372, 2.68000
-0.20859, 2.69000
-0.03555, 2.70000
-0.20920, 2.71000
-0.03555, 2.72000
-0.20813, 2.73000
-0.03525, 2.74000
-0.20905, 2.75000
-0.03479, 2.76000
-0.20950, 2.77000
-0.03540, 2.78000
-0.20950, 2.79000
-0.03510, 2.80000
-0.20813, 2.81000
-0.03555, 2.82000
-0.20844, 2.83000
-0.03525, 2.84000
-0.21103, 2.85000
-0.03586, 2.86000
-0.20905, 2.87000
-0.03632, 2.88000
-0.21103, 2.89000
-0.03708, 2.90000
-0.21057, 2.91000
-0.03708, 2.92000
-0.21225, 2.93000
-0.03799, 2.94000
-0.21011, 2.95000
-0.03998, 2.96000
-0.21225, 2.97000
-0.03998, 2.98000
-0.21576, 2.99000
-0.04089, 3.00000
-0.21576, 3.01000
-0.04150, 3.02000
-0.21606, 3.03000
-0.04196, 3.04000
-0.21500, 3.05000
-0.04074, 3.06000
-0.21530, 3.07000
-0.04211, 3.08000
-0.21393, 3.09000
-0.04211, 3.10000
-0.21637, 3.11000
-0.04257, 3.12000
-0.21576, 3.13000
-0.04318, 3.14000
-0.21759, 3.15000
-0.04379, 3.16000
-0.21820, 3.17000
-0.04364, 3.18000
-0.21576, 3.19000
-0.04333, 3.20000
-0.21896, 3.21000
-0.04654, 3.22000
-0.21744, 3.23000
-0.04456, 3.24000
-0.21973, 3.25000
-0.04593, 3.26000
-0.21942, 3.27000
-0.04562, 3.28000
-0.21973, 3.29000
-0.04547, 3.30000
-0.21912, 3.31000
-0.04684, 3.32000
-0.22079, 3.33000
-0.04608, 3.34000
-0.22491, 3.35000
-0.04700, 3.36000
-0.22141, 3.37000
-0.04761, 3.38000
-0.22278, 3.39000
-0.04761, 3.40000
-0.22171, 3.41000
-0.04913, 3.42000
-0.22125, 3.43000
-0.04883, 3.44000
-0.22354, 3.45000
-0.04883, 3.46000
-0.22446, 3.47000
-0.04959, 3.48000
-0.22263, 3.49000
-0.04990, 3.50000
-0.22415, 3.51000
-0.05112, 3.52000
-0.22583, 3.53000
-0.05203, 3.54000
-0.22629, 3.55000
-0.05371, 3.56000
-0.22736, 3.57000
-0.05432, 3.58000
-0.22949, 3.59000
-0.05630, 3.60000
-0.22797, 3.61000
-0.05600, 3.62000
-0.22842, 3.63000
-0.05600, 3.64000
-0.22980, 3.65000
-0.05707, 3.66000
-0.22995, 3.67000
-0.05569, 3.68000
-0.22995, 3.69000
-0.05692, 3.70000
-0.23056, 3.71000
-0.05798, 3.72000
-0.23193, 3.73000
-0.05890, 3.74000
-0.23331, 3.75000
-0.05951, 3.76000
-0.23270, 3.77000
-0.06058, 3.78000
-0.23499, 3.79000
-0.06226, 3.80000
-0.23422, 3.81000
-0.06332, 3.82000
-0.23514, 3.83000
-0.06104, 3.84000
-0.23621, 3.85000
-0.06210, 3.86000
-0.23529, 3.87000
-0.06287, 3.88000
-0.23605, 3.89000
-0.06409, 3.90000
-0.23727, 3.91000
-0.06454, 3.92000
-0.23895, 3.93000
-0.06531, 3.94000
-0.23865, 3.95000
-0.06500, 3.96000
-0.23849, 3.97000
-0.06485, 3.98000
-0.23956, 3.99000
-0.06866, 4.00000
-0.24033, 4.01000
-0.06775, 4.02000
-0.24155, 4.03000
-0.06760, 4.04000
-0.24155, 4.05000
-0.06882, 4.06000
-0.24170, 4.07000
-0.06927, 4.08000
-0.24368, 4.09000
-0.07019, 4.10000
-0.24353, 4.11000
-0.06897, 4.12000
-0.24506, 4.13000
-0.07080, 4.14000
-0.24475, 4.15000
-0.07111, 4.16000
-0.24536, 4.17000
-0.07126, 4.18000
-0.24582, 4.19000
-0.07233, 4.20000
-0.24704, 4.21000
-0.07172, 4.22000
-0.24734, 4.23000
-0.07507, 4.24000
-0.24841, 4.25000
-0.07462, 4.26000
-0.24750, 4.27000
-0.07538, 4.28000
-0.24902, 4.29000
-0.07629, 4.30000
-0.24948, 4.31000
-0.07736, 4.32000
-0.25085, 4.33000
-0.07736, 4.34000
-0.25070, 4.35000
-0.07690, 4.36000
-0.25208, 4.37000
-0.07843, 4.38000
-0.25116, 4.39000
-0.07904, 4.40000
-0.25040, 4.41000
-0.07858, 4.42000
-0.25192, 4.43000
-0.08026, 4.44000
-0.25299, 4.45000
-0.08102, 4.46000
-0.25436, 4.47000
-0.08087, 4.48000
-0.25650, 4.49000
-0.08163, 4.50000
-0.25574, 4.51000
-0.08194, 4.52000
-0.25589, 4.53000
-0.08301, 4.54000
-0.25452, 4.55000
-0.08408, 4.56000
-0.25955, 4.57000
-0.08408, 4.58000
-0.25757, 4.59000
-0.08545, 4.60000
-0.25848, 4.61000
-0.08560, 4.62000
-0.25879, 4.63000
-0.08545, 4.64000
-0.26306, 4.65000
-0.08575, 4.66000
-0.26169, 4.67000
-0.08682, 4.68000
-0.26062, 4.69000
-0.08728, 4.70000
-0.26077, 4.71000
-0.08926, 4.72000
-0.26016, 4.73000
-0.09003, 4.74000
-0.26276, 4.75000
-0.09033, 4.76000
-0.26306, 4.77000
-0.08987, 4.78000
-0.26352, 4.79000
-0.09079, 4.80000
-0.26413, 4.81000
-0.09140, 4.82000
-0.26443, 4.83000
-0.09186, 4.84000
-0.26398, 4.85000
-0.09216, 4.86000
-0.26611, 4.87000
-0.09201, 4.88000
-0.26611, 4.89000
-0.09262, 4.90000
-0.26703, 4.91000
-0.09354, 4.92000
-0.26703, 4.93000
-0.09460, 4.94000
-0.26749, 4.95000
-0.09354, 4.96000
-0.26581, 4.97000
-0.09521, 4.98000
-0.26825, 4.99000
-0.09552, 5.00000
-0.26947, 5.01000
-0.09644, 5.02000
-0.26993, 5.03000
-0.09628, 5.04000
-0.27008, 5.05000
-0.09796, 5.06000
-0.27252, 5.07000
-0.09857, 5.08000
-0.27161, 5.09000
-0.09781, 5.10000
-0.27237, 5.11000
-0.09995, 5.12000
-0.27283, 5.13000
-0.10117, 5.14000
-0.27359, 5.15000
-0.10132, 5.16000
-0.27664, 5.17000
-0.10345, 5.18000
-0.27863, 5.19000
-0.10223, 5.20000
-0.27527, 5.21000
-0.10208, 5.22000
-0.26703, 5.23000
-0.11398, 5.24000
-0.26733, 5.25000
-0.11475, 5.26000
-0.26718, 5.27000
-0.10529, 5.28000
-0.26733, 5.29000
-0.10422, 5.30000
-0.26993, 5.31000
-0.11185, 5.32000
-0.26947, 5.33000
-0.11261, 5.34000
-0.27069, 5.35000
-0.11185, 5.36000
-0.27390, 5.37000
-0.11520, 5.38000
-0.27191, 5.39000
-0.11551, 5.40000
-0.27039, 5.41000
-0.12131, 5.42000
-0.27328, 5.43000
-0.12177, 5.44000
-0.27405, 5.45000
-0.11734, 5.46000
-0.27008, 5.47000
-0.11871, 5.48000
-0.27267, 5.49000
-0.11795, 5.50000
-0.27222, 5.51000
-0.12024, 5.52000
-0.27695, 5.53000
-0.11932, 5.54000
-0.27893, 5.55000
-0.12039, 5.56000
-0.27710, 5.57000
-0.12100, 5.58000
-0.27237, 5.59000
-0.12466, 5.60000
-0.27664, 5.61000
-0.12589, 5.62000
-0.27847, 5.63000
-0.11978, 5.64000
-0.27679, 5.65000
-0.12299, 5.66000
-0.28015, 5.67000
-0.12421, 5.68000
-0.27985, 5.69000
-0.12405, 5.70000
-0.28076, 5.71000
-0.12558, 5.72000
-0.27969, 5.73000
-0.13000, 5.74000
-0.28229, 5.75000
-0.13031, 5.76000
-0.28442, 5.77000
-0.12482, 5.78000
-0.28351, 5.79000
-0.12741, 5.80000
-0.28412, 5.81000
-0.12619, 5.82000
-0.28198, 5.83000
-0.12894, 5.84000
-0.28717, 5.85000
-0.13000, 5.86000
-0.28717, 5.87000
-0.13092, 5.88000
-0.28702, 5.89000
-0.13550, 5.90000
-0.28732, 5.91000
-0.13611, 5.92000
-0.28549, 5.93000
-0.12939, 5.94000
-0.29327, 5.95000
-0.12939, 5.96000
-0.28961, 5.97000
-0.13336, 5.98000
-0.28809, 5.99000
-0.12985, 6.00000
-0.29144, 6.01000
-0.12833, 6.02000
-0.28549, 6.03000
-0.12985, 6.04000
-0.28625, 6.05000
-0.13474, 6.06000
-0.28778, 6.07000
-0.13138, 6.08000
-0.28809, 6.09000
-0.13626, 6.10000
-0.28564, 6.11000
-0.13428, 6.12000
-0.29083, 6.13000
-0.13519, 6.14000
-0.29251, 6.15000
-0.13885, 6.16000
-0.29221, 6.17000
-0.13489, 6.18000
-0.28992, 6.19000
-0.14130, 6.20000
-0.29282, 6.21000
-0.14145, 6.22000
-0.29373, 6.23000
-0.13519, 6.24000
-0.29510, 6.25000
-0.13885, 6.26000
-0.29587, 6.27000
-0.13733, 6.28000
-0.29602, 6.29000
-0.13947, 6.30000
-0.29709, 6.31000
-0.13931, 6.32000
-0.30197, 6.33000
-0.14206, 6.34000
-0.29999, 6.35000
-0.14282, 6.36000
-0.29831, 6.37000
-0.14648, 6.38000
-0.30106, 6.39000
-0.14160, 6.40000
-0.30045, 6.41000
-0.14282, 6.42000
-0.30273, 6.43000
-0.14587, 6.44000
-0.30243, 6.45000
-0.14420, 6.46000
-0.30487, 6.47000
-0.14587, 6.48000
-0.30289, 6.49000
-0.14633, 6.50000
-0.30380, 6.51000
-0.14557, 6.52000
-0.30441, 6.53000
-0.14526, 6.54000
-0.30426, 6.55000
-0.14694, 6.56000
-0.30090, 6.57000
-0.14893, 6.58000
-0.30624, 6.59000
-0.14252, 6.60000
-0.30777, 6.61000
-0.14832, 6.62000
-0.30792, 6.63000
-0.15015, 6.64000
-0.30746, 6.65000
-0.14923, 6.66000
-0.31052, 6.67000
-0.15091, 6.68000
-0.30975, 6.69000
-0.15137, 6.70000
-0.30685, 6.71000
-0.15228, 6.72000
-0.31219, 6.73000
-0.15427, 6.74000
-0.31235, 6.75000
-0.15732, 6.76000
-0.31265, 6.77000
-0.15411, 6.78000
-0.31296, 6.79000
-0.15442, 6.80000
-0.31403, 6.81000
-0.15625, 6.82000
-0.31387, 6.83000
-0.15457, 6.84000
-0.31448, 6.85000
-0.15686, 6.86000
-0.31540, 6.87000
-0.15839, 6.88000
-0.32028, 6.89000
-0.15747, 6.90000
-0.31708, 6.91000
-0.15991, 6.92000
-0.31677, 6.93000
-0.16327, 6.94000
-0.31891, 6.95000
-0.15839, 6.96000
-0.31509, 6.97000
-0.15915, 6.98000
-0.31693, 6.99000
-0.16129, 7.00000
-0.32120, 7.01000
-0.16373, 7.02000
-0.32440, 7.03000
-0.16434, 7.04000
-0.32166, 7.05000
-0.16159, 7.06000
-0.32227, 7.07000
-0.16556, 7.08000
-0.32181, 7.09000
-0.16403, 7.10000
-0.32364, 7.11000
-0.16296, 7.12000
-0.32043, 7.13000
-0.16556, 7.14000
-0.32410, 7.15000
-0.16632, 7.16000
-0.32730, 7.17000
-0.16907, 7.18000
-0.32623, 7.19000
-0.16632, 7.20000
-0.32730, 7.21000
-0.16846, 7.22000
-0.32852, 7.23000
-0.16815, 7.24000
-0.33401, 7.25000
-0.16830, 7.26000
-0.32578, 7.27000
-0.16968, 7.28000
-0.32990, 7.29000
-0.16998, 7.30000
-0.33188, 7.31000
-0.17395, 7.32000
-0.33066, 7.33000
-0.17090, 7.34000
-0.33142, 7.35000
-0.17700, 7.36000
-0.33188, 7.37000
-0.17227, 7.38000
-0.33295, 7.39000
-0.17242, 7.40000
-0.33447, 7.41000
-0.17471, 7.42000
-0.33508, 7.43000
-0.17471, 7.44000
-0.33646, 7.45000
-0.17792, 7.46000
-0.33569, 7.47000
-0.17517, 7.48000
-0.33661, 7.49000
-0.17853, 7.50000
-0.33615, 7.51000
-0.17563, 7.52000
-0.33722, 7.53000
-0.17532, 7.54000
-0.33722, 7.55000
-0.17761, 7.56000
-0.33829, 7.57000
-0.17715, 7.58000
-0.34073, 7.59000
-0.17746, 7.60000
-0.34119, 7.61000
-0.17807, 7.62000
-0.34073, 7.63000
-0.18356, 7.64000
-0.34088, 7.65000
-0.18021, 7.66000
-0.34195, 7.67000
-0.17975, 7.68000
-0.34225, 7.69000
-0.18265, 7.70000
-0.34348, 7.71000
-0.18311, 7.72000
-0.34027, 7.73000
-0.18356, 7.74000
-0.34561, 7.75000
-0.18372, 7.76000
-0.34637, 7.77000
-0.18402, 7.78000
-0.34546, 7.79000
-0.18433, 7.80000
-0.34836, 7.81000
-0.18860, 7.82000
-0.34882, 7.83000
-0.18509, 7.84000
-0.34882, 7.85000
-0.18646, 7.86000
-0.35034, 7.87000
-0.18723, 7.88000
-0.34988, 7.89000
-0.18387, 7.90000
-0.34897, 7.91000
-0.18906, 7.92000
-0.35202, 7.93000
-0.18906, 7.94000
-0.35507, 7.95000
-0.19272, 7.96000
-0.35477, 7.97000
-0.19043, 7.98000
-0.35461, 7.99000
-0.19455, 8.00000
-0.35538, 8.01000
-0.19119, 8.02000
-0.35629, 8.03000
-0.19211, 8.04000
-0.35416, 8.05000
-0.19302, 8.06000
-0.35629, 8.07000
-0.19379, 8.08000
-0.35812, 8.09000
-0.19531, 8.10000
-0.35736, 8.11000
-0.19363, 8.12000
-0.35477, 8.13000
-0.19638, 8.14000
-0.35828, 8.15000
-0.19547, 8.16000
-0.35995, 8.17000
-0.19501, 8.18000
-0.36102, 8.19000
-0.19745, 8.20000
-0.36148, 8.21000
-0.19730, 8.22000
-0.36179, 8.23000
-0.20096, 8.24000
-0.36301, 8.25000
-0.19958, 8.26000
-0.36530, 8.27000
-0.19882, 8.28000
-0.36301, 8.29000
-0.20203, 8.30000
-0.36499, 8.31000
-0.20264, 8.32000
-0.36438, 8.33000
-0.20447, 8.34000
-0.36774, 8.35000
-0.20477, 8.36000
-0.36987, 8.37000
-0.20477, 8.38000
-0.36957, 8.39000
-0.20370, 8.40000
-0.37033, 8.41000
-0.20554, 8.42000
-0.37109, 8.43000
-0.20584, 8.44000
-0.37003, 8.45000
-0.20554, 8.46000
-0.37231, 8.47000
-0.20660, 8.48000
-0.37460, 8.49000
-0.20523, 8.50000
-0.37476, 8.51000
-0.20813, 8.52000
-0.37338, 8.53000
-0.20767, 8.54000
-0.37720, 8.55000
-0.20935, 8.56000
-0.37430, 8.57000
-0.20767, 8.58000
-0.37567, 8.59000
-0.20950, 8.60000
-0.37704, 8.61000
-0.21133, 8.62000
-0.37949, 8.63000
-0.21149, 8.64000
-0.37933, 8.65000
-0.21103, 8.66000
-0.37872, 8.67000
-0.21332, 8.68000
-0.38132, 8.69000
-0.21271, 8.70000
-0.38162, 8.71000
-0.21698, 8.72000
-0.37949, 8.73000
-0.21530, 8.74000
-0.38116, 8.75000
-0.21622, 8.76000
-0.38361, 8.77000
-0.21759, 8.78000
-0.38406, 8.79000
-0.21591, 8.80000
-0.38513, 8.81000
-0.22079, 8.82000
-0.38635, 8.83000
-0.21942, 8.84000
-0.38818, 8.85000
-0.22049, 8.86000
-0.38773, 8.87000
-0.22278, 8.88000
-0.39001, 8.89000
-0.22232, 8.90000
-0.39078, 8.91000
-0.22324, 8.92000
-0.39200, 8.93000
-0.22415, 8.94000
-0.39215, 8.95000
-0.22690, 8.96000
-0.39398, 8.97000
-0.22720, 8.98000
-0.39444, 8.99000
-0.22751, 9.00000
-0.39642, 9.01000
-0.22964, 9.02000
-0.39810, 9.03000
-0.23071, 9.04000
-0.39795, 9.05000
-0.23224, 9.06000
-0.39886, 9.07000
-0.23132, 9.08000
-0.40039, 9.09000
-0.23224, 9.10000
-0.39963, 9.11000
-0.23026, 9.12000
-0.39536, 9.13000
-0.22430, 9.14000
-0.39429, 9.15000
-0.22888, 9.16000
-0.39932, 9.17000
-0.23285, 9.18000
-0.40558, 9.19000
-0.23514, 9.20000
-0.40649, 9.21000
-0.24063, 9.22000
-0.41275, 9.23000
-0.24765, 9.24000
-0.41473, 9.25000
-0.24612, 9.26000
-0.41153, 9.27000
-0.24185, 9.28000
-0.40710, 9.29000
-0.23773, 9.30000
-0.40115, 9.31000
-0.23056, 9.32000
-0.40253, 9.33000
-0.23590, 9.34000
-0.40527, 9.35000
-0.23834, 9.36000
-0.41077, 9.37000
-0.24384, 9.38000
-0.41077, 9.39000
-0.24323, 9.40000
-0.41260, 9.41000
-0.24460, 9.42000
-0.41168, 9.43000
-0.24612, 9.44000
-0.41672, 9.45000
-0.24780, 9.46000
-0.41855, 9.47000
-0.24796, 9.48000
-0.41977, 9.49000
-0.25192, 9.50000
-0.42313, 9.51000
-0.25711, 9.52000
-0.42419, 9.53000
-0.25909, 9.54000
-0.42938, 9.55000
-0.26199, 9.56000
-0.43335, 9.57000
-0.26611, 9.58000
-0.43442, 9.59000
-0.26703, 9.60000
-0.43594, 9.61000
-0.26810, 9.62000
-0.43625, 9.63000
-0.26855, 9.64000
-0.43732, 9.65000
-0.27023, 9.66000
-0.43808, 9.67000
-0.27328, 9.68000
-0.44098, 9.69000
-0.27588, 9.70000
-0.44174, 9.71000
-0.27435, 9.72000
-0.43884, 9.73000
-0.26810, 9.74000
-0.43304, 9.75000
-0.26566, 9.76000
-0.43167, 9.77000
-0.26321, 9.78000
-0.43106, 9.79000
-0.26199, 9.80000
-0.41016, 9.81000
-0.24567, 9.82000
-0.41595, 9.83000
-0.25406, 9.84000
-0.42709, 9.85000
-0.26276, 9.86000
-0.43396, 9.87000
-0.26382, 9.88000
-0.42709, 9.89000
-0.25558, 9.90000
-0.41794, 9.91000
-0.24536, 9.92000
-0.40817, 9.93000
-0.24094, 9.94000
-0.40833, 9.95000
-0.24109, 9.96000
-0.40985, 9.97000
-0.24475, 9.98000
-0.41336, 9.99000
-0.24673, 10.00000
-0.41809, 10.01000
-0.25345, 10.02000
-0.42786, 10.03000
-0.26337, 10.04000
-0.43594, 10.05000
-0.26657, 10.06000
-0.43381, 10.07000
-0.25772, 10.08000
-0.42221, 10.09000
-0.25208, 10.10000
-0.42526, 10.11000
-0.26031, 10.12000
-0.43503, 10.13000
-0.26688, 10.14000
-0.44083, 10.15000
-0.26947, 10.16000
-0.44266, 10.17000
-0.28122, 10.18000
-0.45593, 10.19000
-0.28259, 10.20000
-0.45349, 10.21000
-0.28183, 10.22000
-0.45349, 10.23000
-0.28244, 10.24000
-0.45639, 10.25000
-0.28366, 10.26000
-0.45746, 10.27000
-0.28687, 10.28000
-0.46021, 10.29000
-0.28854, 10.30000
-0.46219, 10.31000
-0.29083, 10.32000
-0.46448, 10.33000
-0.29114, 10.34000
-0.45593, 10.35000
-0.28244, 10.36000
-0.45303, 10.37000
-0.28793, 10.38000
-0.46158, 10.39000
-0.28503, 10.40000
-0.45486, 10.41000
-0.28305, 10.42000
-0.46097, 10.43000
-0.29068, 10.44000
-0.46402, 10.45000
-0.29221, 10.46000
-0.46814, 10.47000
-0.29831, 10.48000
-0.47501, 10.49000
-0.30594, 10.50000
-0.47821, 10.51000
-0.30807, 10.52000
-0.48325, 10.53000
-0.31113, 10.54000
-0.48538, 10.55000
-0.31616, 10.56000
-0.48950, 10.57000
-0.31845, 10.58000
-0.49240, 10.59000
-0.31998, 10.60000
-0.49454, 10.61000
-0.32013, 10.62000
-0.49255, 10.63000
-0.31830, 10.64000
-0.49225, 10.65000
-0.31982, 10.66000
-0.49164, 10.67000
-0.31921, 10.68000
-0.49545, 10.69000
-0.32257, 10.70000
-0.49683, 10.71000
-0.32684, 10.72000
-0.50156, 10.73000
-0.32898, 10.74000
-0.50369, 10.75000
-0.33218, 10.76000
-0.50720, 10.77000
-0.33340, 10.78000
-0.50613, 10.79000
-0.33371, 10.80000
-0.50705, 10.81000
-0.33569, 10.82000
-0.50858, 10.83000
-0.33386, 10.84000
-0.50858, 10.85000
-0.33646, 10.86000
-0.50949, 10.87000
-0.33768, 10.88000
-0.51132, 10.89000
-0.33813, 10.90000
-0.51132, 10.91000
-0.33859, 10.92000
-0.51392, 10.93000
-0.33966, 10.94000
-0.51361, 10.95000
-0.34042, 10.96000
-0.51392, 10.97000
-0.34225, 10.98000
-0.51605, 10.99000
-0.34180, 11.00000
-0.51498, 11.01000
-0.34332, 11.02000
-0.51498, 11.03000
-0.34317, 11.04000
-0.51758, 11.05000
-0.34576, 11.06000
-0.51880, 11.07000
-0.34698, 11.08000
-0.52032, 11.09000
-0.34790, 11.10000
-0.52246, 11.11000
-0.35004, 11.12000
-0.52231, 11.13000
-0.35004, 11.14000
-0.52673, 11.15000
-0.35126, 11.16000
-0.52460, 11.17000
-0.35217, 11.18000
-0.52322, 11.19000
-0.35217, 11.20000
-0.52460, 11.21000
-0.35370, 11.22000
-0.52826, 11.23000
-0.35446, 11.24000
-0.52856, 11.25000
-0.35507, 11.26000
-0.52872, 11.27000
-0.35599, 11.28000
-0.52979, 11.29000
-0.35919, 11.30000
-0.53055, 11.31000
-0.35767, 11.32000
-0.53116, 11.33000
-0.35950, 11.34000
-0.53268, 11.35000
-0.36041, 11.36000
-0.53375, 11.37000
-0.36026, 11.38000
-0.53558, 11.39000
-0.36301, 11.40000
-0.53604, 11.41000
-0.36255, 11.42000
-0.53894, 11.43000
-0.36667, 11.44000
-0.53909, 11.45000
-0.36606, 11.46000
-0.54077, 11.47000
-0.36774, 11.48000
-0.54214, 11.49000
-0.36789, 11.50000
-0.54245, 11.51000
-0.36911, 11.52000
-0.54443, 11.53000
-0.37094, 11.54000
-0.54443, 11.55000
-0.37094, 11.56000
-0.54550, 11.57000
-0.37323, 11.58000
-0.54367, 11.59000
-0.37354, 11.60000
-0.54810, 11.61000
-0.37460, 11.62000
-0.54916, 11.63000
-0.37521, 11.64000
-0.54993, 11.65000
-0.37643, 11.66000
-0.55099, 11.67000
-0.37735, 11.68000
-0.55283, 11.69000
-0.37842, 11.70000
-0.55283, 11.71000
-0.38040, 11.72000
-0.55313, 11.73000
-0.37979, 11.74000
-0.55481, 11.75000
-0.38177, 11.76000
-0.55649, 11.77000
-0.38330, 11.78000
-0.55756, 11.79000
-0.38712, 11.80000
-0.55984, 11.81000
-0.38574, 11.82000
-0.55984, 11.83000
-0.38406, 11.84000
-0.56046, 11.85000
-0.38925, 11.86000
-0.56183, 11.87000
-0.38940, 11.88000
-0.56381, 11.89000
-0.38925, 11.90000
-0.56396, 11.91000
-0.39139, 11.92000
-0.56366, 11.93000
-0.38834, 11.94000
-0.56351, 11.95000
-0.38803, 11.96000
-0.56503, 11.97000
-0.39154, 11.98000
-0.56580, 11.99000
-0.39505, 12.00000
-0.56808, 12.01000
-0.39307, 12.02000
-0.56870, 12.03000
-0.39703, 12.04000
-0.57175, 12.05000
-0.39825, 12.06000
-0.57236, 12.07000
-0.39902, 12.08000
-0.57510, 12.09000
-0.40100, 12.10000
-0.57602, 12.11000
-0.40237, 12.12000
-0.57724, 12.13000
-0.40283, 12.14000
-0.57755, 12.15000
-0.40329, 12.16000
-0.57983, 12.17000
-0.40588, 12.18000
-0.58029, 12.19000
-0.40710, 12.20000
-0.58151, 12.21000
-0.40878, 12.22000
-0.57465, 12.23000
-0.40817, 12.24000
-0.57632, 12.25000
-0.40970, 12.26000
-0.57800, 12.27000
-0.41168, 12.28000
-0.57861, 12.29000
-0.41138, 12.30000
-0.58075, 12.31000
-0.41260, 12.32000
-0.58075, 12.33000
-0.41428, 12.34000
-0.58228, 12.35000
-0.41489, 12.36000
-0.58289, 12.37000
-0.41763, 12.38000
-0.58487, 12.39000
-0.41840, 12.40000
-0.58594, 12.41000
-0.41992, 12.42000
-0.58853, 12.43000
-0.42038, 12.44000
-0.59311, 12.45000
-0.42099, 12.46000
-0.59158, 12.47000
-0.42282, 12.48000
-0.59143, 12.49000
-0.42496, 12.50000
-0.59067, 12.51000
-0.42374, 12.52000
-0.59357, 12.53000
-0.42542, 12.54000
-0.59692, 12.55000
-0.42587, 12.56000
-0.59540, 12.57000
-0.42770, 12.58000
-0.59860, 12.59000
-0.42755, 12.60000
-0.59769, 12.61000
-0.43030, 12.62000
-0.59921, 12.63000
-0.43045, 12.64000
-0.60104, 12.65000
-0.43152, 12.66000
-0.60364, 12.67000
-0.43198, 12.68000
-0.60211, 12.69000
-0.43442, 12.70000
-0.60318, 12.71000
-0.43411, 12.72000
-0.60593, 12.73000
-0.43732, 12.74000
-0.60669, 12.75000
-0.43762, 12.76000
-0.60715, 12.77000
-0.43808, 12.78000
-0.60608, 12.79000
-0.44098, 12.80000
-0.61142, 12.81000
-0.44174, 12.82000
-0.61035, 12.83000
-0.44174, 12.84000
-0.61310, 12.85000
-0.44327, 12.86000
-0.61279, 12.87000
-0.44464, 12.88000
-0.61600, 12.89000
-0.44632, 12.90000
-0.61539, 12.91000
-0.44632, 12.92000
-0.61768, 12.93000
-0.44846, 12.94000
-0.61829, 12.95000
-0.44922, 12.96000
-0.61951, 12.97000
-0.45029, 12.98000
-0.62042, 12.99000
-0.45364, 13.00000
-0.62332, 13.01000
-0.45151, 13.02000
-0.62347, 13.03000
-0.45288, 13.04000
-0.62668, 13.05000
-0.45456, 13.06000
-0.62683, 13.07000
-0.45593, 13.08000
-0.62744, 13.09000
-0.45853, 13.10000
-0.62729, 13.11000
-0.45700, 13.12000
-0.63004, 13.13000
-0.45975, 13.14000
-0.63202, 13.15000
-0.46143, 13.16000
-0.63324, 13.17000
-0.46356, 13.18000
-0.63339, 13.19000
-0.46417, 13.20000
-0.63568, 13.21000
-0.46524, 13.22000
-0.63828, 13.23000
-0.46494, 13.24000
-0.63858, 13.25000
-0.46707, 13.26000
-0.63919, 13.27000
-0.46951, 13.28000
-0.63950, 13.29000
-0.46799, 13.30000
-0.64163, 13.31000
-0.47058, 13.32000
-0.64285, 13.33000
-0.47195, 13.34000
-0.64255, 13.35000
-0.47348, 13.36000
-0.64545, 13.37000
-0.47470, 13.38000
-0.64789, 13.39000
-0.47592, 13.40000
-0.64865, 13.41000
-0.47791, 13.42000
-0.64789, 13.43000
-0.47821, 13.44000
-0.65079, 13.45000
-0.47943, 13.46000
-0.65033, 13.47000
-0.47943, 13.48000
-0.65338, 13.49000
-0.48325, 13.50000
-0.65765, 13.51000
-0.48447, 13.52000
-0.65720, 13.53000
-0.48477, 13.54000
-0.65750, 13.55000
-0.48737, 13.56000
-0.65903, 13.57000
-0.48752, 13.58000
-0.66025, 13.59000
-0.48981, 13.60000
-0.66147, 13.61000
-0.49072, 13.62000
-0.66376, 13.63000
-0.49072, 13.64000
-0.66391, 13.65000
-0.49362, 13.66000
-0.66650, 13.67000
-0.49576, 13.68000
-0.66895, 13.69000
-0.49759, 13.70000
-0.66986, 13.71000
-0.49866, 13.72000
-0.67276, 13.73000
-0.50110, 13.74000
-0.67825, 13.75000
-0.50278, 13.76000
-0.67688, 13.77000
-0.50674, 13.78000
-0.67795, 13.79000
-0.50858, 13.80000
-0.68008, 13.81000
-0.51132, 13.82000
-0.68298, 13.83000
-0.51361, 13.84000
-0.68588, 13.85000
-0.51437, 13.86000
-0.68665, 13.87000
-0.51697, 13.88000
-0.69046, 13.89000
-0.51941, 13.90000
-0.69443, 13.91000
-0.52429, 13.92000
-0.69809, 13.93000
-0.52841, 13.94000
-0.70328, 13.95000
-0.53146, 13.96000
-0.70801, 13.97000
-0.53543, 13.98000
-0.71152, 13.99000
-0.54169, 14.00000
-0.71640, 14.01000
-0.54810, 14.02000
-0.72250, 14.03000
-0.55511, 14.04000
-0.72739, 14.05000
-0.55878, 14.06000
-0.73273, 14.07000
-0.56152, 14.08000
-0.73563, 14.09000
-0.56534, 14.10000
-0.74005, 14.11000
-0.56854, 14.12000
-0.74295, 14.13000
-0.57281, 14.14000
-0.74707, 14.15000
-0.57770, 14.16000
-0.75211, 14.17000
-0.58304, 14.18000
-0.75958, 14.19000
-0.59082, 14.20000
-0.76584, 14.21000
-0.59952, 14.22000
-0.77499, 14.23000
-0.60883, 14.24000
-0.78629, 14.25000
-0.62103, 14.26000
-0.80200, 14.27000
-0.63736, 14.28000
-0.81741, 14.29000
-0.65353, 14.30000
-0.83710, 14.31000
-0.67688, 14.32000
-0.85953, 14.33000
-0.69977, 14.34000
-0.88623, 14.35000
-0.72922, 14.36000
-0.92117, 14.37000
-0.76187, 14.38000
-0.95596, 14.39000
-0.80688, 14.40000
-1.00098, 14.41000
-0.85327, 14.42000
-1.05453, 14.43000
-0.91080, 14.44000
-1.11542, 14.45000
-0.98053, 14.46000
-1.19003, 14.47000
-1.05972, 14.48000
-1.27548, 14.49000
-1.14548, 14.50000
-1.36520, 14.51000
-1.23932, 14.52000
-1.46317, 14.53000
-1.33774, 14.54000
-1.55746, 14.55000
-1.43265, 14.56000
-1.65359, 14.57000
-1.52390, 14.58000
-1.73920, 14.59000
-1.60599, 14.60000
-1.81030, 14.61000
-1.66687, 14.62000
-1.86447, 14.63000
-1.71127, 14.64000
-1.89880, 14.65000
-1.73859, 14.66000
-1.91772, 14.67000
-1.74713, 14.68000
-1.91818, 14.69000
-1.73706, 14.70000
-1.90231, 14.71000
-1.71860, 14.72000
-1.87683, 14.73000
-1.68686, 14.74000
-1.83945, 14.75000
-1.64474, 14.76000
-1.79672, 14.77000
-1.60004, 14.78000
-1.75003, 14.79000
-1.55304, 14.80000
-1.70380, 14.81000
-1.50665, 14.82000
-1.65756, 14.83000
-1.46103, 14.84000
-1.61362, 14.85000
-1.41724, 14.86000
-1.57028, 14.87000
-1.37665, 14.88000
-1.53152, 14.89000
-1.33698, 14.90000
-1.49399, 14.91000
-1.30310, 14.92000
-1.45859, 14.93000
-1.26953, 14.94000
-1.42792, 14.95000
-1.23947, 14.96000
-1.39862, 14.97000
-1.21216, 14.98000
-1.37314, 14.99000
-1.19003, 15.00000
-1.35193, 15.01000
-1.16791, 15.02000
-1.33240, 15.03000
-1.15051, 15.04000
-1.31882, 15.05000
-1.13541, 15.06000
-1.30173, 15.07000
-1.12366, 15.08000
-1.29227, 15.09000
-1.11603, 15.10000
-1.28738, 15.11000
-1.11313, 15.12000
-1.28815, 15.13000
-1.11511, 15.14000
-1.29288, 15.15000
-1.12350, 15.16000
-1.30356, 15.17000
-1.13739, 15.18000
-1.32187, 15.19000
-1.15936, 15.20000
-1.34476, 15.21000
-1.18790, 15.22000
-1.37817, 15.23000
-1.22192, 15.24000
-1.41632, 15.25000
-1.26205, 15.26000
-1.45737, 15.27000
-1.30722, 15.28000
-1.50406, 15.29000
-1.35147, 15.30000
-1.54968, 15.31000
-1.39496, 15.32000
-1.58813, 15.33000
-1.43448, 15.34000
-1.62292, 15.35000
-1.46591, 15.36000
-1.65268, 15.37000
-1.48941, 15.38000
-1.67099, 15.39000
-1.50375, 15.40000
-1.68076, 15.41000
-1.50818, 15.42000
-1.68106, 15.43000
-1.50421, 15.44000
-1.67343, 15.45000
-1.49490, 15.46000
-1.66107, 15.47000
-1.47949, 15.48000
-1.64368, 15.49000
-1.46103, 15.50000
-1.62598, 15.51000
-1.44257, 15.52000
-1.60583, 15.53000
-1.42349, 15.54000
-1.58981, 15.55000
-1.40808, 15.56000
-1.57532, 15.57000
-1.39359, 15.58000
-1.56281, 15.59000
-1.38596, 15.60000
-1.55594, 15.61000
-1.38031, 15.62000
-1.55014, 15.63000
-1.37360, 15.64000
-1.54617, 15.65000
-1.37268, 15.66000
-1.54541, 15.67000
-1.37039, 15.68000
-1.54221, 15.69000
-1.37177, 15.70000
-1.54282, 15.71000
-1.36536, 15.72000
-1.53717, 15.73000
-1.36002, 15.74000
-1.53107, 15.75000
-1.35101, 15.76000
-1.52283, 15.77000
-1.34430, 15.78000
-1.51199, 15.79000
-1.33316, 15.80000
-1.49933, 15.81000
-1.31958, 15.82000
-1.48865, 15.83000
-1.30676, 15.84000
-1.47537, 15.85000
-1.29593, 15.86000
-1.46439, 15.87000
-1.28479, 15.88000
-1.45187, 15.89000
-1.27228, 15.90000
-1.44073, 15.91000
-1.26205, 15.92000
-1.42899, 15.93000
-1.25183, 15.94000
-1.41754, 15.95000
-1.23856, 15.96000
-1.40732, 15.97000
-1.22726, 15.98000
-1.39404, 15.99000
-1.21567, 16.00000
-1.38290, 16.01000
-1.20392, 16.02000
-1.37100, 16.03000
-1.19034, 16.04000
-1.35986, 16.05000
-1.17645, 16.06000
-1.34552, 16.07000
-1.16425, 16.08000
-1.33270, 16.09000
-1.15189, 16.10000
-1.31958, 16.11000
-1.14105, 16.12000
-1.30814, 16.13000
-1.12946, 16.14000
-1.29715, 16.15000
-1.11847, 16.16000
-1.28922, 16.17000
-1.10825, 16.18000
-1.27869, 16.19000
-1.10153, 16.20000
-1.27090, 16.21000
-1.09207, 16.22000
-1.26160, 16.23000
-1.08475, 16.24000
-1.25580, 16.25000
-1.07773, 16.26000
-1.24786, 16.27000
-1.07056, 16.28000
-1.24207, 16.29000
-1.06613, 16.30000
-1.23688, 16.31000
-1.06033, 16.32000
-1.23291, 16.33000
-1.05728, 16.34000
-1.23199, 16.35000
-1.05652, 16.36000
-1.22543, 16.37000
-1.05179, 16.38000
-1.22269, 16.39000
-1.04691, 16.40000
-1.21841, 16.41000
-1.04416, 16.42000
-1.21735, 16.43000
-1.04309, 16.44000
-1.21597, 16.45000
-1.03973, 16.46000
-1.21384, 16.47000
-1.03851, 16.48000
-1.21063, 16.49000
-1.03683, 16.50000
-1.21063, 16.51000
-1.03668, 16.52000
-1.20972, 16.53000
-1.03622, 16.54000
-1.20728, 16.55000
-1.03317, 16.56000
-1.20728, 16.57000
-1.03271, 16.58000
-1.20667, 16.59000
-1.03378, 16.60000
-1.20560, 16.61000
-1.03287, 16.62000
-1.20483, 16.63000
-1.03165, 16.64000
-1.20529, 16.65000
-1.03134, 16.66000
-1.20590, 16.67000
-1.03226, 16.68000
-1.20316, 16.69000
-1.02997, 16.70000
-1.20651, 16.71000
-1.03226, 16.72000
-1.20728, 16.73000
-1.03531, 16.74000
-1.20697, 16.75000
-1.03470, 16.76000
-1.20895, 16.77000
-1.03363, 16.78000
-1.20789, 16.79000
-1.03516, 16.80000
-1.20941, 16.81000
-1.03790, 16.82000
-1.21063, 16.83000
-1.03836, 16.84000
-1.21246, 16.85000
-1.04004, 16.86000
-1.21246, 16.87000
-1.04111, 16.88000
-1.21552, 16.89000
-1.04233, 16.90000
-1.21658, 16.91000
-1.04370, 16.92000
-1.22101, 16.93000
-1.04691, 16.94000
-1.22437, 16.95000
-1.05011, 16.96000
-1.22665, 16.97000
-1.05408, 16.98000
-1.23123, 16.99000
-1.06476, 17.00000
-1.23596, 17.01000
-1.06506, 17.02000
-1.24084, 17.03000
-1.07132, 17.04000
-1.24680, 17.05000
-1.07590, 17.06000
-1.25519, 17.07000
-1.08536, 17.08000
-1.26266, 17.09000
-1.09268, 17.10000
-1.27213, 17.11000
-1.10321, 17.12000
-1.28326, 17.13000
-1.11450, 17.14000
-1.29715, 17.15000
-1.12946, 17.16000
-1.30966, 17.17000
-1.14624, 17.18000
-1.32660, 17.19000
-1.16440, 17.20000
-1.34979, 17.21000
-1.18744, 17.22000
-1.37451, 17.23000
-1.21628, 17.24000
-1.40533, 17.25000
-1.24817, 17.26000
-1.43951, 17.27000
-1.28433, 17.28000
-1.47522, 17.29000
-1.32202, 17.30000
-1.51581, 17.31000
-1.36185, 17.32000
-1.55640, 17.33000
-1.40274, 17.34000
-1.59607, 17.35000
-1.44424, 17.36000
-1.63208, 17.37000
-1.47659, 17.38000
-1.66458, 17.39000
-1.50604, 17.40000
-1.69403, 17.41000
-1.53091, 17.42000
-1.71585, 17.43000
-1.55396, 17.44000
-1.73416, 17.45000
-1.56845, 17.46000
-1.74973, 17.47000
-1.58142, 17.48000
-1.76224, 17.49000
-1.59576, 17.50000
-1.77231, 17.51000
-1.60309, 17.52000
-1.78192, 17.53000
-1.61209, 17.54000
-1.78894, 17.55000
-1.61972, 17.56000
-1.79718, 17.57000
-1.62735, 17.58000
-1.80603, 17.59000
-1.63361, 17.60000
-1.81046, 17.61000
-1.63895, 17.62000
-1.81473, 17.63000
-1.64368, 17.64000
-1.81641, 17.65000
-1.64398, 17.66000
-1.81610, 17.67000
-1.64307, 17.68000
-1.81183, 17.69000
-1.63773, 17.70000
-1.80588, 17.71000
-1.62918, 17.72000
-1.79581, 17.73000
-1.61591, 17.74000
-1.78207, 17.75000
-1.60110, 17.76000
-1.76514, 17.77000
-1.58188, 17.78000
-1.74637, 17.79000
-1.56342, 17.80000
-1.72516, 17.81000
-1.54175, 17.82000
-1.70273, 17.83000
-1.52008, 17.84000
-1.67984, 17.85000
-1.49658, 17.86000
-1.65756, 17.87000
-1.47324, 17.88000
-1.63483, 17.89000
-1.45187, 17.90000
-1.61407, 17.91000
-1.43204, 17.92000
-1.59409, 17.93000
-1.41205, 17.94000
-1.57593, 17.95000
-1.39755, 17.96000
-1.56113, 17.97000
-1.38351, 17.98000
-1.54953, 17.99000
-1.37146, 18.00000
-1.54114, 18.01000
-1.36490, 18.02000
-1.53381, 18.03000
-1.35910, 18.04000
-1.52969, 18.05000
-1.35620, 18.06000
-1.53000, 18.07000
-1.35742, 18.08000
-1.53397, 18.09000
-1.36414, 18.10000
-1.54007, 18.11000
-1.37253, 18.12000
-1.54938, 18.13000
-1.38626, 18.14000
-1.56357, 18.15000
-1.40030, 18.16000
-1.58051, 18.17000
-1.41830, 18.18000
-1.60065, 18.19000
-1.44012, 18.20000
-1.62277, 18.21000
-1.46210, 18.22000
-1.64490, 18.23000
-1.48422, 18.24000
-1.66901, 18.25000
-1.50909, 18.26000
-1.69067, 18.27000
-1.53030, 18.28000
-1.71036, 18.29000
-1.55441, 18.30000
-1.72592, 18.31000
-1.56036, 18.32000
-1.73782, 18.33000
-1.57181, 18.34000
-1.74728, 18.35000
-1.57883, 18.36000
-1.75308, 18.37000
-1.58203, 18.38000
-1.75644, 18.39000
-1.58386, 18.40000
-1.75461, 18.41000
-1.58035, 18.42000
-1.75064, 18.43000
-1.57486, 18.44000
-1.74454, 18.45000
-1.57364, 18.46000
-1.73843, 18.47000
-1.56265, 18.48000
-1.73370, 18.49000
-1.55884, 18.50000
-1.72897, 18.51000
-1.55426, 18.52000
-1.72623, 18.53000
-1.55197, 18.54000
-1.72409, 18.55000
-1.54907, 18.56000
-1.72379, 18.57000
-1.55212, 18.58000
-1.72516, 18.59000
-1.55792, 18.60000
-1.72806, 18.61000
-1.55685, 18.62000
-1.73111, 18.63000
-1.55991, 18.64000
-1.73431, 18.65000
-1.56296, 18.66000
-1.73828, 18.67000
-1.56662, 18.68000
-1.74225, 18.69000
-1.57089, 18.70000
-1.74591, 18.71000
-1.57333, 18.72000
-1.74744, 18.73000
-1.57990, 18.74000
-1.75079, 18.75000
-1.57867, 18.76000
-1.75400, 18.77000
-1.58173, 18.78000
-1.75385, 18.79000
-1.58264, 18.80000
-1.75491, 18.81000
-1.58218, 18.82000
-1.75598, 18.83000
-1.58478, 18.84000
-1.75690, 18.85000
-1.58539, 18.86000
-1.75903, 18.87000
-1.58920, 18.88000
-1.75873, 18.89000
-1.58875, 18.90000
-1.76193, 18.91000
-1.59027, 18.92000
-1.76254, 18.93000
-1.59134, 18.94000
-1.76178, 18.95000
-1.59424, 18.96000
-1.76651, 18.97000
-1.59500, 18.98000
-1.76910, 18.99000
-1.59729, 19.00000
-1.77078, 19.01000
-1.60324, 19.02000
-1.77353, 19.03000
-1.60187, 19.04000
-1.77505, 19.05000
-1.60568, 19.06000
-1.77841, 19.07000
-1.60812, 19.08000
-1.78146, 19.09000
-1.61118, 19.10000
-1.78650, 19.11000
-1.61514, 19.12000
-1.79016, 19.13000
-1.62155, 19.14000
-1.79672, 19.15000
-1.62949, 19.16000
-1.80145, 19.17000
-1.63300, 19.18000
-1.80786, 19.19000
-1.63803, 19.20000
-1.81351, 19.21000
-1.63864, 19.22000
-1.81442, 19.23000
-1.64597, 19.24000
-1.82404, 19.25000
-1.65283, 19.26000
-1.83029, 19.27000
-1.65909, 19.28000
-1.83762, 19.29000
-1.66809, 19.30000
-1.84509, 19.31000
-1.67572, 19.32000
-1.85242, 19.33000
-1.68289, 19.34000
-1.86035, 19.35000
-1.69022, 19.36000
-1.86722, 19.37000
-1.69632, 19.38000
-1.87592, 19.39000
-1.70364, 19.40000
-1.88232, 19.41000
-1.71143, 19.42000
-1.88919, 19.43000
-1.71844, 19.44000
-1.89743, 19.45000
-1.72531, 19.46000
-1.90231, 19.47000
-1.73248, 19.48000
-1.90872, 19.49000
-1.73981, 19.50000
-1.91666, 19.51000
-1.74561, 19.52000
-1.92245, 19.53000
-1.75140, 19.54000
-1.92856, 19.55000
-1.75613, 19.56000
-1.93161, 19.57000
-1.76300, 19.58000
-1.94061, 19.59000
-1.77261, 19.60000
-1.94550, 19.61000
-1.77551, 19.62000
-1.95160, 19.63000
-1.78116, 19.64000
-1.95724, 19.65000
-1.78696, 19.66000
-1.96243, 19.67000
-1.79276, 19.68000
-1.96823, 19.69000
-1.79840, 19.70000
-1.97571, 19.71000
-1.80267, 19.72000
-1.97968, 19.73000
-1.80984, 19.74000
-1.98593, 19.75000
-1.81503, 19.76000
-1.99127, 19.77000
-1.82037, 19.78000
-1.99631, 19.79000
-1.82556, 19.80000
-1.99951, 19.81000
-1.83014, 19.82000
-2.00745, 19.83000
-1.83533, 19.84000
-2.01416, 19.85000
-1.84250, 19.86000
-2.01813, 19.87000
-1.84799, 19.88000
-2.02332, 19.89000
-1.85226, 19.90000
-2.02744, 19.91000
-1.85699, 19.92000
-2.03415, 19.93000
-1.86417, 19.94000
-2.03842, 19.95000
-1.86783, 19.96000
-2.04361, 19.97000
-1.87180, 19.98000
-2.04651, 19.99000
-1.87759, 20.00000
-2.05353, 20.01000
-1.88187, 20.02000
-2.05856, 20.03000
-1.88614, 20.04000
-2.06253, 20.05000
-1.89194, 20.06000
-2.06802, 20.07000
-1.89713, 20.08000
-2.07352, 20.09000
-1.90155, 20.10000
-2.07794, 20.11000
-1.90735, 20.12000
-2.08191, 20.13000
-1.91177, 20.14000
-2.08755, 20.15000
-1.91559, 20.16000
-2.09061, 20.17000
-1.92001, 20.18000
-2.09610, 20.19000
-1.92642, 20.20000
-2.10175, 20.21000
-1.92963, 20.22000
-2.10510, 20.23000
-1.93497, 20.24000
-2.11273, 20.25000
-1.93832, 20.26000
-2.11548, 20.27000
-1.94397, 20.28000
-2.12021, 20.29000
-1.95023, 20.30000
-2.12433, 20.31000
-1.95572, 20.32000
-2.13074, 20.33000
-1.95984, 20.34000
-2.13516, 20.35000
-1.96381, 20.36000
-2.14005, 20.37000
-1.96854, 20.38000
-2.14600, 20.39000
-1.97495, 20.40000
-2.14890, 20.41000
-1.97815, 20.42000
-2.15393, 20.43000
-1.98212, 20.44000
-2.15820, 20.45000
-1.98639, 20.46000
-2.16187, 20.47000
-1.99173, 20.48000
-2.16812, 20.49000
-1.99615, 20.50000
-2.17239, 20.51000
-2.00089, 20.52000
-2.17621, 20.53000
-2.00348, 20.54000
-2.17941, 20.55000
-2.00836, 20.56000
-2.18719, 20.57000
-2.01370, 20.58000
-2.18918, 20.59000
-2.01706, 20.60000
-2.19498, 20.61000
-2.02209, 20.62000
-2.19910, 20.63000
-2.02713, 20.64000
-2.20398, 20.65000
-2.03278, 20.66000
-2.20673, 20.67000
-2.03705, 20.68000
-2.21283, 20.69000
-2.04208, 20.70000
-2.21573, 20.71000
-2.04422, 20.72000
-2.22122, 20.73000
-2.04971, 20.74000
-2.22794, 20.75000
-2.05444, 20.76000
-2.22946, 20.77000
-2.05780, 20.78000
-2.23450, 20.79000
-2.06223, 20.80000
-2.23969, 20.81000
-2.06680, 20.82000
-2.24228, 20.83000
-2.07199, 20.84000
-2.24686, 20.85000
-2.07611, 20.86000
-2.25159, 20.87000
-2.08160, 20.88000
-2.25616, 20.89000
-2.08817, 20.90000
-2.26181, 20.91000
-2.09000, 20.92000
-2.26624, 20.93000
-2.09305, 20.94000
-2.27036, 20.95000
-2.09854, 20.96000
-2.27539, 20.97000
-2.10281, 20.98000
-2.27875, 20.99000
-2.10800, 21.00000
-2.28180, 21.01000
-2.11349, 21.02000
-2.28836, 21.03000
-2.11685, 21.04000
-2.29202, 21.05000
-2.12051, 21.06000
-2.29614, 21.07000
-2.12402, 21.08000
-2.30026, 21.09000
-2.12830, 21.10000
-2.30453, 21.11000
-2.13272, 21.12000
-2.31018, 21.13000
-2.13821, 21.14000
-2.31339, 21.15000
-2.14310, 21.16000
-2.31827, 21.17000
-2.14676, 21.18000
-2.32224, 21.19000
-2.15179, 21.20000
-2.32605, 21.21000
-2.15515, 21.22000
-2.33109, 21.23000
-2.16019, 21.24000
-2.33444, 21.25000
-2.16339, 21.26000
-2.33963, 21.27000
-2.16782, 21.28000
-2.34467, 21.29000
-2.17377, 21.30000
-2.34772, 21.31000
-2.17758, 21.32000
-2.35306, 21.33000
-2.18185, 21.34000
-2.35809, 21.35000
-2.18552, 21.36000
-2.36160, 21.37000
-2.18948, 21.38000
-2.36557, 21.39000
-2.19376, 21.40000
-2.37045, 21.41000
-2.19955, 21.42000
-2.37411, 21.43000
-2.20474, 21.44000
-2.37961, 21.45000
-2.20703, 21.46000
-2.38419, 21.47000
-2.21252, 21.48000
-2.38831, 21.49000
-2.21634, 21.50000
-2.39059, 21.51000
-2.21985, 21.52000
-2.39594, 21.53000
-2.22549, 21.54000
-2.40387, 21.55000
-2.22870, 21.56000
-2.40585, 21.57000
-2.23480, 21.58000
-2.40967, 21.59000
-2.23724, 21.60000
-2.41287, 21.61000
-2.24152, 21.62000
-2.41837, 21.63000
-2.24564, 21.64000
-2.42142, 21.65000
-2.25189, 21.66000
-2.42935, 21.67000
-2.25586, 21.68000
-2.43073, 21.69000
-2.25861, 21.70000
-2.43530, 21.71000
-2.26334, 21.72000
-2.43958, 21.73000
-2.26822, 21.74000
-2.44370, 21.75000
-2.27264, 21.76000
-2.44736, 21.77000
-2.27783, 21.78000
-2.45255, 21.79000
-2.28134, 21.80000
-2.45529, 21.81000
-2.28683, 21.82000
-2.46201, 21.83000
-2.29034, 21.84000
-2.46796, 21.85000
-2.29462, 21.86000
-2.47040, 21.87000
-2.29904, 21.88000
-2.47437, 21.89000
-2.30301, 21.90000
-2.47803, 21.91000
-2.30774, 21.92000
-2.48352, 21.93000
-2.31262, 21.94000
-2.48840, 21.95000
-2.31659, 21.96000
-2.49237, 21.97000
-2.32040, 21.98000
-2.49832, 21.99000
-2.32391, 22.00000
-2.50092, 22.01000
-2.32986, 22.02000
-2.50443, 22.03000
-2.33292, 22.04000
-2.50992, 22.05000
-2.33719, 22.06000
-2.51282, 22.07000
-2.34207, 22.08000
-2.51724, 22.09000
-2.34695, 22.10000
-2.52228, 22.11000
-2.35153, 22.12000
-2.52563, 22.13000
-2.35535, 22.14000
-2.53113, 22.15000
-2.36115, 22.16000
-2.53479, 22.17000
-2.36511, 22.18000
-2.54166, 22.19000
-2.37198, 22.20000
-2.54425, 22.21000
-2.37427, 22.22000
-2.54974, 22.23000
-2.37839, 22.24000
-2.55325, 22.25000
-2.38419, 22.26000
-2.55676, 22.27000
-2.38693, 22.28000
-2.56195, 22.29000
-2.39075, 22.30000
-2.56607, 22.31000
-2.39319, 22.32000
-2.56973, 22.33000
-2.39838, 22.34000
-2.57538, 22.35000
-2.40311, 22.36000
-2.57874, 22.37000
-2.40768, 22.38000
-2.58347, 22.39000
-2.41348, 22.40000
-2.58820, 22.41000
-2.41699, 22.42000
-2.59277, 22.43000
-2.42142, 22.44000
-2.59552, 22.45000
-2.42630, 22.46000
-2.60010, 22.47000
-2.42996, 22.48000
-2.60468, 22.49000
-2.43347, 22.50000
-2.60986, 22.51000
-2.43820, 22.52000
-2.61459, 22.53000
-2.44354, 22.54000
-2.61780, 22.55000
-2.44812, 22.56000
-2.62329, 22.57000
-2.45255, 22.58000
-2.62726, 22.59000
-2.45575, 22.60000
-2.63245, 22.61000
-2.46155, 22.62000
-2.63733, 22.63000
-2.46536, 22.64000
-2.64252, 22.65000
-2.47101, 22.66000
-2.64481, 22.67000
-2.47650, 22.68000
-2.64893, 22.69000
-2.47787, 22.70000
-2.65533, 22.71000
-2.48306, 22.72000
-2.65961, 22.73000
-2.48749, 22.74000
-2.66373, 22.75000
-2.49207, 22.76000
-2.66815, 22.77000
-2.49542, 22.78000
-2.67303, 22.79000
-2.50076, 22.80000
-2.67715, 22.81000
-2.50519, 22.82000
-2.68097, 22.83000
-2.51022, 22.84000
-2.68936, 22.85000
-2.51495, 22.86000
-2.68875, 22.87000
-2.51862, 22.88000
-2.69379, 22.89000
-2.52335, 22.90000
-2.69989, 22.91000
-2.52808, 22.92000
-2.70233, 22.93000
-2.53296, 22.94000
-2.70782, 22.95000
-2.53677, 22.96000
-2.71317, 22.97000
-2.54120, 22.98000
-2.71790, 22.99000
-2.54639, 23.00000
-2.72141, 23.01000
-2.55127, 23.02000
-2.72736, 23.03000
-2.55478, 23.04000
-2.72964, 23.05000
-2.56058, 23.06000
-2.73605, 23.07000
-2.56500, 23.08000
-2.73987, 23.09000
-2.56912, 23.10000
-2.74307, 23.11000
-2.57126, 23.12000
-2.74918, 23.13000
-2.57736, 23.14000
-2.75330, 23.15000
-2.58041, 23.16000
-2.75665, 23.17000
-2.58698, 23.18000
-2.76001, 23.19000
-2.59064, 23.20000
-2.76520, 23.21000
-2.59537, 23.22000
-2.77115, 23.23000
-2.59949, 23.24000
-2.77451, 23.25000
-2.60452, 23.26000
-2.78152, 23.27000
-2.60910, 23.28000
-2.78442, 23.29000
-2.61185, 23.30000
-2.78915, 23.31000
-2.61780, 23.32000
-2.79144, 23.33000
-2.62253, 23.34000
-2.79846, 23.35000
-2.62756, 23.36000
-2.80106, 23.37000
-2.63153, 23.38000
-2.80823, 23.39000
-2.63702, 23.40000
-2.81311, 23.41000
-2.64130, 23.42000
-2.81616, 23.43000
-2.64526, 23.44000
-2.82104, 23.45000
-2.64984, 23.46000
-2.82639, 23.47000
-2.65533, 23.48000
-2.83173, 23.49000
-2.66388, 23.50000
-2.83478, 23.51000
-2.66541, 23.52000
-2.84058, 23.53000
-2.67044, 23.54000
-2.84531, 23.55000
-2.67578, 23.56000
-2.85141, 23.57000
-2.67960, 23.58000
-2.85706, 23.59000
-2.68494, 23.60000
-2.85965, 23.61000
-2.69028, 23.62000
-2.86575, 23.63000
-2.69623, 23.64000
-2.87155, 23.65000
-2.70111, 23.66000
-2.87552, 23.67000
-2.70523, 23.68000
-2.87994, 23.69000
-2.71042, 23.70000
-2.88498, 23.71000
-2.71606, 23.72000
-2.89047, 23.73000
-2.71881, 23.74000
-2.89627, 23.75000
-2.72446, 23.76000
-2.90131, 23.77000
-2.73041, 23.78000
-2.90359, 23.79000
-2.73422, 23.80000
-2.91031, 23.81000
-2.73926, 23.82000
-2.91519, 23.83000
-2.74399, 23.84000
-2.91916, 23.85000
-2.75009, 23.86000
-2.92404, 23.87000
-2.75543, 23.88000
-2.93045, 23.89000
-2.75970, 23.90000
-2.93350, 23.91000
-2.76459, 23.92000
-2.94083, 23.93000
-2.76901, 23.94000
-2.94724, 23.95000
-2.77496, 23.96000
-2.94983, 23.97000
-2.77924, 23.98000
-2.95593, 23.99000
-2.78503, 24.00000
-2.96036, 24.01000
-2.78946, 24.02000
-2.96417, 24.03000
-2.79541, 24.04000
-2.96951, 24.05000
-2.79999, 24.06000
-2.97562, 24.07000
-2.80548, 24.08000
-2.98141, 24.09000
-2.81036, 24.10000
-2.98553, 24.11000
-2.81647, 24.12000
-2.99133, 24.13000
-2.82059, 24.14000
-3.00003, 24.15000
-2.82715, 24.16000
-3.00293, 24.17000
-2.83173, 24.18000
-3.00705, 24.19000
-2.83646, 24.20000
-3.01208, 24.21000
-2.84180, 24.22000
-3.01743, 24.23000
-2.84775, 24.24000
-3.02200, 24.25000
-2.85248, 24.26000
-3.02689, 24.27000
-2.85629, 24.28000
-3.03177, 24.29000
-2.86270, 24.30000
-3.03802, 24.31000
-2.86758, 24.32000
-3.04321, 24.33000
-2.87323, 24.34000
-3.05008, 24.35000
-2.87918, 24.36000
-3.05252, 24.37000
-2.88391, 24.38000
-3.05893, 24.39000
-2.88971, 24.40000
-3.06519, 24.41000
-2.89474, 24.42000
-3.07037, 24.43000
-2.90207, 24.44000
-3.07739, 24.45000
-2.90787, 24.46000
-3.08212, 24.47000
-2.91214, 24.48000
-3.08578, 24.49000
-2.91641, 24.50000
-3.09067, 24.51000
-2.92023, 24.52000
-3.09631, 24.53000
-2.92419, 24.54000
-3.09967, 24.55000
-2.93091, 24.56000
-3.10471, 24.57000
-2.93533, 24.58000
-3.10944, 24.59000
-2.93976, 24.60000
-3.11447, 24.61000
-2.94434, 24.62000
-3.11874, 24.63000
-2.95044, 24.64000
-3.12515, 24.65000
-2.95502, 24.66000
-3.13232, 24.67000
-2.96051, 24.68000
-3.13538, 24.69000
-2.96616, 24.70000
-3.14117, 24.71000
-2.97165, 24.72000
-3.14545, 24.73000
-2.97699, 24.74000
-3.15063, 24.75000
-2.98309, 24.76000
-3.15750, 24.77000
-2.98737, 24.78000
-3.16147, 24.79000
-2.99393, 24.80000
-3.16925, 24.81000
-2.99866, 24.82000
-3.17230, 24.83000
-3.00369, 24.84000
-3.17856, 24.85000
-3.00888, 24.86000
-3.18405, 24.87000
-3.01376, 24.88000
-3.18802, 24.89000
-3.01895, 24.90000
-3.19107, 24.91000
-3.02368, 24.92000
-3.19778, 24.93000
-3.02917, 24.94000
-3.20633, 24.95000
-3.03421, 24.96000
-3.20953, 24.97000
-3.03894, 24.98000
-3.21503, 24.99000
-3.04550, 25.00000
