0.03464, 0.01000
-0.10010, 0.02000
0.03784, 0.03000
-0.00748, 0.04000
-0.05585, 0.05000
0.07980, 0.06000
-0.10071, 0.07000
0.03784, 0.08000
-0.00885, 0.09000
-0.06210, 0.10000
0.07950, 0.11000
-0.09903, 0.12000
0.03952, 0.13000
-0.00931, 0.14000
-0.06134, 0.15000
0.07858, 0.16000
-0.09781, 0.17000
0.03708, 0.18000
-0.00809, 0.19000
-0.05737, 0.20000
0.08026, 0.21000
-0.09781, 0.22000
0.04166, 0.23000
0.01389, 0.24000
-0.05875, 0.25000
0.07904, 0.26000
-0.09933, 0.27000
0.03723, 0.28000
-0.00351, 0.29000
-0.05249, 0.30000
0.08148, 0.31000
-0.10025, 0.32000
0.03494, 0.33000
-0.01129, 0.34000
-0.06058, 0.35000
0.07889, 0.36000
-0.09933, 0.37000
0.03494, 0.38000
-0.00702, 0.39000
-0.05585, 0.40000
0.07980, 0.41000
-0.10056, 0.42000
0.02808, 0.43000
-0.00809, 0.44000
-0.06058, 0.45000
0.07813, 0.46000
-0.09933, 0.47000
0.03525, 0.48000
-0.00717, 0.49000
-0.05524, 0.50000
0.07813, 0.51000
-0.10086, 0.52000
0.03601, 0.53000
-0.01877, 0.54000
-0.06149, 0.55000
0.07813, 0.56000
-0.10056, 0.57000
0.03525, 0.58000
-0.01099, 0.59000
-0.06256, 0.60000
0.07797, 0.61000
-0.09964, 0.62000
0.03708, 0.63000
-0.01877, 0.64000
-0.05997, 0.65000
0.07843, 0.66000
-0.10040, 0.67000
0.03677, 0.68000
-0.01633, 0.69000
-0.06104, 0.70000
0.07721, 0.71000
-0.09995, 0.72000
0.03433, 0.73000
-0.00275, 0.74000
-0.05630, 0.75000
0.07782, 0.76000
-0.09995, 0.77000
0.04272, 0.78000
-0.00946, 0.79000
-0.05585, 0.80000
0.07614, 0.81000
-0.10040, 0.82000
0.03723, 0.83000
-0.01953, 0.84000
-0.05219, 0.85000
0.07797, 0.86000
-0.10117, 0.87000
0.04395, 0.88000
0.00458, 0.89000
-0.05783, 0.90000
0.07645, 0.91000
-0.10056, 0.92000
0.03601, 0.93000
-0.01892, 0.94000
-0.05676, 0.95000
0.07675, 0.96000
-0.10117, 0.97000
0.04410, 0.98000
-0.01297, 0.99000
-0.05859, 1.00000
0.07813, 1.01000
-0.09979, 1.02000
0.04593, 1.03000
-0.01190, 1.04000
-0.05371, 1.05000
0.07660, 1.06000
-0.10193, 1.07000
0.03403, 1.08000
-0.02457, 1.09000
-0.05692, 1.10000
0.07675, 1.11000
-0.10101, 1.12000
0.04089, 1.13000
-0.01724, 1.14000
-0.06088, 1.15000
0.07523, 1.16000
-0.10117, 1.17000
0.03479, 1.18000
-0.01907, 1.19000
-0.05814, 1.20000
0.07690, 1.21000
-0.10086, 1.22000
0.04684, 1.23000
-0.02487, 1.24000
-0.05875, 1.25000
0.07599, 1.26000
-0.10025, 1.27000
0.03830, 1.28000
-0.01236, 1.29000
-0.05356, 1.30000
0.07446, 1.31000
-0.10193, 1.32000
0.04822, 1.33000
-0.01633, 1.34000
-0.05783, 1.35000
0.07584, 1.36000
-0.10223, 1.37000
0.03983, 1.38000
-0.01877, 1.39000
-0.05753, 1.40000
0.07278, 1.41000
-0.10223, 1.42000
0.04150, 1.43000
-0.02548, 1.44000
-0.05722, 1.45000
0.07538, 1.46000
-0.10147, 1.47000
0.04013, 1.48000
-0.01968, 1.49000
-0.05615, 1.50000
0.07599, 1.51000
-0.10208, 1.52000
0.03693, 1.53000
-0.00244, 1.54000
-0.05417, 1.55000
0.07416, 1.56000
-0.10117, 1.57000
0.04486, 1.58000
-0.02350, 1.59000
-0.05600, 1.60000
0.07034, 1.61000
-0.09949, 1.62000
0.04028, 1.63000
-0.02640, 1.64000
-0.05539, 1.65000
0.07233, 1.66000
-0.10117, 1.67000
0.05051, 1.68000
-0.02487, 1.69000
-0.05615, 1.70000
0.07614, 1.71000
-0.10361, 1.72000
0.03922, 1.73000
-0.02258, 1.74000
-0.05081, 1.75000
0.07431, 1.76000
-0.10178, 1.77000
0.03845, 1.78000
-0.02792, 1.79000
-0.05524, 1.80000
0.07462, 1.81000
-0.10040, 1.82000
0.04166, 1.83000
-0.02274, 1.84000
-0.05219, 1.85000
0.07263, 1.86000
-0.10284, 1.87000
0.04272, 1.88000
-0.03265, 1.89000
-0.05615, 1.90000
0.07263, 1.91000
-0.10208, 1.92000
0.04776, 1.93000
-0.02197, 1.94000
-0.05524, 1.95000
0.07065, 1.96000
-0.10223, 1.97000
0.04044, 1.98000
-0.02426, 1.99000
-0.05569, 2.00000
0.07187, 2.01000
-0.10406, 2.02000
0.04608, 2.03000
-0.03204, 2.04000
-0.05737, 2.05000
0.07050, 2.06000
-0.10391, 2.07000
0.04089, 2.08000
-0.02762, 2.09000
-0.05066, 2.10000
0.07050, 2.11000
-0.10513, 2.12000
0.04730, 2.13000
-0.03571, 2.14000
-0.05798, 2.15000
0.06958, 2.16000
-0.10300, 2.17000
0.05188, 2.18000
-0.00885, 2.19000
-0.05386, 2.20000
0.06866, 2.21000
-0.10437, 2.22000
0.04471, 2.23000
-0.02823, 2.24000
-0.05417, 2.25000
0.07172, 2.26000
-0.10223, 2.27000
0.04807, 2.28000
-0.02960, 2.29000
-0.05539, 2.30000
0.06729, 2.31000
-0.10269, 2.32000
0.04425, 2.33000
-0.03510, 2.34000
-0.05539, 2.35000
0.07050, 2.36000
-0.10361, 2.37000
0.05478, 2.38000
-0.02991, 2.39000
-0.05676, 2.40000
0.06958, 2.41000
-0.10468, 2.42000
0.04486, 2.43000
-0.02869, 2.44000
-0.05020, 2.45000
0.06454, 2.46000
-0.10300, 2.47000
0.03632, 2.48000
-0.03799, 2.49000
-0.04868, 2.50000
0.07065, 2.51000
-0.10437, 2.52000
0.04730, 2.53000
-0.02914, 2.54000
-0.04715, 2.55000
0.07034, 2.56000
-0.10254, 2.57000
0.05371, 2.58000
-0.04166, 2.59000
-0.04593, 2.60000
0.06683, 2.61000
-0.10208, 2.62000
0.04761, 2.63000
-0.03128, 2.64000
-0.05798, 2.65000
0.06409, 2.66000
-0.10468, 2.67000
0.05066, 2.68000
-0.03326, 2.69000
-0.05371, 2.70000
0.06668, 2.71000
-0.10406, 2.72000
0.04608, 2.73000
-0.03632, 2.74000
-0.05142, 2.75000
0.06424, 2.76000
-0.10483, 2.77000
0.04700, 2.78000
-0.03677, 2.79000
-0.04761, 2.80000
0.06760, 2.81000
-0.10437, 2.82000
0.05127, 2.83000
-0.01770, 2.84000
-0.05585, 2.85000
0.06592, 2.86000
-0.10391, 2.87000
0.04456, 2.88000
-0.03708, 2.89000
-0.04517, 2.90000
0.06088, 2.91000
-0.10498, 2.92000
0.04333, 2.93000
-0.04288, 2.94000
-0.04730, 2.95000
0.06760, 2.96000
-0.10559, 2.97000
0.04501, 2.98000
-0.03723, 2.99000
-0.05814, 3.00000
0.06424, 3.01000
-0.10498, 3.02000
0.04578, 3.03000
-0.04532, 3.04000
-0.05219, 3.05000
0.06470, 3.06000
-0.10712, 3.07000
0.05157, 3.08000
-0.04395, 3.09000
-0.05737, 3.10000
0.06058, 3.11000
-0.10803, 3.12000
0.04578, 3.13000
-0.04044, 3.14000
-0.05066, 3.15000
0.06104, 3.16000
-0.10925, 3.17000
0.05035, 3.18000
-0.04059, 3.19000
-0.05814, 3.20000
0.06287, 3.21000
-0.11047, 3.22000
0.04150, 3.23000
-0.04547, 3.24000
-0.06134, 3.25000
0.05554, 3.26000
-0.11398, 3.27000
0.03601, 3.28000
-0.06393, 3.29000
-0.05814, 3.30000
0.04440, 3.31000
-0.12512, 3.32000
0.02487, 3.33000
-0.06470, 3.34000
-0.07462, 3.35000
0.04227, 3.36000
-0.11871, 3.37000
0.03708, 3.38000
-0.05432, 3.39000
-0.05661, 3.40000
0.05157, 3.41000
-0.11276, 3.42000
0.04608, 3.43000
-0.05112, 3.44000
-0.06088, 3.45000
0.05371, 3.46000
-0.11368, 3.47000
0.04150, 3.48000
-0.02991, 3.49000
-0.05157, 3.50000
0.05081, 3.51000
-0.11108, 3.52000
0.04425, 3.53000
-0.04517, 3.54000
-0.05005, 3.55000
0.05844, 3.56000
-0.10895, 3.57000
0.04639, 3.58000
-0.04639, 3.59000
-0.04272, 3.60000
0.05707, 3.61000
-0.10849, 3.62000
0.04883, 3.63000
-0.05722, 3.64000
-0.05814, 3.65000
0.06012, 3.66000
-0.10742, 3.67000
0.05402, 3.68000
-0.04730, 3.69000
-0.04410, 3.70000
0.05707, 3.71000
-0.10605, 3.72000
0.04684, 3.73000
-0.05890, 3.74000
-0.03906, 3.75000
0.05768, 3.76000
-0.10681, 3.77000
0.05402, 3.78000
-0.05737, 3.79000
-0.03952, 3.80000
0.05096, 3.81000
-0.10651, 3.82000
0.04929, 3.83000
-0.05676, 3.84000
-0.05447, 3.85000
0.05692, 3.86000
-0.10498, 3.87000
0.05371, 3.88000
-0.04578, 3.89000
-0.04807, 3.90000
0.05508, 3.91000
-0.10559, 3.92000
0.05142, 3.93000
-0.04684, 3.94000
-0.04654, 3.95000
0.05386, 3.96000
-0.10666, 3.97000
0.05493, 3.98000
-0.04639, 3.99000
-0.04303, 4.00000
0.05676, 4.01000
-0.10620, 4.02000
0.05280, 4.03000
-0.04700, 4.04000
-0.04089, 4.05000
0.05280, 4.06000
-0.10696, 4.07000
0.05341, 4.08000
-0.04730, 4.09000
-0.04807, 4.10000
0.05478, 4.11000
-0.10681, 4.12000
0.05264, 4.13000
-0.03021, 4.14000
-0.04181, 4.15000
0.05356, 4.16000
-0.10773, 4.17000
0.04776, 4.18000
-0.05722, 4.19000
-0.03983, 4.20000
0.05646, 4.21000
-0.10788, 4.22000
0.05173, 4.23000
-0.05661, 4.24000
-0.04730, 4.25000
0.04349, 4.26000
-0.10651, 4.27000
0.04959, 4.28000
-0.05920, 4.29000
-0.05081, 4.30000
0.05417, 4.31000
-0.10788, 4.32000
0.05280, 4.33000
-0.05096, 4.34000
-0.03815, 4.35000
0.05295, 4.36000
-0.10712, 4.37000
0.05295, 4.38000
-0.05936, 4.39000
-0.03754, 4.40000
0.05295, 4.41000
-0.10696, 4.42000
0.04852, 4.43000
-0.05447, 4.44000
-0.04120, 4.45000
0.04501, 4.46000
-0.10849, 4.47000
0.05173, 4.48000
-0.05844, 4.49000
-0.03754, 4.50000
0.04745, 4.51000
-0.10910, 4.52000
0.05173, 4.53000
-0.06134, 4.54000
-0.04486, 4.55000
0.05081, 4.56000
-0.10834, 4.57000
0.05173, 4.58000
-0.05722, 4.59000
-0.04730, 4.60000
0.04898, 4.61000
-0.10742, 4.62000
0.04776, 4.63000
-0.06653, 4.64000
-0.04837, 4.65000
0.04868, 4.66000
-0.10910, 4.67000
0.04974, 4.68000
-0.05737, 4.69000
-0.04089, 4.70000
0.04150, 4.71000
-0.10956, 4.72000
0.05188, 4.73000
-0.05875, 4.74000
-0.04364, 4.75000
0.04135, 4.76000
-0.11093, 4.77000
0.05264, 4.78000
-0.03952, 4.79000
-0.04486, 4.80000
0.05096, 4.81000
-0.10788, 4.82000
0.04990, 4.83000
-0.06088, 4.84000
-0.03494, 4.85000
0.04761, 4.86000
-0.11002, 4.87000
0.05264, 4.88000
-0.07111, 4.89000
-0.04456, 4.90000
0.04532, 4.91000
-0.10910, 4.92000
0.04868, 4.93000
-0.06363, 4.94000
-0.03616, 4.95000
0.03571, 4.96000
-0.11124, 4.97000
0.04883, 4.98000
-0.07263, 4.99000
-0.03464, 5.00000
0.04532, 5.01000
-0.11230, 5.02000
0.04898, 5.03000
-0.06287, 5.04000
-0.04440, 5.05000
0.03387, 5.06000
-0.11230, 5.07000
0.04807, 5.08000
-0.06210, 5.09000
-0.03723, 5.10000
0.03357, 5.11000
-0.11139, 5.12000
0.04730, 5.13000
-0.06882, 5.14000
-0.04288, 5.15000
0.04272, 5.16000
-0.11002, 5.17000
0.05035, 5.18000
-0.06638, 5.19000
-0.04425, 5.20000
0.04028, 5.21000
-0.11108, 5.22000
0.04822, 5.23000
-0.07065, 5.24000
-0.04013, 5.25000
0.03082, 5.26000
-0.11093, 5.27000
0.04776, 5.28000
-0.07050, 5.29000
-0.03616, 5.30000
0.03189, 5.31000
-0.11230, 5.32000
0.04730, 5.33000
-0.07553, 5.34000
-0.03464, 5.35000
0.03922, 5.36000
-0.11093, 5.37000
0.04822, 5.38000
-0.07874, 5.39000
-0.03265, 5.40000
0.04059, 5.41000
-0.11169, 5.42000
0.05096, 5.43000
-0.05203, 5.44000
-0.03891, 5.45000
0.03555, 5.46000
-0.11063, 5.47000
0.04715, 5.48000
-0.07126, 5.49000
-0.03998, 5.50000
0.02609, 5.51000
-0.11368, 5.52000
0.04898, 5.53000
-0.07538, 5.54000
-0.03601, 5.55000
0.03159, 5.56000
-0.10986, 5.57000
0.05157, 5.58000
-0.07782, 5.59000
-0.03525, 5.60000
0.03647, 5.61000
-0.11154, 5.62000
0.04791, 5.63000
-0.07813, 5.64000
-0.04044, 5.65000
0.02670, 5.66000
-0.11276, 5.67000
0.05127, 5.68000
-0.08224, 5.69000
-0.04379, 5.70000
0.03357, 5.71000
-0.11276, 5.72000
0.05081, 5.73000
-0.07492, 5.74000
-0.04669, 5.75000
0.02838, 5.76000
-0.11185, 5.77000
0.04730, 5.78000
-0.08377, 5.79000
-0.03708, 5.80000
0.03235, 5.81000
-0.11459, 5.82000
0.04990, 5.83000
-0.08240, 5.84000
-0.03662, 5.85000
0.03036, 5.86000
-0.11383, 5.87000
0.04745, 5.88000
-0.07935, 5.89000
-0.03876, 5.90000
0.02502, 5.91000
-0.11536, 5.92000
0.04730, 5.93000
-0.07889, 5.94000
-0.04181, 5.95000
0.02640, 5.96000
-0.11551, 5.97000
0.04929, 5.98000
-0.08743, 5.99000
-0.03082, 6.00000
0.02563, 6.01000
-0.11658, 6.02000
0.04654, 6.03000
-0.08163, 6.04000
-0.04395, 6.05000
0.02853, 6.06000
-0.11520, 6.07000
0.04593, 6.08000
-0.07095, 6.09000
-0.04318, 6.10000
0.02258, 6.11000
-0.11673, 6.12000
0.04608, 6.13000
-0.08423, 6.14000
-0.04135, 6.15000
0.02060, 6.16000
-0.11566, 6.17000
0.04715, 6.18000
-0.08209, 6.19000
-0.03784, 6.20000
0.02441, 6.21000
-0.11612, 6.22000
0.04501, 6.23000
-0.08987, 6.24000
-0.04242, 6.25000
0.02258, 6.26000
-0.11581, 6.27000
0.04639, 6.28000
-0.08835, 6.29000
-0.04700, 6.30000
0.01755, 6.31000
-0.11826, 6.32000
0.04532, 6.33000
-0.08514, 6.34000
-0.04486, 6.35000
0.02213, 6.36000
-0.11841, 6.37000
0.04684, 6.38000
-0.09003, 6.39000
-0.04028, 6.40000
0.02213, 6.41000
-0.11734, 6.42000
0.04425, 6.43000
-0.09308, 6.44000
-0.03098, 6.45000
0.02335, 6.46000
-0.11749, 6.47000
0.04379, 6.48000
-0.08484, 6.49000
-0.03769, 6.50000
0.01999, 6.51000
-0.11765, 6.52000
0.04425, 6.53000
-0.08392, 6.54000
-0.03204, 6.55000
0.01846, 6.56000
-0.11826, 6.57000
0.04410, 6.58000
-0.08698, 6.59000
-0.03296, 6.60000
0.02167, 6.61000
-0.11810, 6.62000
0.04501, 6.63000
-0.08804, 6.64000
-0.04089, 6.65000
0.01526, 6.66000
-0.11627, 6.67000
0.04333, 6.68000
-0.09354, 6.69000
-0.04105, 6.70000
0.01160, 6.71000
-0.11841, 6.72000
0.04440, 6.73000
-0.07172, 6.74000
-0.04547, 6.75000
0.01389, 6.76000
-0.11978, 6.77000
0.04288, 6.78000
-0.09262, 6.79000
-0.04150, 6.80000
0.01480, 6.81000
-0.11887, 6.82000
0.04395, 6.83000
-0.08987, 6.84000
-0.03647, 6.85000
0.01480, 6.86000
-0.11749, 6.87000
0.04745, 6.88000
-0.09781, 6.89000
-0.04288, 6.90000
0.01602, 6.91000
-0.11993, 6.92000
0.04486, 6.93000
-0.09689, 6.94000
-0.04044, 6.95000
0.01205, 6.96000
-0.11826, 6.97000
0.04333, 6.98000
-0.08957, 6.99000
-0.03067, 7.00000
0.00748, 7.01000
-0.12085, 7.02000
0.04517, 7.03000
-0.09262, 7.04000
-0.03586, 7.05000
0.02487, 7.06000
-0.11963, 7.07000
0.04318, 7.08000
-0.09888, 7.09000
-0.03555, 7.10000
0.01358, 7.11000
-0.11978, 7.12000
0.03906, 7.13000
-0.09735, 7.14000
-0.04013, 7.15000
0.01114, 7.16000
-0.11917, 7.17000
0.04105, 7.18000
-0.10071, 7.19000
-0.05096, 7.20000
0.00931, 7.21000
-0.12054, 7.22000
0.03876, 7.23000
-0.10086, 7.24000
-0.04440, 7.25000
0.00839, 7.26000
-0.12100, 7.27000
0.04013, 7.28000
-0.10376, 7.29000
-0.04654, 7.30000
0.00427, 7.31000
-0.12207, 7.32000
0.03998, 7.33000
-0.10345, 7.34000
-0.04517, 7.35000
0.00992, 7.36000
-0.12146, 7.37000
0.04044, 7.38000
-0.07751, 7.39000
-0.04608, 7.40000
0.00488, 7.41000
-0.12238, 7.42000
0.04028, 7.43000
-0.10605, 7.44000
-0.04486, 7.45000
0.00946, 7.46000
-0.12451, 7.47000
0.03998, 7.48000
-0.09903, 7.49000
-0.04272, 7.50000
0.00046, 7.51000
-0.12512, 7.52000
0.03815, 7.53000
-0.09766, 7.54000
-0.03311, 7.55000
-0.00046, 7.56000
-0.12238, 7.57000
0.04028, 7.58000
-0.10513, 7.59000
-0.04120, 7.60000
0.00244, 7.61000
-0.12207, 7.62000
0.03952, 7.63000
-0.09842, 7.64000
-0.03357, 7.65000
0.00214, 7.66000
-0.12405, 7.67000
0.03967, 7.68000
-0.10254, 7.69000
-0.04196, 7.70000
0.00458, 7.71000
-0.12299, 7.72000
0.03922, 7.73000
-0.11459, 7.74000
-0.03159, 7.75000
0.00549, 7.76000
-0.12436, 7.77000
0.03662, 7.78000
-0.11429, 7.79000
-0.03586, 7.80000
0.00412, 7.81000
-0.12375, 7.82000
0.03860, 7.83000
-0.10834, 7.84000
-0.04318, 7.85000
-0.00320, 7.86000
-0.12527, 7.87000
0.03738, 7.88000
-0.11444, 7.89000
-0.04379, 7.90000
-0.00122, 7.91000
-0.12512, 7.92000
0.03647, 7.93000
-0.10635, 7.94000
-0.03738, 7.95000
0.00076, 7.96000
-0.12558, 7.97000
0.03693, 7.98000
-0.11551, 7.99000
-0.03632, 8.00000
-0.00427, 8.01000
-0.12650, 8.02000
0.03723, 8.03000
-0.08957, 8.04000
-0.04089, 8.05000
-0.00320, 8.06000
-0.12344, 8.07000
0.03738, 8.08000
-0.10696, 8.09000
-0.03510, 8.10000
-0.00092, 8.11000
-0.12466, 8.12000
0.03616, 8.13000
-0.11841, 8.14000
-0.03159, 8.15000
-0.00931, 8.16000
-0.12558, 8.17000
0.03845, 8.18000
-0.10956, 8.19000
-0.03403, 8.20000
-0.00534, 8.21000
-0.12329, 8.22000
0.03662, 8.23000
-0.11856, 8.24000
-0.04105, 8.25000
-0.00259, 8.26000
-0.12497, 8.27000
0.03876, 8.28000
-0.11215, 8.29000
-0.03830, 8.30000
-0.00732, 8.31000
-0.12466, 8.32000
0.03952, 8.33000
-0.11749, 8.34000
-0.03189, 8.35000
-0.00153, 8.36000
-0.12512, 8.37000
0.03922, 8.38000
-0.11032, 8.39000
-0.03464, 8.40000
0.00198, 8.41000
-0.11932, 8.42000
0.04486, 8.43000
-0.10452, 8.44000
-0.02823, 8.45000
0.01343, 8.46000
-0.11002, 8.47000
0.06119, 8.48000
-0.08743, 8.49000
-0.00015, 8.50000
0.03174, 8.51000
-0.08224, 8.52000
0.08316, 8.53000
-0.06851, 8.54000
0.00626, 8.55000
0.03815, 8.56000
-0.08591, 8.57000
0.07614, 8.58000
-0.08255, 8.59000
-0.00061, 8.60000
0.02502, 8.61000
-0.09537, 8.62000
0.06088, 8.63000
-0.10422, 8.64000
-0.01587, 8.65000
0.00870, 8.66000
-0.11658, 8.67000
0.04395, 8.68000
-0.10071, 8.69000
-0.04227, 8.70000
-0.01663, 8.71000
-0.14389, 8.72000
0.00870, 8.73000
-0.15381, 8.74000
-0.07782, 8.75000
-0.04593, 8.76000
-0.16693, 8.77000
-0.00320, 8.78000
-0.16525, 8.79000
-0.07294, 8.80000
-0.04059, 8.81000
-0.16022, 8.82000
0.00580, 8.83000
-0.14420, 8.84000
-0.06256, 8.85000
-0.04166, 8.86000
-0.14740, 8.87000
0.01343, 8.88000
-0.14328, 8.89000
-0.05707, 8.90000
-0.03220, 8.91000
-0.14709, 8.92000
0.01801, 8.93000
-0.14572, 8.94000
-0.05310, 8.95000
-0.02853, 8.96000
-0.14404, 8.97000
0.01907, 8.98000
-0.14404, 8.99000
-0.04517, 9.00000
-0.02151, 9.01000
-0.14282, 9.02000
0.02487, 9.03000
-0.12985, 9.04000
-0.04715, 9.05000
-0.02335, 9.06000
-0.13885, 9.07000
0.02609, 9.08000
-0.13306, 9.09000
-0.04227, 9.10000
-0.01770, 9.11000
-0.13428, 9.12000
0.02975, 9.13000
-0.13580, 9.14000
-0.04288, 9.15000
-0.02304, 9.16000
-0.13382, 9.17000
0.03143, 9.18000
-0.13016, 9.19000
-0.03784, 9.20000
-0.02258, 9.21000
-0.13077, 9.22000
0.02731, 9.23000
-0.13489, 9.24000
-0.03677, 9.25000
-0.02289, 9.26000
-0.13336, 9.27000
0.02838, 9.28000
-0.13535, 9.29000
-0.04440, 9.30000
-0.02594, 9.31000
-0.13412, 9.32000
0.02945, 9.33000
-0.11047, 9.34000
-0.04272, 9.35000
-0.01846, 9.36000
-0.13321, 9.37000
0.02747, 9.38000
-0.13229, 9.39000
-0.03662, 9.40000
-0.02075, 9.41000
-0.13657, 9.42000
0.02731, 9.43000
-0.13992, 9.44000
-0.04379, 9.45000
-0.02747, 9.46000
-0.13351, 9.47000
0.02762, 9.48000
-0.13474, 9.49000
-0.04486, 9.50000
-0.02457, 9.51000
-0.13702, 9.52000
0.02716, 9.53000
-0.14053, 9.54000
-0.03799, 9.55000
-0.02106, 9.56000
-0.13504, 9.57000
0.02762, 9.58000
-0.13504, 9.59000
-0.03510, 9.60000
-0.01968, 9.61000
-0.13382, 9.62000
0.02548, 9.63000
-0.13702, 9.64000
-0.03403, 9.65000
-0.02533, 9.66000
-0.13550, 9.67000
0.02487, 9.68000
-0.13779, 9.69000
-0.03632, 9.70000
-0.01816, 9.71000
-0.13138, 9.72000
0.02762, 9.73000
-0.13718, 9.74000
-0.03815, 9.75000
-0.02441, 9.76000
-0.13672, 9.77000
0.02579, 9.78000
-0.14725, 9.79000
-0.03693, 9.80000
-0.02380, 9.81000
-0.13321, 9.82000
0.02472, 9.83000
-0.14572, 9.84000
-0.04272, 9.85000
-0.03403, 9.86000
-0.13565, 9.87000
0.02655, 9.88000
-0.14267, 9.89000
-0.04059, 9.90000
-0.04120, 9.91000
-0.13901, 9.92000
0.02594, 9.93000
-0.14465, 9.94000
-0.03235, 9.95000
-0.03113, 9.96000
-0.13580, 9.97000
0.02548, 9.98000
-0.11490, 9.99000
-0.04013, 10.00000
-0.04089, 10.01000
-0.13611, 10.02000
0.02533, 10.03000
-0.13992, 10.04000
-0.04456, 10.05000
-0.03937, 10.06000
-0.13718, 10.07000
0.02472, 10.08000
-0.13947, 10.09000
-0.03265, 10.10000
-0.03525, 10.11000
-0.13687, 10.12000
0.02365, 10.13000
-0.14633, 10.14000
-0.03983, 10.15000
-0.02502, 10.16000
-0.13702, 10.17000
0.02365, 10.18000
-0.14679, 10.19000
-0.03326, 10.20000
-0.03525, 10.21000
-0.13809, 10.22000
0.02197, 10.23000
-0.14847, 10.24000
-0.04425, 10.25000
-0.03479, 10.26000
-0.13779, 10.27000
0.01938, 10.28000
-0.14862, 10.29000
-0.03754, 10.30000
-0.03418, 10.31000
-0.13977, 10.32000
0.01877, 10.33000
-0.14877, 10.34000
-0.04532, 10.35000
-0.04059, 10.36000
-0.13916, 10.37000
0.01999, 10.38000
-0.14740, 10.39000
-0.04089, 10.40000
-0.03769, 10.41000
-0.14099, 10.42000
0.01862, 10.43000
-0.14923, 10.44000
-0.03708, 10.45000
-0.03326, 10.46000
-0.13535, 10.47000
0.01862, 10.48000
-0.15305, 10.49000
-0.04852, 10.50000
-0.04959, 10.51000
-0.14160, 10.52000
0.01999, 10.53000
-0.14877, 10.54000
-0.03418, 10.55000
-0.04227, 10.56000
-0.13321, 10.57000
0.02197, 10.58000
-0.15289, 10.59000
-0.03784, 10.60000
-0.05310, 10.61000
-0.13931, 10.62000
0.01755, 10.63000
-0.12787, 10.64000
-0.03693, 10.65000
-0.04822, 10.66000
-0.14236, 10.67000
0.01755, 10.68000
-0.15228, 10.69000
-0.04684, 10.70000
-0.03998, 10.71000
-0.13855, 10.72000
0.01419, 10.73000
-0.15823, 10.74000
-0.04807, 10.75000
-0.05234, 10.76000
-0.14343, 10.77000
0.01526, 10.78000
-0.15823, 10.79000
-0.04761, 10.80000
-0.04868, 10.81000
-0.14221, 10.82000
0.01480, 10.83000
-0.15686, 10.84000
-0.04501, 10.85000
-0.04669, 10.86000
-0.13824, 10.87000
0.01556, 10.88000
-0.15564, 10.89000
-0.04608, 10.90000
-0.04791, 10.91000
-0.14511, 10.92000
0.01480, 10.93000
-0.15427, 10.94000
-0.04761, 10.95000
-0.05737, 10.96000
-0.14084, 10.97000
0.01633, 10.98000
-0.15976, 10.99000
-0.03601, 11.00000
-0.04700, 11.01000
-0.13672, 11.02000
0.01648, 11.03000
-0.15579, 11.04000
-0.04044, 11.05000
-0.05875, 11.06000
-0.14175, 11.07000
0.01587, 11.08000
-0.15991, 11.09000
-0.04471, 11.10000
-0.04822, 11.11000
-0.14160, 11.12000
0.01495, 11.13000
-0.16083, 11.14000
-0.04410, 11.15000
-0.04623, 11.16000
-0.14496, 11.17000
0.01358, 11.18000
-0.15961, 11.19000
-0.03983, 11.20000
-0.05447, 11.21000
-0.14450, 11.22000
0.01022, 11.23000
-0.16357, 11.24000
-0.04120, 11.25000
-0.06210, 11.26000
-0.13565, 11.27000
0.01007, 11.28000
-0.14160, 11.29000
-0.06073, 11.30000
-0.06714, 11.31000
-0.14771, 11.32000
0.00870, 11.33000
-0.16617, 11.34000
-0.04623, 11.35000
-0.05432, 11.36000
-0.14343, 11.37000
0.01236, 11.38000
-0.16266, 11.39000
-0.03632, 11.40000
-0.06470, 11.41000
-0.14374, 11.42000
0.01343, 11.43000
-0.16144, 11.44000
-0.03983, 11.45000
-0.06622, 11.46000
-0.14648, 11.47000
0.01251, 11.48000
-0.16434, 11.49000
-0.04715, 11.50000
-0.06821, 11.51000
-0.14145, 11.52000
0.01068, 11.53000
-0.15869, 11.54000
-0.04074, 11.55000
-0.05737, 11.56000
-0.14450, 11.57000
0.00702, 11.58000
-0.16907, 11.59000
-0.05005, 11.60000
-0.05661, 11.61000
-0.14816, 11.62000
0.00473, 11.63000
-0.17166, 11.64000
-0.05249, 11.65000
-0.06699, 11.66000
-0.14694, 11.67000
0.00443, 11.68000
-0.17059, 11.69000
-0.04379, 11.70000
-0.06363, 11.71000
-0.14908, 11.72000
0.00580, 11.73000
-0.16815, 11.74000
-0.04883, 11.75000
-0.07431, 11.76000
-0.14572, 11.77000
0.00641, 11.78000
-0.16922, 11.79000
-0.04242, 11.80000
-0.06256, 11.81000
-0.13596, 11.82000
0.00671, 11.83000
-0.17105, 11.84000
-0.04608, 11.85000
-0.07095, 11.86000
-0.14038, 11.87000
0.00565, 11.88000
-0.17044, 11.89000
-0.04517, 11.90000
-0.07080, 11.91000
-0.14694, 11.92000
0.00549, 11.93000
-0.16434, 11.94000
-0.04883, 11.95000
-0.07919, 11.96000
-0.14801, 11.97000
0.00549, 11.98000
-0.17365, 11.99000
-0.04715, 12.00000
-0.07324, 12.01000
-0.14908, 12.02000
0.00519, 12.03000
-0.17319, 12.04000
-0.04669, 12.05000
-0.08026, 12.06000
-0.14069, 12.07000
0.00366, 12.08000
-0.17426, 12.09000
-0.05035, 12.10000
-0.07492, 12.11000
-0.14709, 12.12000
0.00336, 12.13000
-0.17487, 12.14000
-0.04715, 12.15000
-0.08270, 12.16000
-0.14801, 12.17000
0.00168, 12.18000
-0.17471, 12.19000
-0.04791, 12.20000
-0.07828, 12.21000
-0.14862, 12.22000
0.00015, 12.23000
-0.17609, 12.24000
-0.04913, 12.25000
-0.07950, 12.26000
-0.14206, 12.27000
0.00061, 12.28000
-0.17303, 12.29000
-0.04852, 12.30000
-0.07736, 12.31000
-0.15366, 12.32000
0.00015, 12.33000
-0.17700, 12.34000
-0.04959, 12.35000
-0.08057, 12.36000
-0.14099, 12.37000
-0.00046, 12.38000
-0.17807, 12.39000
-0.04959, 12.40000
-0.08163, 12.41000
-0.14023, 12.42000
0.00000, 12.43000
-0.17914, 12.44000
-0.04532, 12.45000
-0.08545, 12.46000
-0.14069, 12.47000
-0.00183, 12.48000
-0.17899, 12.49000
-0.04669, 12.50000
-0.08591, 12.51000
-0.15411, 12.52000
-0.00214, 12.53000
-0.18036, 12.54000
-0.05020, 12.55000
-0.08011, 12.56000
-0.14206, 12.57000
-0.00305, 12.58000
-0.16968, 12.59000
-0.04959, 12.60000
-0.08621, 12.61000
-0.14114, 12.62000
-0.00473, 12.63000
-0.18082, 12.64000
-0.05325, 12.65000
-0.08636, 12.66000
-0.15884, 12.67000
-0.00458, 12.68000
-0.18280, 12.69000
-0.05142, 12.70000
-0.08514, 12.71000
-0.14496, 12.72000
-0.00488, 12.73000
-0.18234, 12.74000
-0.04745, 12.75000
-0.08316, 12.76000
-0.15457, 12.77000
-0.00549, 12.78000
-0.18417, 12.79000
-0.05508, 12.80000
-0.09567, 12.81000
-0.14923, 12.82000
-0.00534, 12.83000
-0.18372, 12.84000
-0.05341, 12.85000
-0.08636, 12.86000
-0.12756, 12.87000
-0.02182, 12.88000
-0.18112, 12.89000
-0.02289, 12.90000
-0.11948, 12.91000
-0.11871, 12.92000
-0.01633, 12.93000
-0.17700, 12.94000
-0.02167, 12.95000
-0.13123, 12.96000
-0.11154, 12.97000
-0.02045, 12.98000
-0.18036, 12.99000
-0.02609, 13.00000
-0.12543, 13.01000
-0.11627, 13.02000
-0.02304, 13.03000
-0.18341, 13.04000
-0.02609, 13.05000
-0.12482, 13.06000
-0.11902, 13.07000
-0.02258, 13.08000
-0.18311, 13.09000
-0.01938, 13.10000
-0.11856, 13.11000
-0.12360, 13.12000
-0.01831, 13.13000
-0.18417, 13.14000
-0.02426, 13.15000
-0.12970, 13.16000
-0.11978, 13.17000
-0.01801, 13.18000
-0.18555, 13.19000
-0.02762, 13.20000
-0.13000, 13.21000
-0.11810, 13.22000
-0.02609, 13.23000
-0.19119, 13.24000
-0.03647, 13.25000
-0.13626, 13.26000
-0.12253, 13.27000
-0.02502, 13.28000
-0.18677, 13.29000
-0.02823, 13.30000
-0.13199, 13.31000
-0.12726, 13.32000
-0.02426, 13.33000
-0.18555, 13.34000
-0.02884, 13.35000
-0.13474, 13.36000
-0.12451, 13.37000
-0.02426, 13.38000
-0.18295, 13.39000
-0.02762, 13.40000
-0.13489, 13.41000
-0.12299, 13.42000
-0.02991, 13.43000
-0.18768, 13.44000
-0.03052, 13.45000
-0.14053, 13.46000
-0.13000, 13.47000
-0.02380, 13.48000
-0.18692, 13.49000
-0.02930, 13.50000
-0.14465, 13.51000
-0.12756, 13.52000
-0.03220, 13.53000
-0.18997, 13.54000
-0.03326, 13.55000
-0.14099, 13.56000
-0.12711, 13.57000
-0.03616, 13.58000
-0.19028, 13.59000
-0.03174, 13.60000
-0.14954, 13.61000
-0.11459, 13.62000
-0.03708, 13.63000
-0.19257, 13.64000
-0.03357, 13.65000
-0.13748, 13.66000
-0.12619, 13.67000
-0.03464, 13.68000
-0.19150, 13.69000
-0.03189, 13.70000
-0.13992, 13.71000
-0.12238, 13.72000
-0.02853, 13.73000
-0.19257, 13.74000
-0.03204, 13.75000
-0.14130, 13.76000
-0.12573, 13.77000
-0.03250, 13.78000
-0.19043, 13.79000
-0.03250, 13.80000
-0.14511, 13.81000
-0.12009, 13.82000
-0.03357, 13.83000
-0.19058, 13.84000
-0.03098, 13.85000
-0.14267, 13.86000
-0.12405, 13.87000
-0.03036, 13.88000
-0.19623, 13.89000
-0.03510, 13.90000
-0.14954, 13.91000
-0.12833, 13.92000
-0.03662, 13.93000
-0.19302, 13.94000
-0.03540, 13.95000
-0.14847, 13.96000
-0.13138, 13.97000
-0.04623, 13.98000
-0.19516, 13.99000
-0.03128, 14.00000
-0.14923, 14.01000
-0.12604, 14.02000
-0.03799, 14.03000
-0.19516, 14.04000
-0.02960, 14.05000
-0.14481, 14.06000
-0.13229, 14.07000
-0.04257, 14.08000
-0.19485, 14.09000
-0.03281, 14.10000
-0.14969, 14.11000
-0.12177, 14.12000
-0.03983, 14.13000
-0.19821, 14.14000
-0.03662, 14.15000
-0.14984, 14.16000
-0.13260, 14.17000
-0.05447, 14.18000
-0.19547, 14.19000
-0.03525, 14.20000
-0.15839, 14.21000
-0.13290, 14.22000
-0.04700, 14.23000
-0.19928, 14.24000
-0.03784, 14.25000
-0.15350, 14.26000
-0.13504, 14.27000
-0.04868, 14.28000
-0.19913, 14.29000
-0.03876, 14.30000
-0.14954, 14.31000
-0.13016, 14.32000
-0.04562, 14.33000
-0.19897, 14.34000
-0.04196, 14.35000
-0.16113, 14.36000
-0.13885, 14.37000
-0.04593, 14.38000
-0.20157, 14.39000
-0.04547, 14.40000
-0.15579, 14.41000
-0.13275, 14.42000
-0.05783, 14.43000
-0.20477, 14.44000
-0.04013, 14.45000
-0.15976, 14.46000
-0.13077, 14.47000
-0.04364, 14.48000
-0.20523, 14.49000
-0.04410, 14.50000
-0.16632, 14.51000
-0.13977, 14.52000
-0.05386, 14.53000
-0.20966, 14.54000
-0.04303, 14.55000
-0.16159, 14.56000
-0.13763, 14.57000
-0.05234, 14.58000
-0.19882, 14.59000
-0.03464, 14.60000
-0.14847, 14.61000
-0.11429, 14.62000
-0.03418, 14.63000
-0.18097, 14.64000
-0.01709, 14.65000
-0.13992, 14.66000
-0.10986, 14.67000
-0.03464, 14.68000
-0.18768, 14.69000
-0.03159, 14.70000
-0.16129, 14.71000
-0.14069, 14.72000
-0.07584, 14.73000
-0.22354, 14.74000
-0.08148, 14.75000
-0.21530, 14.76000
-0.18127, 14.77000
-0.12726, 14.78000
-0.27618, 14.79000
-0.12070, 14.80000
-0.25040, 14.81000
-0.22003, 14.82000
-0.15289, 14.83000
-0.30518, 14.84000
-0.14572, 14.85000
-0.28122, 14.86000
-0.25360, 14.87000
-0.19135, 14.88000
-0.33997, 14.89000
-0.18600, 14.90000
-0.31876, 14.91000
-0.29327, 14.92000
-0.23361, 14.93000
-0.37613, 14.94000
-0.22385, 14.95000
-0.35599, 14.96000
-0.32761, 14.97000
-0.26306, 14.98000
-0.41107, 14.99000
-0.24734, 15.00000
-0.37613, 15.01000
-0.34698, 15.02000
-0.28412, 15.03000
-0.42694, 15.04000
-0.26413, 15.05000
-0.39520, 15.06000
-0.35141, 15.07000
-0.28687, 15.08000
-0.42969, 15.09000
-0.26184, 15.10000
-0.38742, 15.11000
-0.35599, 15.12000
-0.26474, 15.13000
-0.41656, 15.14000
-0.25101, 15.15000
-0.37277, 15.16000
-0.32684, 15.17000
-0.26276, 15.18000
-0.40512, 15.19000
-0.23590, 15.20000
-0.36118, 15.21000
-0.31433, 15.22000
-0.24124, 15.23000
-0.38422, 15.24000
-0.22186, 15.25000
-0.34012, 15.26000
-0.29999, 15.27000
-0.22797, 15.28000
-0.36682, 15.29000
-0.20309, 15.30000
-0.33112, 15.31000
-0.28122, 15.32000
-0.21622, 15.33000
-0.35080, 15.34000
-0.18845, 15.35000
-0.30853, 15.36000
-0.26749, 15.37000
-0.20065, 15.38000
-0.33798, 15.39000
-0.17303, 15.40000
-0.29831, 15.41000
-0.25909, 15.42000
-0.19073, 15.43000
-0.33096, 15.44000
-0.16571, 15.45000
-0.29800, 15.46000
-0.25146, 15.47000
-0.19333, 15.48000
-0.32532, 15.49000
-0.16403, 15.50000
-0.28473, 15.51000
-0.25604, 15.52000
-0.18616, 15.53000
-0.32684, 15.54000
-0.16190, 15.55000
-0.29495, 15.56000
-0.24826, 15.57000
-0.19119, 15.58000
-0.33234, 15.59000
-0.17151, 15.60000
-0.29999, 15.61000
-0.26062, 15.62000
-0.20523, 15.63000
-0.34546, 15.64000
-0.18509, 15.65000
-0.32135, 15.66000
-0.27603, 15.67000
-0.21286, 15.68000
-0.36133, 15.69000
-0.20294, 15.70000
-0.33859, 15.71000
-0.29358, 15.72000
-0.23605, 15.73000
-0.37735, 15.74000
-0.22018, 15.75000
-0.35614, 15.76000
-0.30853, 15.77000
-0.23987, 15.78000
-0.38620, 15.79000
-0.22751, 15.80000
-0.35843, 15.81000
-0.31067, 15.82000
-0.25131, 15.83000
-0.39169, 15.84000
-0.22583, 15.85000
-0.35736, 15.86000
-0.31006, 15.87000
-0.24765, 15.88000
-0.38315, 15.89000
-0.21896, 15.90000
-0.35049, 15.91000
-0.30167, 15.92000
-0.24460, 15.93000
-0.37628, 15.94000
-0.21759, 15.95000
-0.35553, 15.96000
-0.29877, 15.97000
-0.24704, 15.98000
-0.37598, 15.99000
-0.21133, 16.00000
-0.34225, 16.01000
-0.29312, 16.02000
-0.23727, 16.03000
-0.37216, 16.04000
-0.20859, 16.05000
-0.34241, 16.06000
-0.28946, 16.07000
-0.23453, 16.08000
-0.37125, 16.09000
-0.20691, 16.10000
-0.34058, 16.11000
-0.28793, 16.12000
-0.23407, 16.13000
-0.36636, 16.14000
-0.20416, 16.15000
-0.34927, 16.16000
-0.28870, 16.17000
-0.22827, 16.18000
-0.36179, 16.19000
-0.20035, 16.20000
-0.32715, 16.21000
-0.27985, 16.22000
-0.22217, 16.23000
-0.35645, 16.24000
-0.19257, 16.25000
-0.33096, 16.26000
-0.27649, 16.27000
-0.21881, 16.28000
-0.35080, 16.29000
-0.18784, 16.30000
-0.33081, 16.31000
-0.26871, 16.32000
-0.21286, 16.33000
-0.34470, 16.34000
-0.18158, 16.35000
-0.31540, 16.36000
-0.26367, 16.37000
-0.21545, 16.38000
-0.33875, 16.39000
-0.17883, 16.40000
-0.31250, 16.41000
-0.25894, 16.42000
-0.21042, 16.43000
-0.33401, 16.44000
-0.17090, 16.45000
-0.30533, 16.46000
-0.25253, 16.47000
-0.20340, 16.48000
-0.33310, 16.49000
-0.16663, 16.50000
-0.30838, 16.51000
-0.24384, 16.52000
-0.19333, 16.53000
-0.32547, 16.54000
-0.16022, 16.55000
-0.29266, 16.56000
-0.24063, 16.57000
-0.19226, 16.58000
-0.31799, 16.59000
-0.15594, 16.60000
-0.29160, 16.61000
-0.23300, 16.62000
-0.18829, 16.63000
-0.31570, 16.64000
-0.15228, 16.65000
-0.29175, 16.66000
-0.23438, 16.67000
-0.17807, 16.68000
-0.31143, 16.69000
-0.14816, 16.70000
-0.28503, 16.71000
-0.22491, 16.72000
-0.17853, 16.73000
-0.30807, 16.74000
-0.14420, 16.75000
-0.28488, 16.76000
-0.22614, 16.77000
-0.17181, 16.78000
-0.30457, 16.79000
-0.13977, 16.80000
-0.27969, 16.81000
-0.22156, 16.82000
-0.17609, 16.83000
-0.30243, 16.84000
-0.14160, 16.85000
-0.28671, 16.86000
-0.22522, 16.87000
-0.17929, 16.88000
-0.29922, 16.89000
-0.13962, 16.90000
-0.28336, 16.91000
-0.22949, 16.92000
-0.16983, 16.93000
-0.29953, 16.94000
-0.13763, 16.95000
-0.29160, 16.96000
-0.20630, 16.97000
-0.17426, 16.98000
-0.29877, 16.99000
-0.13397, 17.00000
-0.27557, 17.01000
-0.21088, 17.02000
-0.17014, 17.03000
-0.29816, 17.04000
-0.13489, 17.05000
-0.28702, 17.06000
-0.21606, 17.07000
-0.17334, 17.08000
-0.29968, 17.09000
-0.13718, 17.10000
-0.27740, 17.11000
-0.21652, 17.12000
-0.17914, 17.13000
-0.30594, 17.14000
-0.13916, 17.15000
-0.28900, 17.16000
-0.21912, 17.17000
-0.18082, 17.18000
-0.30487, 17.19000
-0.14191, 17.20000
-0.28275, 17.21000
-0.22827, 17.22000
-0.17944, 17.23000
-0.30319, 17.24000
-0.13947, 17.25000
-0.28900, 17.26000
-0.21957, 17.27000
-0.18143, 17.28000
-0.30350, 17.29000
-0.13870, 17.30000
-0.28702, 17.31000
-0.21790, 17.32000
-0.17593, 17.33000
-0.30182, 17.34000
-0.13748, 17.35000
-0.28549, 17.36000
-0.22217, 17.37000
-0.17761, 17.38000
-0.30289, 17.39000
-0.13824, 17.40000
-0.28351, 17.41000
-0.21637, 17.42000
-0.17212, 17.43000
-0.30304, 17.44000
-0.14206, 17.45000
-0.28702, 17.46000
-0.22095, 17.47000
-0.18402, 17.48000
-0.30609, 17.49000
-0.14572, 17.50000
-0.30365, 17.51000
-0.22690, 17.52000
-0.18646, 17.53000
-0.31113, 17.54000
-0.14923, 17.55000
-0.30624, 17.56000
-0.23300, 17.57000
-0.19699, 17.58000
-0.31448, 17.59000
-0.15549, 17.60000
-0.30441, 17.61000
-0.23972, 17.62000
-0.20584, 17.63000
-0.33020, 17.64000
-0.17059, 17.65000
-0.32684, 17.66000
-0.25269, 17.67000
-0.22369, 17.68000
-0.34714, 17.69000
-0.18738, 17.70000
-0.34744, 17.71000
-0.26978, 17.72000
-0.23865, 17.73000
-0.36453, 17.74000
-0.20340, 17.75000
-0.37003, 17.76000
-0.28458, 17.77000
-0.25894, 17.78000
-0.38269, 17.79000
-0.21774, 17.80000
-0.36865, 17.81000
-0.29327, 17.82000
-0.26978, 17.83000
-0.39108, 17.84000
-0.22919, 17.85000
-0.37979, 17.86000
-0.30304, 17.87000
-0.27252, 17.88000
-0.39795, 17.89000
-0.23865, 17.90000
-0.39825, 17.91000
-0.31265, 17.92000
-0.28610, 17.93000
-0.40527, 17.94000
-0.24490, 17.95000
-0.39780, 17.96000
-0.32043, 17.97000
-0.29160, 17.98000
-0.40970, 17.99000
-0.24765, 18.00000
-0.41092, 18.01000
-0.32639, 18.02000
-0.30411, 18.03000
-0.41733, 18.04000
-0.25238, 18.05000
-0.40726, 18.06000
-0.32822, 18.07000
-0.30136, 18.08000
-0.41672, 18.09000
-0.25391, 18.10000
-0.41733, 18.11000
-0.32684, 18.12000
-0.30426, 18.13000
-0.41107, 18.14000
-0.24887, 18.15000
-0.40176, 18.16000
-0.31143, 18.17000
-0.29068, 18.18000
-0.40512, 18.19000
-0.24170, 18.20000
-0.39658, 18.21000
-0.30777, 18.22000
-0.27847, 18.23000
-0.39871, 18.24000
-0.23468, 18.25000
-0.39459, 18.26000
-0.29678, 18.27000
-0.27283, 18.28000
-0.38773, 18.29000
-0.22659, 18.30000
-0.38925, 18.31000
-0.28900, 18.32000
-0.26535, 18.33000
-0.37949, 18.34000
-0.21576, 18.35000
-0.37155, 18.36000
-0.28870, 18.37000
-0.25620, 18.38000
-0.37140, 18.39000
-0.20996, 18.40000
-0.37109, 18.41000
-0.28259, 18.42000
-0.24994, 18.43000
-0.37231, 18.44000
-0.20416, 18.45000
-0.36194, 18.46000
-0.26993, 18.47000
-0.26001, 18.48000
-0.36682, 18.49000
-0.20432, 18.50000
-0.36819, 18.51000
-0.28122, 18.52000
-0.25894, 18.53000
-0.37170, 18.54000
-0.20630, 18.55000
-0.36896, 18.56000
-0.27405, 18.57000
-0.27084, 18.58000
-0.37354, 18.59000
-0.21469, 18.60000
-0.37811, 18.61000
-0.28732, 18.62000
-0.27161, 18.63000
-0.38422, 18.64000
-0.22156, 18.65000
-0.38391, 18.66000
-0.29739, 18.67000
-0.27740, 18.68000
-0.39185, 18.69000
-0.23178, 18.70000
-0.40070, 18.71000
-0.30334, 18.72000
-0.28687, 18.73000
-0.39246, 18.74000
-0.23849, 18.75000
-0.40222, 18.76000
-0.30365, 18.77000
-0.30319, 18.78000
-0.40237, 18.79000
-0.24002, 18.80000
-0.39703, 18.81000
-0.30609, 18.82000
-0.29449, 18.83000
-0.40405, 18.84000
-0.23987, 18.85000
-0.40115, 18.86000
-0.31036, 18.87000
-0.29800, 18.88000
-0.39993, 18.89000
-0.23773, 18.90000
-0.40619, 18.91000
-0.30457, 18.92000
-0.28915, 18.93000
-0.39871, 18.94000
-0.24170, 18.95000
-0.41000, 18.96000
-0.30365, 18.97000
-0.29144, 18.98000
-0.39276, 18.99000
-0.23895, 19.00000
-0.40588, 19.01000
-0.30563, 19.02000
-0.30579, 19.03000
-0.40009, 19.04000
-0.24185, 19.05000
-0.41092, 19.06000
-0.30823, 19.07000
-0.29190, 19.08000
-0.40909, 19.09000
-0.24185, 19.10000
-0.41168, 19.11000
-0.31464, 19.12000
-0.30624, 19.13000
-0.40482, 19.14000
-0.24277, 19.15000
-0.41229, 19.16000
-0.31387, 19.17000
-0.29419, 19.18000
-0.40558, 19.19000
-0.24399, 19.20000
-0.41000, 19.21000
-0.30975, 19.22000
-0.31296, 19.23000
-0.39825, 19.24000
-0.24445, 19.25000
-0.39276, 19.26000
-0.31357, 19.27000
-0.30502, 19.28000
-0.40390, 19.29000
-0.24567, 19.30000
-0.41992, 19.31000
-0.29968, 19.32000
-0.29968, 19.33000
-0.40161, 19.34000
-0.24612, 19.35000
-0.41611, 19.36000
-0.30380, 19.37000
-0.30121, 19.38000
-0.40573, 19.39000
-0.24857, 19.40000
-0.41351, 19.41000
-0.31387, 19.42000
-0.31052, 19.43000
-0.40390, 19.44000
-0.24704, 19.45000
-0.41809, 19.46000
-0.31738, 19.47000
-0.32013, 19.48000
-0.40588, 19.49000
-0.24902, 19.50000
-0.41916, 19.51000
-0.31525, 19.52000
-0.31387, 19.53000
-0.41214, 19.54000
-0.25162, 19.55000
-0.42511, 19.56000
-0.31754, 19.57000
-0.31143, 19.58000
-0.41168, 19.59000
-0.25421, 19.60000
-0.41565, 19.61000
-0.31631, 19.62000
-0.31296, 19.63000
-0.41565, 19.64000
-0.25757, 19.65000
-0.43121, 19.66000
-0.31250, 19.67000
-0.31921, 19.68000
-0.41626, 19.69000
-0.26154, 19.70000
-0.42587, 19.71000
-0.32257, 19.72000
-0.32120, 19.73000
-0.42709, 19.74000
-0.26276, 19.75000
-0.43671, 19.76000
-0.33157, 19.77000
-0.32806, 19.78000
-0.41901, 19.79000
-0.26657, 19.80000
-0.44144, 19.81000
-0.32944, 19.82000
-0.33676, 19.83000
-0.42587, 19.84000
-0.27145, 19.85000
-0.44464, 19.86000
-0.33463, 19.87000
-0.34164, 19.88000
-0.42923, 19.89000
-0.27313, 19.90000
-0.44952, 19.91000
-0.33203, 19.92000
-0.33951, 19.93000
-0.42435, 19.94000
-0.27817, 19.95000
-0.45380, 19.96000
-0.33493, 19.97000
-0.34622, 19.98000
-0.43686, 19.99000
-0.28091, 20.00000
-0.45227, 20.01000
-0.34424, 20.02000
-0.34897, 20.03000
-0.44067, 20.04000
-0.28259, 20.05000
-0.46036, 20.06000
-0.34256, 20.07000
-0.35233, 20.08000
-0.44449, 20.09000
-0.28687, 20.10000
-0.46234, 20.11000
-0.35156, 20.12000
-0.36606, 20.13000
-0.44785, 20.14000
-0.29083, 20.15000
-0.45776, 20.16000
-0.35110, 20.17000
-0.37018, 20.18000
-0.44724, 20.19000
-0.29312, 20.20000
-0.46783, 20.21000
-0.35217, 20.22000
-0.36392, 20.23000
-0.45227, 20.24000
-0.29587, 20.25000
-0.46921, 20.26000
-0.34744, 20.27000
-0.36316, 20.28000
-0.45380, 20.29000
-0.29755, 20.30000
-0.47394, 20.31000
-0.35492, 20.32000
-0.36987, 20.33000
-0.45517, 20.34000
-0.30136, 20.35000
-0.47867, 20.36000
-0.35416, 20.37000
-0.37125, 20.38000
-0.46722, 20.39000
-0.30487, 20.40000
-0.47806, 20.41000
-0.35614, 20.42000
-0.37674, 20.43000
-0.45975, 20.44000
-0.30762, 20.45000
-0.48203, 20.46000
-0.36728, 20.47000
-0.38651, 20.48000
-0.46677, 20.49000
-0.31021, 20.50000
-0.48920, 20.51000
-0.37277, 20.52000
-0.38345, 20.53000
-0.46066, 20.54000
-0.31296, 20.55000
-0.49026, 20.56000
-0.36682, 20.57000
-0.38666, 20.58000
-0.46875, 20.59000
-0.31448, 20.60000
-0.49271, 20.61000
-0.36926, 20.62000
-0.38483, 20.63000
-0.46478, 20.64000
-0.31815, 20.65000
-0.49408, 20.66000
-0.37628, 20.67000
-0.40375, 20.68000
-0.47211, 20.69000
-0.32150, 20.70000
-0.49759, 20.71000
-0.37766, 20.72000
-0.40344, 20.73000
-0.46890, 20.74000
-0.32288, 20.75000
-0.50217, 20.76000
-0.37537, 20.77000
-0.40695, 20.78000
-0.47668, 20.79000
-0.32562, 20.80000
-0.50140, 20.81000
-0.38055, 20.82000
-0.40451, 20.83000
-0.46814, 20.84000
-0.32913, 20.85000
-0.50552, 20.86000
-0.38147, 20.87000
-0.41504, 20.88000
-0.48050, 20.89000
-0.33127, 20.90000
-0.50858, 20.91000
-0.37994, 20.92000
-0.41122, 20.93000
-0.47379, 20.94000
-0.33417, 20.95000
-0.51117, 20.96000
-0.38864, 20.97000
-0.40863, 20.98000
-0.48096, 20.99000
-0.33615, 21.00000
-0.51270, 21.01000
-0.39963, 21.02000
-0.41641, 21.03000
-0.50201, 21.04000
-0.33890, 21.05000
-0.51804, 21.06000
-0.39429, 21.07000
-0.42267, 21.08000
-0.49072, 21.09000
-0.34088, 21.10000
-0.51666, 21.11000
-0.38788, 21.12000
-0.42938, 21.13000
-0.49210, 21.14000
-0.34363, 21.15000
-0.52124, 21.16000
-0.39368, 21.17000
-0.42633, 21.18000
-0.48920, 21.19000
-0.34622, 21.20000
-0.52246, 21.21000
-0.39749, 21.22000
-0.43091, 21.23000
-0.49698, 21.24000
-0.34698, 21.25000
-0.52338, 21.26000
-0.39307, 21.27000
-0.42694, 21.28000
-0.50323, 21.29000
-0.35172, 21.30000
-0.52856, 21.31000
-0.39749, 21.32000
-0.43716, 21.33000
-0.49500, 21.34000
-0.35431, 21.35000
-0.52933, 21.36000
-0.40192, 21.37000
-0.44235, 21.38000
-0.49789, 21.39000
-0.35461, 21.40000
-0.53299, 21.41000
-0.40817, 21.42000
-0.44022, 21.43000
-0.50034, 21.44000
-0.35614, 21.45000
-0.53421, 21.46000
-0.39993, 21.47000
-0.44861, 21.48000
-0.49896, 21.49000
-0.36011, 21.50000
-0.53696, 21.51000
-0.40665, 21.52000
-0.44937, 21.53000
-0.50568, 21.54000
-0.36194, 21.55000
-0.53665, 21.56000
-0.40558, 21.57000
-0.44144, 21.58000
-0.50568, 21.59000
-0.36392, 21.60000
-0.54352, 21.61000
-0.41367, 21.62000
-0.43579, 21.63000
-0.50507, 21.64000
-0.36697, 21.65000
-0.54489, 21.66000
-0.41641, 21.67000
-0.45212, 21.68000
-0.52643, 21.69000
-0.37048, 21.70000
-0.54855, 21.71000
-0.40924, 21.72000
-0.45609, 21.73000
-0.51376, 21.74000
-0.37140, 21.75000
-0.55069, 21.76000
-0.42252, 21.77000
-0.46280, 21.78000
-0.51590, 21.79000
-0.37415, 21.80000
-0.55206, 21.81000
-0.42603, 21.82000
-0.46265, 21.83000
-0.51025, 21.84000
-0.37766, 21.85000
-0.55481, 21.86000
-0.41748, 21.87000
-0.46417, 21.88000
-0.51941, 21.89000
-0.37949, 21.90000
-0.55679, 21.91000
-0.42847, 21.92000
-0.46982, 21.93000
-0.52368, 21.94000
-0.37979, 21.95000
-0.55954, 21.96000
-0.42892, 21.97000
-0.47256, 21.98000
-0.52597, 21.99000
-0.38376, 22.00000
-0.56076, 22.01000
-0.42572, 22.02000
-0.48035, 22.03000
-0.51590, 22.04000
-0.38559, 22.05000
-0.56351, 22.06000
-0.42938, 22.07000
-0.47806, 22.08000
-0.52963, 22.09000
-0.38940, 22.10000
-0.56549, 22.11000
-0.43228, 22.12000
-0.47241, 22.13000
-0.52979, 22.14000
-0.39032, 22.15000
-0.56702, 22.16000
-0.43701, 22.17000
-0.48447, 22.18000
-0.53619, 22.19000
-0.39291, 22.20000
-0.57114, 22.21000
-0.43304, 22.22000
-0.47974, 22.23000
-0.53345, 22.24000
-0.39520, 22.25000
-0.57266, 22.26000
-0.44128, 22.27000
-0.47760, 22.28000
-0.53375, 22.29000
-0.39825, 22.30000
-0.57541, 22.31000
-0.43854, 22.32000
-0.48370, 22.33000
-0.55115, 22.34000
-0.40039, 22.35000
-0.57770, 22.36000
-0.44510, 22.37000
-0.48401, 22.38000
-0.53223, 22.39000
-0.40161, 22.40000
-0.57922, 22.41000
-0.44312, 22.42000
-0.49057, 22.43000
-0.53925, 22.44000
-0.40329, 22.45000
-0.57999, 22.46000
-0.44678, 22.47000
-0.49530, 22.48000
-0.53406, 22.49000
-0.40588, 22.50000
-0.58197, 22.51000
-0.46677, 22.52000
-0.49545, 22.53000
-0.54001, 22.54000
-0.40726, 22.55000
-0.58487, 22.56000
-0.44983, 22.57000
-0.50674, 22.58000
-0.54047, 22.59000
-0.41107, 22.60000
-0.58533, 22.61000
-0.44922, 22.62000
-0.50278, 22.63000
-0.54855, 22.64000
-0.41565, 22.65000
-0.58823, 22.66000
-0.45364, 22.67000
-0.50812, 22.68000
-0.55984, 22.69000
-0.41534, 22.70000
-0.59143, 22.71000
-0.45471, 22.72000
-0.50690, 22.73000
-0.54672, 22.74000
-0.41702, 22.75000
-0.59433, 22.76000
-0.45883, 22.77000
-0.50735, 22.78000
-0.55466, 22.79000
-0.42023, 22.80000
-0.59525, 22.81000
-0.45822, 22.82000
-0.50552, 22.83000
-0.55023, 22.84000
-0.41931, 22.85000
-0.59784, 22.86000
-0.45914, 22.87000
-0.51361, 22.88000
-0.55527, 22.89000
-0.42374, 22.90000
-0.59891, 22.91000
-0.45166, 22.92000
-0.52246, 22.93000
-0.55496, 22.94000
-0.42542, 22.95000
-0.60013, 22.96000
-0.45120, 22.97000
-0.52170, 22.98000
-0.57556, 22.99000
-0.42725, 23.00000
-0.60318, 23.01000
-0.46310, 23.02000
-0.52689, 23.03000
-0.56091, 23.04000
-0.43030, 23.05000
-0.60471, 23.06000
-0.47012, 23.07000
-0.53360, 23.08000
-0.55649, 23.09000
-0.43396, 23.10000
-0.60699, 23.11000
-0.46646, 23.12000
-0.52490, 23.13000
-0.56870, 23.14000
-0.43228, 23.15000
-0.61066, 23.16000
-0.47318, 23.17000
-0.53436, 23.18000
-0.56244, 23.19000
-0.43411, 23.20000
-0.61096, 23.21000
-0.47287, 23.22000
-0.53207, 23.23000
-0.57037, 23.24000
-0.43991, 23.25000
-0.61325, 23.26000
-0.46875, 23.27000
-0.52597, 23.28000
-0.56732, 23.29000
-0.44052, 23.30000
-0.61493, 23.31000
-0.47531, 23.32000
-0.53726, 23.33000
-0.57266, 23.34000
-0.44434, 23.35000
-0.61798, 23.36000
-0.47592, 23.37000
-0.53818, 23.38000
-0.57144, 23.39000
-0.44327, 23.40000
-0.61844, 23.41000
-0.47577, 23.42000
-0.53848, 23.43000
-0.57541, 23.44000
-0.44571, 23.45000
-0.62134, 23.46000
-0.48080, 23.47000
-0.54535, 23.48000
-0.57922, 23.49000
-0.44754, 23.50000
-0.62286, 23.51000
-0.47531, 23.52000
-0.54413, 23.53000
-0.57632, 23.54000
-0.45334, 23.55000
-0.62500, 23.56000
-0.48187, 23.57000
-0.54596, 23.58000
-0.58090, 23.59000
-0.45395, 23.60000
-0.62546, 23.61000
-0.48187, 23.62000
-0.55008, 23.63000
-0.59280, 23.64000
-0.45349, 23.65000
-0.63034, 23.66000
-0.48325, 23.67000
-0.55176, 23.68000
-0.58197, 23.69000
-0.45837, 23.70000
-0.63293, 23.71000
-0.48447, 23.72000
-0.55542, 23.73000
-0.58563, 23.74000
-0.45914, 23.75000
-0.63278, 23.76000
-0.49469, 23.77000
-0.56137, 23.78000
-0.58273, 23.79000
-0.46249, 23.80000
-0.63507, 23.81000
-0.49164, 23.82000
-0.57068, 23.83000
-0.59036, 23.84000
-0.46692, 23.85000
-0.63751, 23.86000
-0.49866, 23.87000
-0.56747, 23.88000
-0.59174, 23.89000
-0.46921, 23.90000
-0.63980, 23.91000
-0.50003, 23.92000
-0.57205, 23.93000
-0.59433, 23.94000
-0.47501, 23.95000
-0.64423, 23.96000
-0.50156, 23.97000
-0.56488, 23.98000
-0.59647, 23.99000
-0.47394, 24.00000
-0.64468, 24.01000
-0.49973, 24.02000
-0.57159, 24.03000
-0.58990, 24.04000
-0.48019, 24.05000
-0.64713, 24.06000
-0.49667, 24.07000
-0.58014, 24.08000
-0.60120, 24.09000
-0.47867, 24.10000
-0.65063, 24.11000
-0.50232, 24.12000
-0.58182, 24.13000
-0.60196, 24.14000
-0.48248, 24.15000
-0.65155, 24.16000
-0.51071, 24.17000
-0.58136, 24.18000
-0.60669, 24.19000
-0.48569, 24.20000
-0.65369, 24.21000
-0.50491, 24.22000
-0.58197, 24.23000
-0.61630, 24.24000
-0.48691, 24.25000
-0.65781, 24.26000
-0.50278, 24.27000
-0.59113, 24.28000
-0.61920, 24.29000
-0.48828, 24.30000
-0.65842, 24.31000
-0.50903, 24.32000
-0.58929, 24.33000
-0.60715, 24.34000
-0.49118, 24.35000
-0.66162, 24.36000
-0.50858, 24.37000
-0.59830, 24.38000
-0.61768, 24.39000
-0.49438, 24.40000
-0.66498, 24.41000
-0.50995, 24.42000
-0.59631, 24.43000
-0.61722, 24.44000
-0.49454, 24.45000
-0.66879, 24.46000
-0.51559, 24.47000
-0.59448, 24.48000
-0.61310, 24.49000
-0.50140, 24.50000
-0.67108, 24.51000
-0.51804, 24.52000
-0.61081, 24.53000
-0.61554, 24.54000
-0.50201, 24.55000
-0.67307, 24.56000
-0.51331, 24.57000
-0.60272, 24.58000
-0.61188, 24.59000
-0.51178, 24.60000
-0.67459, 24.61000
-0.52231, 24.62000
-0.60944, 24.63000
-0.62881, 24.64000
-0.50674, 24.65000
-0.67688, 24.66000
-0.53055, 24.67000
-0.61951, 24.68000
-0.62057, 24.69000
-0.51224, 24.70000
-0.68054, 24.71000
-0.53726, 24.72000
-0.61646, 24.73000
-0.63202, 24.74000
-0.51483, 24.75000
-0.68222, 24.76000
-0.53085, 24.77000
-0.62469, 24.78000
-0.62729, 24.79000
-0.52032, 24.80000
-0.68558, 24.81000
-0.53757, 24.82000
-0.62546, 24.83000
-0.63797, 24.84000
-0.52048, 24.85000
-0.68710, 24.86000
-0.53955, 24.87000
-0.62836, 24.88000
-0.64575, 24.89000
-0.52689, 24.90000
-0.69244, 24.91000
-0.53833, 24.92000
-0.63065, 24.93000
-0.64758, 24.94000
-0.53436, 24.95000
-0.69702, 24.96000
-0.53986, 24.97000
-0.63858, 24.98000
-0.64758, 24.99000
-0.53329, 25.00000
