0.05615, 0.01000
-0.10208, 0.02000
0.05829, 0.03000
-0.07462, 0.04000
-0.02701, 0.05000
0.02762, 0.06000
-0.10345, 0.07000
0.05768, 0.08000
-0.08652, 0.09000
-0.02579, 0.10000
0.03220, 0.11000
-0.10056, 0.12000
0.05676, 0.13000
-0.07950, 0.14000
-0.03067, 0.15000
0.04196, 0.16000
-0.10239, 0.17000
0.05676, 0.18000
-0.07568, 0.19000
-0.02609, 0.20000
0.03494, 0.21000
-0.10010, 0.22000
0.05554, 0.23000
-0.07919, 0.24000
-0.03082, 0.25000
0.02502, 0.26000
-0.10422, 0.27000
0.05707, 0.28000
-0.08743, 0.29000
-0.01877, 0.30000
0.03311, 0.31000
-0.10208, 0.32000
0.05447, 0.33000
-0.08148, 0.34000
-0.02609, 0.35000
0.02167, 0.36000
-0.10361, 0.37000
0.05615, 0.38000
-0.07935, 0.39000
-0.01846, 0.40000
0.03098, 0.41000
-0.10391, 0.42000
0.05646, 0.43000
-0.08041, 0.44000
-0.02487, 0.45000
0.03204, 0.46000
-0.10208, 0.47000
0.05493, 0.48000
-0.08408, 0.49000
-0.01678, 0.50000
0.02991, 0.51000
-0.10391, 0.52000
0.05508, 0.53000
-0.08499, 0.54000
-0.02487, 0.55000
0.02899, 0.56000
-0.10193, 0.57000
0.05676, 0.58000
-0.07996, 0.59000
-0.02792, 0.60000
0.03204, 0.61000
-0.10208, 0.62000
0.05600, 0.63000
-0.08102, 0.64000
-0.01816, 0.65000
0.02808, 0.66000
-0.10208, 0.67000
0.05615, 0.68000
-0.08545, 0.69000
-0.01801, 0.70000
0.01862, 0.71000
-0.10223, 0.72000
0.05341, 0.73000
-0.07050, 0.74000
-0.02563, 0.75000
0.02792, 0.76000
-0.10101, 0.77000
0.05737, 0.78000
-0.08163, 0.79000
-0.02502, 0.80000
0.03876, 0.81000
-0.10208, 0.82000
0.05280, 0.83000
-0.08286, 0.84000
-0.01709, 0.85000
0.02640, 0.86000
-0.10437, 0.87000
0.05707, 0.88000
-0.08575, 0.89000
-0.02411, 0.90000
0.01740, 0.91000
-0.10025, 0.92000
0.05493, 0.93000
-0.08774, 0.94000
-0.01602, 0.95000
0.02701, 0.96000
-0.10452, 0.97000
0.05264, 0.98000
-0.09186, 0.99000
-0.02502, 1.00000
0.02106, 1.01000
-0.10239, 1.02000
0.05447, 1.03000
-0.08865, 1.04000
-0.02670, 1.05000
0.02487, 1.06000
-0.10544, 1.07000
0.05615, 1.08000
-0.09598, 1.09000
-0.02487, 1.10000
0.02335, 1.11000
-0.10651, 1.12000
0.05463, 1.13000
-0.08301, 1.14000
-0.02197, 1.15000
0.01312, 1.16000
-0.10391, 1.17000
0.05569, 1.18000
-0.08606, 1.19000
-0.01587, 1.20000
0.02945, 1.21000
-0.10529, 1.22000
0.05875, 1.23000
-0.08865, 1.24000
-0.01633, 1.25000
0.01526, 1.26000
-0.10529, 1.27000
0.05737, 1.28000
-0.09659, 1.29000
-0.02579, 1.30000
0.02380, 1.31000
-0.10391, 1.32000
0.05569, 1.33000
-0.08881, 1.34000
-0.01602, 1.35000
0.01251, 1.36000
-0.10498, 1.37000
0.05447, 1.38000
-0.09109, 1.39000
-0.02365, 1.40000
0.01968, 1.41000
-0.10468, 1.42000
0.05630, 1.43000
-0.09521, 1.44000
-0.02502, 1.45000
0.03418, 1.46000
-0.10406, 1.47000
0.05447, 1.48000
-0.09048, 1.49000
-0.02228, 1.50000
0.01846, 1.51000
-0.10590, 1.52000
0.05188, 1.53000
-0.09247, 1.54000
-0.02182, 1.55000
0.02579, 1.56000
-0.10651, 1.57000
0.05157, 1.58000
-0.09323, 1.59000
-0.01663, 1.60000
0.00717, 1.61000
-0.10880, 1.62000
0.05219, 1.63000
-0.10086, 1.64000
-0.02533, 1.65000
0.00641, 1.66000
-0.10223, 1.67000
0.05157, 1.68000
-0.09857, 1.69000
-0.02609, 1.70000
0.00793, 1.71000
-0.10544, 1.72000
0.05554, 1.73000
-0.09735, 1.74000
-0.02411, 1.75000
0.01572, 1.76000
-0.10696, 1.77000
0.05249, 1.78000
-0.09354, 1.79000
-0.01862, 1.80000
0.00610, 1.81000
-0.10666, 1.82000
0.04974, 1.83000
-0.10147, 1.84000
-0.02747, 1.85000
0.01450, 1.86000
-0.10300, 1.87000
0.05051, 1.88000
-0.10162, 1.89000
-0.02518, 1.90000
0.02060, 1.91000
-0.10345, 1.92000
0.05432, 1.93000
-0.09995, 1.94000
-0.02640, 1.95000
0.01236, 1.96000
-0.10696, 1.97000
0.05341, 1.98000
-0.09521, 1.99000
-0.02487, 2.00000
0.01678, 2.01000
-0.10727, 2.02000
0.05203, 2.03000
-0.09796, 2.04000
-0.02533, 2.05000
0.01129, 2.06000
-0.10834, 2.07000
0.05188, 2.08000
-0.09720, 2.09000
-0.02533, 2.10000
0.02701, 2.11000
-0.10559, 2.12000
0.05249, 2.13000
-0.09689, 2.14000
-0.02823, 2.15000
0.00641, 2.16000
-0.10895, 2.17000
0.05188, 2.18000
-0.09659, 2.19000
-0.02502, 2.20000
0.00931, 2.21000
-0.10559, 2.22000
0.05234, 2.23000
-0.09628, 2.24000
-0.02762, 2.25000
0.00885, 2.26000
-0.10925, 2.27000
0.04929, 2.28000
-0.09949, 2.29000
-0.02014, 2.30000
0.00946, 2.31000
-0.10544, 2.32000
0.05264, 2.33000
-0.10147, 2.34000
-0.02594, 2.35000
0.00366, 2.36000
-0.11002, 2.37000
0.04868, 2.38000
-0.10101, 2.39000
-0.01770, 2.40000
0.01144, 2.41000
-0.11002, 2.42000
0.05066, 2.43000
-0.10254, 2.44000
-0.02502, 2.45000
0.00534, 2.46000
-0.10620, 2.47000
0.04883, 2.48000
-0.10330, 2.49000
-0.01648, 2.50000
0.01205, 2.51000
-0.11276, 2.52000
0.04807, 2.53000
-0.10727, 2.54000
-0.02014, 2.55000
0.00351, 2.56000
-0.10468, 2.57000
0.04868, 2.58000
-0.10361, 2.59000
-0.02640, 2.60000
-0.00595, 2.61000
-0.10574, 2.62000
0.04745, 2.63000
-0.10529, 2.64000
-0.02609, 2.65000
0.00366, 2.66000
-0.11017, 2.67000
0.04913, 2.68000
-0.10544, 2.69000
-0.02625, 2.70000
-0.00656, 2.71000
-0.11169, 2.72000
0.04654, 2.73000
-0.10376, 2.74000
-0.02029, 2.75000
0.02029, 2.76000
-0.11307, 2.77000
0.04944, 2.78000
-0.10651, 2.79000
-0.02701, 2.80000
0.00305, 2.81000
-0.10803, 2.82000
0.04456, 2.83000
-0.10742, 2.84000
-0.02686, 2.85000
-0.00046, 2.86000
-0.11246, 2.87000
0.04791, 2.88000
-0.11200, 2.89000
-0.02899, 2.90000
-0.00061, 2.91000
-0.10834, 2.92000
0.04532, 2.93000
-0.10880, 2.94000
-0.02029, 2.95000
-0.00916, 2.96000
-0.10864, 2.97000
0.04547, 2.98000
-0.10803, 2.99000
-0.02075, 3.00000
-0.00290, 3.01000
-0.10880, 3.02000
0.04547, 3.03000
-0.10803, 3.04000
-0.02228, 3.05000
-0.01190, 3.06000
-0.11353, 3.07000
0.04410, 3.08000
-0.10284, 3.09000
-0.02640, 3.10000
-0.01099, 3.11000
-0.11200, 3.12000
0.04410, 3.13000
-0.11368, 3.14000
-0.02640, 3.15000
-0.01373, 3.16000
-0.11368, 3.17000
0.04349, 3.18000
-0.11063, 3.19000
-0.02182, 3.20000
-0.01190, 3.21000
-0.10864, 3.22000
0.04196, 3.23000
-0.11124, 3.24000
-0.02884, 3.25000
-0.01328, 3.26000
-0.11368, 3.27000
0.04410, 3.28000
-0.11017, 3.29000
-0.02670, 3.30000
-0.01373, 3.31000
-0.11459, 3.32000
0.04379, 3.33000
-0.11414, 3.34000
-0.02823, 3.35000
-0.01236, 3.36000
-0.11642, 3.37000
0.04166, 3.38000
-0.11658, 3.39000
-0.02869, 3.40000
0.01480, 3.41000
-0.11658, 3.42000
0.03876, 3.43000
-0.11398, 3.44000
-0.02838, 3.45000
-0.01144, 3.46000
-0.11581, 3.47000
0.04089, 3.48000
-0.11627, 3.49000
-0.02090, 3.50000
-0.00809, 3.51000
-0.11780, 3.52000
0.04166, 3.53000
-0.11856, 3.54000
-0.02808, 3.55000
-0.01022, 3.56000
-0.11520, 3.57000
0.04044, 3.58000
-0.11688, 3.59000
-0.03113, 3.60000
-0.01892, 3.61000
-0.11139, 3.62000
0.03891, 3.63000
-0.11566, 3.64000
-0.02960, 3.65000
-0.01099, 3.66000
-0.12161, 3.67000
0.04135, 3.68000
-0.11536, 3.69000
-0.02930, 3.70000
-0.01297, 3.71000
-0.11749, 3.72000
0.03952, 3.73000
-0.11703, 3.74000
-0.02380, 3.75000
-0.01236, 3.76000
-0.11963, 3.77000
0.04120, 3.78000
-0.11871, 3.79000
-0.02945, 3.80000
-0.02182, 3.81000
-0.11887, 3.82000
0.03769, 3.83000
-0.11658, 3.84000
-0.02533, 3.85000
-0.02182, 3.86000
-0.11963, 3.87000
0.03983, 3.88000
-0.12054, 3.89000
-0.03342, 3.90000
-0.01175, 3.91000
-0.11322, 3.92000
0.03937, 3.93000
-0.11978, 3.94000
-0.03143, 3.95000
-0.01709, 3.96000
-0.12207, 3.97000
0.03754, 3.98000
-0.12192, 3.99000
-0.03021, 4.00000
-0.02380, 4.01000
-0.11276, 4.02000
0.03647, 4.03000
-0.12115, 4.04000
-0.03189, 4.05000
0.00168, 4.06000
-0.12024, 4.07000
0.03754, 4.08000
-0.12543, 4.09000
-0.02609, 4.10000
-0.01801, 4.11000
-0.11292, 4.12000
0.03525, 4.13000
-0.12360, 4.14000
-0.03433, 4.15000
-0.02594, 4.16000
-0.11505, 4.17000
0.03601, 4.18000
-0.12466, 4.19000
-0.03174, 4.20000
-0.01999, 4.21000
-0.12543, 4.22000
0.03601, 4.23000
-0.12360, 4.24000
-0.03220, 4.25000
-0.02716, 4.26000
-0.12192, 4.27000
0.03510, 4.28000
-0.12650, 4.29000
-0.02914, 4.30000
-0.02029, 4.31000
-0.12344, 4.32000
0.03555, 4.33000
-0.12741, 4.34000
-0.02823, 4.35000
-0.02579, 4.36000
-0.12024, 4.37000
0.03372, 4.38000
-0.12543, 4.39000
-0.02792, 4.40000
-0.01907, 4.41000
-0.11581, 4.42000
0.03464, 4.43000
-0.12604, 4.44000
-0.03433, 4.45000
-0.01068, 4.46000
-0.12024, 4.47000
0.03571, 4.48000
-0.12985, 4.49000
-0.03586, 4.50000
-0.02335, 4.51000
-0.12222, 4.52000
0.03418, 4.53000
-0.12817, 4.54000
-0.03448, 4.55000
-0.02396, 4.56000
-0.11673, 4.57000
0.03265, 4.58000
-0.12741, 4.59000
-0.03342, 4.60000
-0.02808, 4.61000
-0.12192, 4.62000
0.03204, 4.63000
-0.12909, 4.64000
-0.03220, 4.65000
-0.02594, 4.66000
-0.11703, 4.67000
0.03128, 4.68000
-0.12863, 4.69000
-0.03693, 4.70000
-0.00809, 4.71000
-0.11734, 4.72000
0.03204, 4.73000
-0.13199, 4.74000
-0.03662, 4.75000
-0.02731, 4.76000
-0.12436, 4.77000
0.03159, 4.78000
-0.13092, 4.79000
-0.03571, 4.80000
-0.03403, 4.81000
-0.11688, 4.82000
0.03036, 4.83000
-0.12985, 4.84000
-0.03128, 4.85000
-0.02640, 4.86000
-0.12421, 4.87000
0.03143, 4.88000
-0.13000, 4.89000
-0.03738, 4.90000
-0.01892, 4.91000
-0.12070, 4.92000
0.02975, 4.93000
-0.13123, 4.94000
-0.03708, 4.95000
-0.03159, 4.96000
-0.12527, 4.97000
0.02945, 4.98000
-0.13214, 4.99000
-0.03555, 5.00000
-0.03021, 5.01000
-0.11932, 5.02000
0.02838, 5.03000
-0.13351, 5.04000
-0.03265, 5.05000
-0.03326, 5.06000
-0.12390, 5.07000
0.02899, 5.08000
-0.13596, 5.09000
-0.04013, 5.10000
-0.03159, 5.11000
-0.11841, 5.12000
0.02838, 5.13000
-0.13367, 5.14000
-0.03159, 5.15000
-0.03387, 5.16000
-0.12497, 5.17000
0.02701, 5.18000
-0.13550, 5.19000
-0.03769, 5.20000
-0.03922, 5.21000
-0.13580, 5.22000
0.02594, 5.23000
-0.13672, 5.24000
-0.04166, 5.25000
-0.03464, 5.26000
-0.12436, 5.27000
0.02655, 5.28000
-0.13870, 5.29000
-0.03998, 5.30000
-0.03525, 5.31000
-0.12177, 5.32000
0.02731, 5.33000
-0.13794, 5.34000
-0.03860, 5.35000
-0.01602, 5.36000
-0.12085, 5.37000
0.02594, 5.38000
-0.13260, 5.39000
-0.03372, 5.40000
-0.03632, 5.41000
-0.12726, 5.42000
0.02594, 5.43000
-0.13809, 5.44000
-0.04135, 5.45000
-0.03296, 5.46000
-0.12512, 5.47000
0.02518, 5.48000
-0.13779, 5.49000
-0.03418, 5.50000
-0.03860, 5.51000
-0.12802, 5.52000
0.02579, 5.53000
-0.13809, 5.54000
-0.04059, 5.55000
-0.03815, 5.56000
-0.12436, 5.57000
0.02380, 5.58000
-0.13702, 5.59000
-0.03952, 5.60000
-0.04105, 5.61000
-0.12741, 5.62000
0.02441, 5.63000
-0.13794, 5.64000
-0.04074, 5.65000
-0.03937, 5.66000
-0.12299, 5.67000
0.02304, 5.68000
-0.13977, 5.69000
-0.04227, 5.70000
-0.04364, 5.71000
-0.12604, 5.72000
0.02274, 5.73000
-0.13916, 5.74000
-0.04044, 5.75000
-0.04044, 5.76000
-0.12405, 5.77000
0.02213, 5.78000
-0.14023, 5.79000
-0.04532, 5.80000
-0.04730, 5.81000
-0.13123, 5.82000
0.02197, 5.83000
-0.14404, 5.84000
-0.04196, 5.85000
-0.04715, 5.86000
-0.13016, 5.87000
0.02213, 5.88000
-0.14099, 5.89000
-0.04211, 5.90000
-0.04868, 5.91000
-0.12985, 5.92000
0.02060, 5.93000
-0.13931, 5.94000
-0.04242, 5.95000
-0.04288, 5.96000
-0.13092, 5.97000
0.02029, 5.98000
-0.14359, 5.99000
-0.04181, 6.00000
-0.01465, 6.01000
-0.12772, 6.02000
0.02121, 6.03000
-0.14313, 6.04000
-0.04227, 6.05000
-0.04868, 6.06000
-0.13000, 6.07000
0.01999, 6.08000
-0.14526, 6.09000
-0.04379, 6.10000
-0.04730, 6.11000
-0.13016, 6.12000
0.01770, 6.13000
-0.14542, 6.14000
-0.03693, 6.15000
-0.04471, 6.16000
-0.13016, 6.17000
0.02060, 6.18000
-0.14664, 6.19000
-0.04425, 6.20000
-0.04700, 6.21000
-0.12863, 6.22000
0.02045, 6.23000
-0.14511, 6.24000
-0.04501, 6.25000
-0.05325, 6.26000
-0.13138, 6.27000
0.01770, 6.28000
-0.14725, 6.29000
-0.04410, 6.30000
-0.05081, 6.31000
-0.13687, 6.32000
0.01633, 6.33000
-0.14832, 6.34000
-0.04578, 6.35000
-0.05157, 6.36000
-0.13367, 6.37000
0.01694, 6.38000
-0.14801, 6.39000
-0.04822, 6.40000
-0.05356, 6.41000
-0.13412, 6.42000
0.01877, 6.43000
-0.14999, 6.44000
-0.04608, 6.45000
-0.05234, 6.46000
-0.13275, 6.47000
0.01724, 6.48000
-0.14893, 6.49000
-0.04410, 6.50000
-0.05508, 6.51000
-0.13428, 6.52000
0.01541, 6.53000
-0.14938, 6.54000
-0.04654, 6.55000
-0.04990, 6.56000
-0.13123, 6.57000
0.01450, 6.58000
-0.15076, 6.59000
-0.04379, 6.60000
-0.05005, 6.61000
-0.13519, 6.62000
0.01526, 6.63000
-0.15091, 6.64000
-0.04745, 6.65000
-0.03296, 6.66000
-0.13229, 6.67000
0.01480, 6.68000
-0.14984, 6.69000
-0.04837, 6.70000
-0.05600, 6.71000
-0.13580, 6.72000
0.01389, 6.73000
-0.15045, 6.74000
-0.04715, 6.75000
-0.05219, 6.76000
-0.13596, 6.77000
0.01312, 6.78000
-0.15289, 6.79000
-0.04776, 6.80000
-0.05569, 6.81000
-0.13351, 6.82000
0.01404, 6.83000
-0.15167, 6.84000
-0.04013, 6.85000
-0.06165, 6.86000
-0.13550, 6.87000
0.01328, 6.88000
-0.15274, 6.89000
-0.04715, 6.90000
-0.05295, 6.91000
-0.13260, 6.92000
0.01251, 6.93000
-0.15335, 6.94000
-0.04578, 6.95000
-0.05539, 6.96000
-0.13748, 6.97000
0.01297, 6.98000
-0.15320, 6.99000
-0.04837, 7.00000
-0.05844, 7.01000
-0.13580, 7.02000
0.01266, 7.03000
-0.15350, 7.04000
-0.05310, 7.05000
-0.06424, 7.06000
-0.13489, 7.07000
0.01282, 7.08000
-0.15335, 7.09000
-0.04089, 7.10000
-0.05783, 7.11000
-0.13565, 7.12000
0.00900, 7.13000
-0.15549, 7.14000
-0.05096, 7.15000
-0.06363, 7.16000
-0.13412, 7.17000
0.01053, 7.18000
-0.15427, 7.19000
-0.04562, 7.20000
-0.05692, 7.21000
-0.13458, 7.22000
0.01022, 7.23000
-0.15686, 7.24000
-0.03860, 7.25000
-0.06836, 7.26000
-0.13947, 7.27000
0.00916, 7.28000
-0.15717, 7.29000
-0.04883, 7.30000
-0.04807, 7.31000
-0.14221, 7.32000
0.00854, 7.33000
-0.15945, 7.34000
-0.05310, 7.35000
-0.06638, 7.36000
-0.14221, 7.37000
0.00839, 7.38000
-0.15854, 7.39000
-0.05203, 7.40000
-0.06516, 7.41000
-0.14114, 7.42000
0.00824, 7.43000
-0.15915, 7.44000
-0.04959, 7.45000
-0.06424, 7.46000
-0.14160, 7.47000
0.00809, 7.48000
-0.15930, 7.49000
-0.05508, 7.50000
-0.06622, 7.51000
-0.14191, 7.52000
0.00870, 7.53000
-0.16083, 7.54000
-0.04974, 7.55000
-0.06378, 7.56000
-0.14191, 7.57000
0.00824, 7.58000
-0.16174, 7.59000
-0.04929, 7.60000
-0.07492, 7.61000
-0.13977, 7.62000
0.00671, 7.63000
-0.16144, 7.64000
-0.05295, 7.65000
-0.06577, 7.66000
-0.14420, 7.67000
0.00778, 7.68000
-0.16251, 7.69000
-0.05432, 7.70000
-0.07126, 7.71000
-0.14130, 7.72000
0.00549, 7.73000
-0.16342, 7.74000
-0.04776, 7.75000
-0.06989, 7.76000
-0.14450, 7.77000
0.00565, 7.78000
-0.16251, 7.79000
-0.05371, 7.80000
-0.06912, 7.81000
-0.14496, 7.82000
0.00427, 7.83000
-0.16403, 7.84000
-0.04715, 7.85000
-0.06821, 7.86000
-0.14343, 7.87000
0.00473, 7.88000
-0.16479, 7.89000
-0.05447, 7.90000
-0.06714, 7.91000
-0.14633, 7.92000
0.00229, 7.93000
-0.16449, 7.94000
-0.05524, 7.95000
-0.05219, 7.96000
-0.14740, 7.97000
0.00305, 7.98000
-0.16663, 7.99000
-0.05722, 8.00000
-0.07126, 8.01000
-0.14679, 8.02000
0.00183, 8.03000
-0.16769, 8.04000
-0.05493, 8.05000
-0.07538, 8.06000
-0.14679, 8.07000
0.00122, 8.08000
-0.16739, 8.09000
-0.05661, 8.10000
-0.06775, 8.11000
-0.14694, 8.12000
0.00092, 8.13000
-0.16754, 8.14000
-0.05096, 8.15000
-0.07675, 8.16000
-0.14374, 8.17000
-0.00137, 8.18000
-0.16907, 8.19000
-0.05859, 8.20000
-0.07950, 8.21000
-0.14572, 8.22000
-0.00046, 8.23000
-0.17014, 8.24000
-0.05081, 8.25000
-0.07477, 8.26000
-0.14984, 8.27000
-0.00153, 8.28000
-0.17075, 8.29000
-0.05859, 8.30000
-0.07523, 8.31000
-0.14999, 8.32000
-0.00320, 8.33000
-0.17075, 8.34000
-0.06073, 8.35000
-0.08469, 8.36000
-0.14740, 8.37000
-0.00244, 8.38000
-0.17120, 8.39000
-0.05951, 8.40000
-0.07736, 8.41000
-0.15244, 8.42000
-0.00336, 8.43000
-0.17303, 8.44000
-0.06210, 8.45000
-0.08575, 8.46000
-0.15167, 8.47000
-0.00458, 8.48000
-0.17334, 8.49000
-0.05096, 8.50000
-0.07965, 8.51000
-0.15015, 8.52000
-0.00443, 8.53000
-0.17410, 8.54000
-0.05524, 8.55000
-0.08514, 8.56000
-0.15350, 8.57000
-0.00488, 8.58000
-0.17441, 8.59000
-0.05615, 8.60000
-0.06378, 8.61000
-0.15640, 8.62000
-0.00595, 8.63000
-0.17517, 8.64000
-0.06393, 8.65000
-0.08453, 8.66000
-0.15472, 8.67000
-0.00610, 8.68000
-0.17609, 8.69000
-0.05402, 8.70000
-0.08148, 8.71000
-0.15656, 8.72000
-0.00687, 8.73000
-0.17654, 8.74000
-0.06531, 8.75000
-0.08545, 8.76000
-0.15366, 8.77000
-0.00870, 8.78000
-0.17746, 8.79000
-0.06516, 8.80000
-0.08469, 8.81000
-0.15671, 8.82000
-0.00916, 8.83000
-0.17807, 8.84000
-0.06165, 8.85000
-0.07828, 8.86000
-0.15564, 8.87000
-0.01053, 8.88000
-0.17944, 8.89000
-0.05569, 8.90000
-0.08728, 8.91000
-0.15656, 8.92000
-0.00900, 8.93000
-0.17914, 8.94000
-0.05646, 8.95000
-0.08652, 8.96000
-0.15549, 8.97000
-0.01068, 8.98000
-0.18173, 8.99000
-0.05737, 9.00000
-0.09537, 9.01000
-0.15945, 9.02000
-0.01099, 9.03000
-0.17944, 9.04000
-0.06378, 9.05000
-0.09659, 9.06000
-0.16006, 9.07000
-0.01343, 9.08000
-0.18234, 9.09000
-0.06958, 9.10000
-0.09750, 9.11000
-0.15671, 9.12000
-0.01328, 9.13000
-0.18188, 9.14000
-0.05768, 9.15000
-0.09201, 9.16000
-0.16159, 9.17000
-0.01511, 9.18000
-0.18295, 9.19000
-0.06836, 9.20000
-0.09109, 9.21000
-0.15854, 9.22000
-0.01389, 9.23000
-0.18448, 9.24000
-0.07080, 9.25000
-0.07721, 9.26000
-0.16235, 9.27000
-0.01465, 9.28000
-0.18570, 9.29000
-0.06393, 9.30000
-0.09354, 9.31000
-0.16251, 9.32000
-0.01419, 9.33000
-0.18616, 9.34000
-0.07217, 9.35000
-0.10147, 9.36000
-0.16266, 9.37000
-0.01770, 9.38000
-0.18723, 9.39000
-0.07034, 9.40000
-0.09659, 9.41000
-0.16464, 9.42000
-0.01968, 9.43000
-0.18723, 9.44000
-0.07141, 9.45000
-0.10406, 9.46000
-0.16495, 9.47000
-0.01892, 9.48000
-0.18814, 9.49000
-0.06317, 9.50000
-0.09644, 9.51000
-0.16479, 9.52000
-0.02090, 9.53000
-0.18997, 9.54000
-0.07309, 9.55000
-0.09674, 9.56000
-0.16373, 9.57000
-0.02151, 9.58000
-0.19043, 9.59000
-0.06287, 9.60000
-0.09964, 9.61000
-0.16739, 9.62000
-0.02106, 9.63000
-0.19089, 9.64000
-0.07538, 9.65000
-0.10101, 9.66000
-0.16525, 9.67000
-0.02167, 9.68000
-0.19073, 9.69000
-0.07629, 9.70000
-0.10956, 9.71000
-0.16800, 9.72000
-0.02136, 9.73000
-0.19272, 9.74000
-0.07202, 9.75000
-0.10803, 9.76000
-0.17105, 9.77000
-0.02365, 9.78000
-0.19226, 9.79000
-0.07568, 9.80000
-0.10925, 9.81000
-0.17029, 9.82000
-0.02365, 9.83000
-0.19379, 9.84000
-0.06454, 9.85000
-0.11139, 9.86000
-0.17059, 9.87000
-0.02640, 9.88000
-0.19318, 9.89000
-0.06577, 9.90000
-0.08026, 9.91000
-0.16907, 9.92000
-0.02579, 9.93000
-0.19608, 9.94000
-0.07309, 9.95000
-0.10757, 9.96000
-0.17319, 9.97000
-0.02655, 9.98000
-0.19775, 9.99000
-0.07889, 10.00000
-0.10559, 10.01000
-0.17014, 10.02000
-0.02716, 10.03000
-0.19699, 10.04000
-0.08163, 10.05000
-0.11414, 10.06000
-0.17120, 10.07000
-0.02838, 10.08000
-0.19806, 10.09000
-0.07996, 10.10000
-0.10925, 10.11000
-0.17136, 10.12000
-0.02869, 10.13000
-0.19836, 10.14000
-0.08453, 10.15000
-0.11002, 10.16000
-0.17258, 10.17000
-0.03021, 10.18000
-0.20020, 10.19000
-0.07172, 10.20000
-0.11200, 10.21000
-0.17761, 10.22000
-0.02991, 10.23000
-0.20020, 10.24000
-0.07782, 10.25000
-0.11826, 10.26000
-0.17685, 10.27000
-0.03174, 10.28000
-0.20203, 10.29000
-0.07126, 10.30000
-0.11475, 10.31000
-0.17700, 10.32000
-0.03326, 10.33000
-0.20172, 10.34000
-0.07431, 10.35000
-0.12177, 10.36000
-0.17914, 10.37000
-0.03418, 10.38000
-0.20279, 10.39000
-0.07874, 10.40000
-0.11856, 10.41000
-0.17960, 10.42000
-0.03555, 10.43000
-0.20447, 10.44000
-0.08179, 10.45000
-0.11932, 10.46000
-0.17563, 10.47000
-0.03510, 10.48000
-0.20355, 10.49000
-0.07599, 10.50000
-0.11505, 10.51000
-0.17990, 10.52000
-0.03555, 10.53000
-0.20615, 10.54000
-0.07690, 10.55000
-0.09918, 10.56000
-0.17838, 10.57000
-0.03754, 10.58000
-0.20569, 10.59000
-0.08957, 10.60000
-0.12802, 10.61000
-0.17456, 10.62000
-0.04074, 10.63000
-0.20737, 10.64000
-0.08118, 10.65000
-0.12299, 10.66000
-0.18600, 10.67000
-0.03830, 10.68000
-0.20752, 10.69000
-0.09216, 10.70000
-0.12680, 10.71000
-0.18143, 10.72000
-0.03906, 10.73000
-0.20844, 10.74000
-0.08698, 10.75000
-0.11993, 10.76000
-0.18524, 10.77000
-0.03998, 10.78000
-0.21011, 10.79000
-0.08728, 10.80000
-0.12726, 10.81000
-0.18387, 10.82000
-0.04272, 10.83000
-0.21179, 10.84000
-0.07523, 10.85000
-0.12955, 10.86000
-0.18753, 10.87000
-0.04227, 10.88000
-0.21072, 10.89000
-0.09033, 10.90000
-0.13214, 10.91000
-0.18631, 10.92000
-0.04211, 10.93000
-0.21133, 10.94000
-0.09064, 10.95000
-0.13321, 10.96000
-0.18768, 10.97000
-0.04562, 10.98000
-0.21317, 10.99000
-0.08102, 11.00000
-0.13382, 11.01000
-0.18753, 11.02000
-0.04364, 11.03000
-0.21332, 11.04000
-0.08667, 11.05000
-0.12558, 11.06000
-0.18875, 11.07000
-0.04593, 11.08000
-0.21484, 11.09000
-0.09033, 11.10000
-0.12482, 11.11000
-0.18570, 11.12000
-0.04471, 11.13000
-0.21515, 11.14000
-0.08530, 11.15000
-0.12939, 11.16000
-0.18921, 11.17000
-0.04608, 11.18000
-0.21744, 11.19000
-0.08514, 11.20000
-0.11139, 11.21000
-0.18875, 11.22000
-0.04822, 11.23000
-0.21744, 11.24000
-0.09094, 11.25000
-0.13214, 11.26000
-0.18463, 11.27000
-0.04791, 11.28000
-0.21881, 11.29000
-0.09216, 11.30000
-0.13123, 11.31000
-0.19257, 11.32000
-0.04776, 11.33000
-0.21851, 11.34000
-0.09842, 11.35000
-0.13519, 11.36000
-0.19257, 11.37000
-0.05035, 11.38000
-0.22018, 11.39000
-0.09659, 11.40000
-0.13260, 11.41000
-0.19547, 11.42000
-0.04974, 11.43000
-0.22018, 11.44000
-0.08926, 11.45000
-0.13672, 11.46000
-0.19608, 11.47000
-0.05219, 11.48000
-0.22125, 11.49000
-0.09567, 11.50000
-0.14450, 11.51000
-0.19577, 11.52000
-0.05264, 11.53000
-0.22324, 11.54000
-0.08926, 11.55000
-0.14572, 11.56000
-0.19150, 11.57000
-0.05356, 11.58000
-0.22232, 11.59000
-0.09995, 11.60000
-0.13733, 11.61000
-0.19760, 11.62000
-0.05554, 11.63000
-0.22385, 11.64000
-0.09933, 11.65000
-0.13535, 11.66000
-0.19485, 11.67000
-0.05676, 11.68000
-0.22629, 11.69000
-0.09186, 11.70000
-0.13916, 11.71000
-0.19928, 11.72000
-0.05630, 11.73000
-0.22629, 11.74000
-0.09201, 11.75000
-0.13947, 11.76000
-0.19501, 11.77000
-0.05661, 11.78000
-0.22507, 11.79000
-0.10208, 11.80000
-0.14832, 11.81000
-0.19531, 11.82000
-0.05737, 11.83000
-0.22781, 11.84000
-0.10193, 11.85000
-0.12970, 11.86000
-0.20096, 11.87000
-0.05936, 11.88000
-0.22919, 11.89000
-0.10513, 11.90000
-0.15167, 11.91000
-0.20264, 11.92000
-0.06088, 11.93000
-0.23010, 11.94000
-0.09979, 11.95000
-0.14130, 11.96000
-0.20599, 11.97000
-0.06104, 11.98000
-0.23026, 11.99000
-0.10757, 12.00000
-0.14923, 12.01000
-0.20035, 12.02000
-0.06195, 12.03000
-0.23010, 12.04000
-0.10132, 12.05000
-0.14679, 12.06000
-0.20233, 12.07000
-0.06195, 12.08000
-0.23178, 12.09000
-0.10605, 12.10000
-0.15259, 12.11000
-0.20126, 12.12000
-0.06271, 12.13000
-0.23300, 12.14000
-0.09781, 12.15000
-0.14786, 12.16000
-0.20630, 12.17000
-0.06607, 12.18000
-0.23483, 12.19000
-0.11169, 12.20000
-0.15762, 12.21000
-0.20782, 12.22000
-0.06546, 12.23000
-0.23270, 12.24000
-0.10574, 12.25000
-0.15060, 12.26000
-0.20935, 12.27000
-0.06699, 12.28000
-0.23605, 12.29000
-0.10239, 12.30000
-0.16342, 12.31000
-0.20645, 12.32000
-0.06821, 12.33000
-0.23666, 12.34000
-0.10376, 12.35000
-0.15350, 12.36000
-0.21027, 12.37000
-0.06927, 12.38000
-0.23712, 12.39000
-0.11124, 12.40000
-0.14938, 12.41000
-0.20691, 12.42000
-0.07050, 12.43000
-0.23880, 12.44000
-0.10345, 12.45000
-0.16266, 12.46000
-0.21194, 12.47000
-0.07202, 12.48000
-0.23804, 12.49000
-0.11230, 12.50000
-0.13535, 12.51000
-0.20737, 12.52000
-0.07202, 12.53000
-0.24033, 12.54000
-0.11307, 12.55000
-0.15839, 12.56000
-0.20691, 12.57000
-0.07126, 12.58000
-0.24124, 12.59000
-0.10529, 12.60000
-0.16815, 12.61000
-0.20935, 12.62000
-0.07324, 12.63000
-0.24124, 12.64000
-0.11719, 12.65000
-0.16266, 12.66000
-0.21271, 12.67000
-0.07416, 12.68000
-0.24323, 12.69000
-0.11124, 12.70000
-0.16998, 12.71000
-0.21591, 12.72000
-0.07751, 12.73000
-0.24384, 12.74000
-0.11337, 12.75000
-0.16525, 12.76000
-0.21561, 12.77000
-0.07721, 12.78000
-0.24338, 12.79000
-0.11078, 12.80000
-0.16113, 12.81000
-0.21790, 12.82000
-0.07843, 12.83000
-0.24536, 12.84000
-0.10971, 12.85000
-0.16891, 12.86000
-0.21774, 12.87000
-0.07675, 12.88000
-0.24719, 12.89000
-0.11520, 12.90000
-0.17044, 12.91000
-0.21347, 12.92000
-0.08041, 12.93000
-0.24841, 12.94000
-0.11871, 12.95000
-0.17914, 12.96000
-0.21805, 12.97000
-0.08331, 12.98000
-0.25055, 12.99000
-0.12085, 13.00000
-0.17639, 13.01000
-0.22324, 13.02000
-0.08423, 13.03000
-0.25146, 13.04000
-0.11765, 13.05000
-0.17380, 13.06000
-0.21912, 13.07000
-0.08392, 13.08000
-0.25192, 13.09000
-0.11292, 13.10000
-0.18127, 13.11000
-0.21347, 13.12000
-0.08789, 13.13000
-0.25406, 13.14000
-0.12192, 13.15000
-0.15182, 13.16000
-0.22156, 13.17000
-0.08881, 13.18000
-0.25681, 13.19000
-0.11978, 13.20000
-0.17593, 13.21000
-0.23041, 13.22000
-0.08911, 13.23000
-0.26047, 13.24000
-0.12024, 13.25000
-0.18204, 13.26000
-0.22675, 13.27000
-0.09384, 13.28000
-0.26382, 13.29000
-0.15091, 13.30000
-0.18738, 13.31000
-0.23483, 13.32000
-0.09872, 13.33000
-0.26794, 13.34000
-0.13748, 13.35000
-0.19028, 13.36000
-0.24277, 13.37000
-0.10193, 13.38000
-0.27161, 13.39000
-0.14771, 13.40000
-0.19897, 13.41000
-0.24368, 13.42000
-0.10651, 13.43000
-0.27481, 13.44000
-0.14053, 13.45000
-0.20721, 13.46000
-0.25116, 13.47000
-0.10956, 13.48000
-0.27893, 13.49000
-0.15091, 13.50000
-0.21484, 13.51000
-0.25101, 13.52000
-0.11993, 13.53000
-0.28778, 13.54000
-0.16068, 13.55000
-0.21439, 13.56000
-0.26459, 13.57000
-0.13229, 13.58000
-0.30029, 13.59000
-0.16861, 13.60000
-0.23758, 13.61000
-0.28229, 13.62000
-0.14694, 13.63000
-0.31784, 13.64000
-0.18723, 13.65000
-0.25208, 13.66000
-0.30380, 13.67000
-0.17365, 13.68000
-0.34683, 13.69000
-0.22110, 13.70000
-0.28519, 13.71000
-0.33310, 13.72000
-0.21179, 13.73000
-0.39154, 13.74000
-0.26550, 13.75000
-0.33508, 13.76000
-0.39200, 13.77000
-0.27802, 13.78000
-0.45914, 13.79000
-0.33737, 13.80000
-0.39200, 13.81000
-0.47607, 13.82000
-0.36087, 13.83000
-0.54535, 13.84000
-0.42374, 13.85000
-0.50018, 13.86000
-0.56702, 13.87000
-0.46051, 13.88000
-0.62515, 13.89000
-0.47745, 13.90000
-0.59555, 13.91000
-0.58853, 13.92000
-0.51559, 13.93000
-0.67093, 13.94000
-0.51758, 13.95000
-0.62668, 13.96000
-0.60822, 13.97000
-0.52216, 13.98000
-0.67200, 13.99000
-0.51132, 14.00000
-0.61935, 14.01000
-0.59113, 14.02000
-0.50095, 14.03000
-0.64087, 14.04000
-0.47791, 14.05000
-0.58014, 14.06000
-0.55466, 14.07000
-0.45059, 14.08000
-0.59677, 14.09000
-0.43350, 14.10000
-0.53009, 14.11000
-0.50354, 14.12000
-0.41382, 14.13000
-0.55527, 14.14000
-0.39368, 14.15000
-0.50049, 14.16000
-0.46371, 14.17000
-0.37674, 14.18000
-0.51849, 14.19000
-0.36072, 14.20000
-0.45898, 14.21000
-0.44159, 14.22000
-0.35049, 14.23000
-0.49179, 14.24000
-0.33432, 14.25000
-0.43900, 14.26000
-0.41840, 14.27000
-0.32608, 14.28000
-0.47195, 14.29000
-0.31204, 14.30000
-0.42267, 14.31000
-0.39871, 14.32000
-0.31448, 14.33000
-0.45700, 14.34000
-0.29617, 14.35000
-0.41092, 14.36000
-0.38788, 14.37000
-0.30594, 14.38000
-0.45044, 14.39000
-0.29755, 14.40000
-0.40146, 14.41000
-0.38818, 14.42000
-0.30655, 14.43000
-0.45288, 14.44000
-0.30045, 14.45000
-0.39322, 14.46000
-0.39063, 14.47000
-0.31464, 14.48000
-0.47058, 14.49000
-0.31601, 14.50000
-0.43808, 14.51000
-0.42465, 14.52000
-0.34195, 14.53000
-0.50171, 14.54000
-0.35538, 14.55000
-0.47226, 14.56000
-0.45624, 14.57000
-0.38467, 14.58000
-0.54092, 14.59000
-0.39230, 14.60000
-0.51041, 14.61000
-0.50323, 14.62000
-0.42145, 14.63000
-0.57800, 14.64000
-0.42618, 14.65000
-0.53802, 14.66000
-0.52628, 14.67000
-0.44571, 14.68000
-0.59525, 14.69000
-0.44357, 14.70000
-0.55435, 14.71000
-0.53436, 14.72000
-0.44708, 14.73000
-0.59235, 14.74000
-0.43594, 14.75000
-0.53909, 14.76000
-0.52414, 14.77000
-0.43579, 14.78000
-0.57693, 14.79000
-0.41885, 14.80000
-0.53085, 14.81000
-0.50446, 14.82000
-0.41977, 14.83000
-0.56000, 14.84000
-0.40024, 14.85000
-0.50705, 14.86000
-0.48599, 14.87000
-0.40436, 14.88000
-0.54901, 14.89000
-0.39154, 14.90000
-0.49591, 14.91000
-0.48248, 14.92000
-0.40009, 14.93000
-0.54459, 14.94000
-0.38498, 14.95000
-0.49347, 14.96000
-0.48065, 14.97000
-0.39337, 14.98000
-0.54413, 14.99000
-0.38635, 15.00000
-0.50385, 15.01000
-0.46951, 15.02000
-0.39261, 15.03000
-0.54077, 15.04000
-0.38651, 15.05000
-0.49744, 15.06000
-0.46570, 15.07000
-0.38925, 15.08000
-0.53162, 15.09000
-0.37384, 15.10000
-0.47012, 15.11000
-0.46097, 15.12000
-0.37994, 15.13000
-0.51987, 15.14000
-0.36453, 15.15000
-0.47577, 15.16000
-0.44708, 15.17000
-0.36423, 15.18000
-0.50842, 15.19000
-0.34882, 15.20000
-0.45990, 15.21000
-0.44006, 15.22000
-0.35583, 15.23000
-0.49789, 15.24000
-0.33752, 15.25000
-0.45914, 15.26000
-0.42999, 15.27000
-0.34088, 15.28000
-0.48782, 15.29000
-0.32913, 15.30000
-0.43823, 15.31000
-0.42007, 15.32000
-0.33661, 15.33000
-0.47607, 15.34000
-0.32013, 15.35000
-0.43411, 15.36000
-0.40619, 15.37000
-0.32364, 15.38000
-0.46661, 15.39000
-0.30655, 15.40000
-0.41656, 15.41000
-0.39246, 15.42000
-0.31403, 15.43000
-0.45547, 15.44000
-0.29877, 15.45000
-0.40359, 15.46000
-0.38254, 15.47000
-0.29999, 15.48000
-0.44769, 15.49000
-0.28885, 15.50000
-0.39581, 15.51000
-0.37903, 15.52000
-0.29724, 15.53000
-0.44098, 15.54000
-0.28397, 15.55000
-0.38895, 15.56000
-0.37125, 15.57000
-0.28976, 15.58000
-0.43564, 15.59000
-0.27863, 15.60000
-0.38757, 15.61000
-0.37033, 15.62000
-0.27939, 15.63000
-0.43167, 15.64000
-0.27512, 15.65000
-0.39154, 15.66000
-0.36530, 15.67000
-0.28214, 15.68000
-0.42938, 15.69000
-0.27634, 15.70000
-0.37979, 15.71000
-0.36469, 15.72000
-0.27725, 15.73000
-0.42816, 15.74000
-0.27206, 15.75000
-0.36316, 15.76000
-0.35690, 15.77000
-0.27969, 15.78000
-0.42511, 15.79000
-0.27130, 15.80000
-0.38803, 15.81000
-0.35995, 15.82000
-0.28137, 15.83000
-0.42465, 15.84000
-0.26947, 15.85000
-0.39368, 15.86000
-0.36118, 15.87000
-0.27985, 15.88000
-0.42313, 15.89000
-0.26810, 15.90000
-0.38361, 15.91000
-0.35172, 15.92000
-0.27878, 15.93000
-0.42374, 15.94000
-0.26749, 15.95000
-0.38040, 15.96000
-0.35095, 15.97000
-0.28122, 15.98000
-0.42450, 15.99000
-0.26886, 16.00000
-0.38116, 16.01000
-0.35187, 16.02000
-0.28000, 16.03000
-0.42236, 16.04000
-0.26825, 16.05000
-0.37750, 16.06000
-0.35660, 16.07000
-0.28275, 16.08000
-0.42496, 16.09000
-0.26947, 16.10000
-0.37613, 16.11000
-0.35263, 16.12000
-0.27893, 16.13000
-0.42557, 16.14000
-0.27313, 16.15000
-0.37903, 16.16000
-0.36270, 16.17000
-0.28519, 16.18000
-0.42816, 16.19000
-0.27359, 16.20000
-0.38742, 16.21000
-0.36102, 16.22000
-0.28366, 16.23000
-0.42923, 16.24000
-0.27740, 16.25000
-0.39993, 16.26000
-0.35812, 16.27000
-0.28397, 16.28000
-0.43427, 16.29000
-0.27924, 16.30000
-0.39749, 16.31000
-0.37125, 16.32000
-0.29343, 16.33000
-0.43869, 16.34000
-0.28793, 16.35000
-0.40573, 16.36000
-0.37857, 16.37000
-0.30060, 16.38000
-0.44617, 16.39000
-0.29465, 16.40000
-0.39719, 16.41000
-0.38101, 16.42000
-0.31311, 16.43000
-0.45654, 16.44000
-0.30548, 16.45000
-0.42709, 16.46000
-0.40039, 16.47000
-0.32913, 16.48000
-0.47409, 16.49000
-0.32288, 16.50000
-0.44113, 16.51000
-0.42114, 16.52000
-0.35126, 16.53000
-0.49774, 16.54000
-0.35019, 16.55000
-0.46082, 16.56000
-0.44678, 16.57000
-0.37857, 16.58000
-0.53360, 16.59000
-0.38315, 16.60000
-0.50613, 16.61000
-0.48798, 16.62000
-0.41489, 16.63000
-0.56808, 16.64000
-0.41916, 16.65000
-0.53711, 16.66000
-0.51254, 16.67000
-0.44830, 16.68000
-0.59769, 16.69000
-0.44769, 16.70000
-0.56290, 16.71000
-0.54230, 16.72000
-0.46707, 16.73000
-0.61661, 16.74000
-0.46631, 16.75000
-0.57724, 16.76000
-0.55725, 16.77000
-0.48050, 16.78000
-0.62820, 16.79000
-0.47577, 16.80000
-0.58792, 16.81000
-0.57175, 16.82000
-0.48813, 16.83000
-0.63629, 16.84000
-0.48218, 16.85000
-0.59784, 16.86000
-0.57007, 16.87000
-0.49789, 16.88000
-0.64255, 16.89000
-0.48340, 16.90000
-0.60410, 16.91000
-0.58060, 16.92000
-0.49713, 16.93000
-0.64438, 16.94000
-0.48981, 16.95000
-0.60089, 16.96000
-0.57053, 16.97000
-0.49698, 16.98000
-0.63965, 16.99000
-0.48706, 17.00000
-0.60043, 17.01000
-0.56137, 17.02000
-0.48386, 17.03000
-0.62897, 17.04000
-0.47028, 17.05000
-0.56641, 17.06000
-0.55237, 17.07000
-0.47501, 17.08000
-0.61172, 17.09000
-0.45654, 17.10000
-0.57068, 17.11000
-0.53757, 17.12000
-0.45441, 17.13000
-0.59189, 17.14000
-0.43167, 17.15000
-0.54031, 17.16000
-0.51270, 17.17000
-0.43152, 17.18000
-0.57068, 17.19000
-0.41092, 17.20000
-0.53391, 17.21000
-0.49469, 17.22000
-0.41367, 17.23000
-0.55161, 17.24000
-0.39429, 17.25000
-0.50354, 17.26000
-0.48065, 17.27000
-0.40009, 17.28000
-0.53970, 17.29000
-0.38437, 17.30000
-0.49774, 17.31000
-0.46494, 17.32000
-0.38895, 17.33000
-0.53421, 17.34000
-0.37781, 17.35000
-0.49179, 17.36000
-0.47073, 17.37000
-0.39642, 17.38000
-0.53726, 17.39000
-0.38300, 17.40000
-0.49805, 17.41000
-0.48065, 17.42000
-0.40375, 17.43000
-0.54932, 17.44000
-0.39505, 17.45000
-0.51270, 17.46000
-0.49103, 17.47000
-0.42313, 17.48000
-0.56747, 17.49000
-0.41367, 17.50000
-0.52795, 17.51000
-0.50522, 17.52000
-0.43747, 17.53000
-0.58853, 17.54000
-0.43442, 17.55000
-0.55237, 17.56000
-0.53513, 17.57000
-0.45761, 17.58000
-0.60730, 17.59000
-0.45486, 17.60000
-0.56900, 17.61000
-0.54245, 17.62000
-0.47226, 17.63000
-0.61752, 17.64000
-0.46341, 17.65000
-0.57755, 17.66000
-0.55069, 17.67000
-0.47958, 17.68000
-0.62027, 17.69000
-0.46173, 17.70000
-0.55756, 17.71000
-0.55710, 17.72000
-0.47256, 17.73000
-0.61661, 17.74000
-0.45715, 17.75000
-0.57510, 17.76000
-0.54688, 17.77000
-0.47073, 17.78000
-0.61050, 17.79000
-0.45609, 17.80000
-0.56580, 17.81000
-0.54672, 17.82000
-0.46432, 17.83000
-0.60806, 17.84000
-0.45486, 17.85000
-0.56717, 17.86000
-0.54047, 17.87000
-0.46371, 17.88000
-0.60699, 17.89000
-0.45303, 17.90000
-0.56503, 17.91000
-0.54535, 17.92000
-0.46600, 17.93000
-0.61142, 17.94000
-0.45639, 17.95000
-0.57205, 17.96000
-0.54108, 17.97000
-0.46753, 17.98000
-0.61356, 17.99000
-0.45578, 18.00000
-0.57587, 18.01000
-0.54993, 18.02000
-0.47409, 18.03000
-0.61600, 18.04000
-0.46066, 18.05000
-0.57846, 18.06000
-0.55023, 18.07000
-0.47592, 18.08000
-0.61783, 18.09000
-0.45990, 18.10000
-0.57693, 18.11000
-0.54947, 18.12000
-0.47379, 18.13000
-0.61707, 18.14000
-0.46417, 18.15000
-0.57953, 18.16000
-0.54352, 18.17000
-0.47470, 18.18000
-0.61859, 18.19000
-0.46494, 18.20000
-0.58762, 18.21000
-0.55084, 18.22000
-0.47607, 18.23000
-0.61905, 18.24000
-0.46631, 18.25000
-0.57800, 18.26000
-0.55054, 18.27000
-0.47943, 18.28000
-0.62073, 18.29000
-0.46722, 18.30000
-0.59402, 18.31000
-0.55450, 18.32000
-0.48065, 18.33000
-0.62424, 18.34000
-0.46799, 18.35000
-0.57419, 18.36000
-0.55832, 18.37000
-0.48355, 18.38000
-0.62790, 18.39000
-0.47409, 18.40000
-0.60181, 18.41000
-0.56290, 18.42000
-0.48981, 18.43000
-0.63278, 18.44000
-0.47546, 18.45000
-0.59494, 18.46000
-0.57175, 18.47000
-0.49240, 18.48000
-0.63782, 18.49000
-0.47943, 18.50000
-0.60211, 18.51000
-0.56763, 18.52000
-0.50003, 18.53000
-0.64499, 18.54000
-0.48737, 18.55000
-0.60730, 18.56000
-0.57587, 18.57000
-0.50537, 18.58000
-0.64957, 18.59000
-0.49637, 18.60000
-0.60699, 18.61000
-0.58395, 18.62000
-0.51544, 18.63000
-0.65613, 18.64000
-0.50034, 18.65000
-0.62256, 18.66000
-0.59265, 18.67000
-0.51910, 18.68000
-0.66452, 18.69000
-0.50583, 18.70000
-0.62012, 18.71000
-0.60043, 18.72000
-0.52322, 18.73000
-0.66986, 18.74000
-0.51178, 18.75000
-0.63461, 18.76000
-0.60150, 18.77000
-0.53299, 18.78000
-0.67566, 18.79000
-0.52551, 18.80000
-0.63171, 18.81000
-0.60867, 18.82000
-0.54398, 18.83000
-0.68008, 18.84000
-0.52704, 18.85000
-0.64804, 18.86000
-0.60944, 18.87000
-0.53635, 18.88000
-0.68649, 18.89000
-0.53314, 18.90000
-0.65521, 18.91000
-0.62378, 18.92000
-0.54810, 18.93000
-0.69321, 18.94000
-0.53818, 18.95000
-0.66269, 18.96000
-0.62759, 18.97000
-0.55908, 18.98000
-0.69839, 18.99000
-0.54398, 19.00000
-0.64804, 19.01000
-0.63431, 19.02000
-0.56061, 19.03000
-0.70282, 19.04000
-0.54764, 19.05000
-0.66483, 19.06000
-0.64072, 19.07000
-0.56793, 19.08000
-0.70801, 19.09000
-0.55344, 19.10000
-0.68390, 19.11000
-0.64240, 19.12000
-0.57144, 19.13000
-0.71350, 19.14000
-0.55756, 19.15000
-0.67490, 19.16000
-0.65140, 19.17000
-0.57327, 19.18000
-0.71747, 19.19000
-0.55923, 19.20000
-0.67978, 19.21000
-0.64972, 19.22000
-0.58105, 19.23000
-0.72250, 19.24000
-0.56244, 19.25000
-0.68970, 19.26000
-0.65659, 19.27000
-0.58258, 19.28000
-0.72678, 19.29000
-0.57022, 19.30000
-0.69763, 19.31000
-0.65231, 19.32000
-0.58502, 19.33000
-0.72983, 19.34000
-0.57495, 19.35000
-0.68726, 19.36000
-0.66498, 19.37000
-0.59280, 19.38000
-0.73578, 19.39000
-0.57693, 19.40000
-0.69489, 19.41000
-0.67276, 19.42000
-0.59906, 19.43000
-0.73975, 19.44000
-0.58365, 19.45000
-0.71472, 19.46000
-0.67307, 19.47000
-0.60287, 19.48000
-0.74463, 19.49000
-0.58838, 19.50000
-0.70435, 19.51000
-0.67703, 19.52000
-0.60272, 19.53000
-0.74768, 19.54000
-0.59204, 19.55000
-0.71167, 19.56000
-0.67856, 19.57000
-0.60791, 19.58000
-0.75272, 19.59000
-0.59189, 19.60000
-0.72800, 19.61000
-0.68970, 19.62000
-0.61417, 19.63000
-0.75699, 19.64000
-0.60242, 19.65000
-0.70190, 19.66000
-0.68253, 19.67000
-0.62469, 19.68000
-0.76141, 19.69000
-0.60928, 19.70000
-0.72418, 19.71000
-0.68771, 19.72000
-0.61920, 19.73000
-0.76599, 19.74000
-0.61249, 19.75000
-0.73257, 19.76000
-0.69153, 19.77000
-0.62622, 19.78000
-0.77011, 19.79000
-0.61722, 19.80000
-0.73380, 19.81000
-0.69443, 19.82000
-0.63110, 19.83000
-0.77316, 19.84000
-0.62042, 19.85000
-0.73792, 19.86000
-0.71548, 19.87000
-0.63461, 19.88000
-0.77881, 19.89000
-0.62378, 19.90000
-0.74402, 19.91000
-0.71304, 19.92000
-0.64285, 19.93000
-0.78064, 19.94000
-0.62653, 19.95000
-0.74615, 19.96000
-0.70724, 19.97000
-0.64682, 19.98000
-0.78674, 19.99000
-0.62775, 20.00000
-0.75409, 20.01000
-0.72128, 20.02000
-0.65048, 20.03000
-0.78995, 20.04000
-0.63080, 20.05000
-0.76813, 20.06000
-0.72449, 20.07000
-0.65002, 20.08000
-0.79422, 20.09000
-0.64072, 20.10000
-0.75546, 20.11000
-0.72830, 20.12000
-0.65689, 20.13000
-0.79926, 20.14000
-0.64133, 20.15000
-0.77728, 20.16000
-0.72861, 20.17000
-0.65948, 20.18000
-0.80215, 20.19000
-0.64560, 20.20000
-0.77988, 20.21000
-0.73639, 20.22000
-0.66422, 20.23000
-0.80612, 20.24000
-0.64911, 20.25000
-0.77072, 20.26000
-0.73044, 20.27000
-0.67047, 20.28000
-0.81177, 20.29000
-0.65506, 20.30000
-0.75745, 20.31000
-0.74265, 20.32000
-0.67200, 20.33000
-0.81528, 20.34000
-0.65659, 20.35000
-0.77545, 20.36000
-0.74890, 20.37000
-0.67886, 20.38000
-0.82001, 20.39000
-0.66315, 20.40000
-0.77805, 20.41000
-0.74585, 20.42000
-0.67932, 20.43000
-0.82352, 20.44000
-0.66833, 20.45000
-0.79590, 20.46000
-0.75729, 20.47000
-0.68146, 20.48000
-0.82886, 20.49000
-0.67276, 20.50000
-0.79376, 20.51000
-0.75592, 20.52000
-0.68878, 20.53000
-0.83084, 20.54000
-0.67825, 20.55000
-0.79742, 20.56000
-0.76294, 20.57000
-0.69351, 20.58000
-0.83435, 20.59000
-0.68100, 20.60000
-0.80139, 20.61000
-0.76721, 20.62000
-0.70053, 20.63000
-0.83954, 20.64000
-0.68253, 20.65000
-0.80978, 20.66000
-0.76935, 20.67000
-0.70007, 20.68000
-0.84396, 20.69000
-0.68787, 20.70000
-0.80307, 20.71000
-0.78018, 20.72000
-0.70663, 20.73000
-0.84732, 20.74000
-0.69168, 20.75000
-0.81161, 20.76000
-0.77881, 20.77000
-0.70908, 20.78000
-0.85114, 20.79000
-0.69458, 20.80000
-0.81543, 20.81000
-0.78445, 20.82000
-0.71442, 20.83000
-0.85617, 20.84000
-0.69946, 20.85000
-0.80887, 20.86000
-0.78598, 20.87000
-0.71915, 20.88000
-0.85861, 20.89000
-0.70084, 20.90000
-0.82565, 20.91000
-0.79239, 20.92000
-0.72128, 20.93000
-0.86441, 20.94000
-0.70648, 20.95000
-0.81268, 20.96000
-0.79605, 20.97000
-0.72556, 20.98000
-0.86823, 20.99000
-0.71625, 21.00000
-0.83359, 21.01000
-0.80200, 21.02000
-0.72571, 21.03000
-0.87250, 21.04000
-0.71747, 21.05000
-0.83832, 21.06000
-0.79849, 21.07000
-0.73181, 21.08000
-0.87585, 21.09000
-0.72006, 21.10000
-0.84198, 21.11000
-0.80811, 21.12000
-0.73624, 21.13000
-0.87936, 21.14000
-0.72479, 21.15000
-0.84549, 21.16000
-0.82108, 21.17000
-0.74066, 21.18000
-0.88211, 21.19000
-0.72586, 21.20000
-0.86365, 21.21000
-0.81406, 21.22000
-0.74326, 21.23000
-0.88852, 21.24000
-0.73334, 21.25000
-0.85983, 21.26000
-0.80780, 21.27000
-0.74875, 21.28000
-0.89218, 21.29000
-0.73532, 21.30000
-0.86594, 21.31000
-0.82443, 21.32000
-0.75348, 21.33000
-0.89600, 21.34000
-0.73685, 21.35000
-0.85892, 21.36000
-0.82733, 21.37000
-0.76050, 21.38000
-0.90012, 21.39000
-0.74081, 21.40000
-0.87631, 21.41000
-0.82779, 21.42000
-0.76401, 21.43000
-0.90469, 21.44000
-0.74387, 21.45000
-0.86823, 21.46000
-0.83572, 21.47000
-0.76202, 21.48000
-0.90622, 21.49000
-0.75211, 21.50000
-0.87448, 21.51000
-0.83176, 21.52000
-0.77057, 21.53000
-0.91354, 21.54000
-0.75623, 21.55000
-0.87662, 21.56000
-0.84473, 21.57000
-0.77591, 21.58000
-0.91614, 21.59000
-0.75790, 21.60000
-0.86975, 21.61000
-0.83817, 21.62000
-0.77789, 21.63000
-0.92133, 21.64000
-0.76797, 21.65000
-0.89294, 21.66000
-0.84625, 21.67000
-0.78201, 21.68000
-0.92468, 21.69000
-0.76416, 21.70000
-0.89447, 21.71000
-0.85007, 21.72000
-0.78857, 21.73000
-0.92957, 21.74000
-0.76859, 21.75000
-0.89630, 21.76000
-0.86273, 21.77000
-0.79224, 21.78000
-0.93323, 21.79000
-0.77576, 21.80000
-0.91461, 21.81000
-0.86029, 21.82000
-0.79575, 21.83000
-0.93735, 21.84000
-0.77606, 21.85000
-0.91827, 21.86000
-0.87051, 21.87000
-0.79865, 21.88000
-0.94101, 21.89000
-0.78339, 21.90000
-0.90942, 21.91000
-0.87006, 21.92000
-0.80673, 21.93000
-0.94635, 21.94000
-0.78598, 21.95000
-0.91797, 21.96000
-0.87067, 21.97000
-0.80704, 21.98000
-0.95001, 21.99000
-0.79208, 22.00000
-0.91309, 22.01000
-0.88028, 22.02000
-0.81146, 22.03000
-0.95444, 22.04000
-0.79712, 22.05000
-0.91385, 22.06000
-0.87830, 22.07000
-0.81390, 22.08000
-0.95871, 22.09000
-0.80002, 22.10000
-0.92514, 22.11000
-0.88989, 22.12000
-0.81665, 22.13000
-0.96283, 22.14000
-0.80582, 22.15000
-0.93079, 22.16000
-0.89081, 22.17000
-0.82367, 22.18000
-0.96695, 22.19000
-0.80872, 22.20000
-0.94330, 22.21000
-0.89493, 22.22000
-0.83115, 22.23000
-0.97031, 22.24000
-0.81299, 22.25000
-0.92148, 22.26000
-0.90485, 22.27000
-0.83344, 22.28000
-0.97534, 22.29000
-0.81833, 22.30000
-0.94727, 22.31000
-0.90195, 22.32000
-0.83847, 22.33000
-0.97855, 22.34000
-0.82016, 22.35000
-0.95016, 22.36000
-0.91843, 22.37000
-0.84427, 22.38000
-0.98373, 22.39000
-0.82672, 22.40000
-0.96542, 22.41000
-0.91415, 22.42000
-0.85419, 22.43000
-0.98785, 22.44000
-0.83267, 22.45000
-0.96786, 22.46000
-0.92117, 22.47000
-0.85205, 22.48000
-0.99350, 22.49000
-0.82993, 22.50000
-0.96268, 22.51000
-0.92697, 22.52000
-0.85632, 22.53000
-0.99716, 22.54000
-0.84045, 22.55000
-0.97092, 22.56000
-0.92010, 22.57000
-0.86075, 22.58000
-1.00174, 22.59000
-0.84335, 22.60000
-0.97305, 22.61000
-0.93140, 22.62000
-0.86288, 22.63000
-1.00555, 22.64000
-0.84930, 22.65000
-0.98114, 22.66000
-0.92590, 22.67000
-0.86792, 22.68000
-1.01059, 22.69000
-0.85052, 22.70000
-0.97534, 22.71000
-0.94131, 22.72000
-0.87494, 22.73000
-1.01563, 22.74000
-0.85617, 22.75000
-0.99609, 22.76000
-0.94467, 22.77000
-0.87555, 22.78000
-1.01959, 22.79000
-0.86166, 22.80000
-0.99838, 22.81000
-0.94025, 22.82000
-0.88165, 22.83000
-1.02539, 22.84000
-0.86777, 22.85000
-0.99594, 22.86000
-0.94894, 22.87000
-0.88623, 22.88000
-1.02783, 22.89000
-0.86929, 22.90000
-0.98175, 22.91000
-0.95795, 22.92000
-0.89386, 22.93000
-1.03424, 22.94000
-0.87906, 22.95000
-1.01395, 22.96000
-0.96695, 22.97000
-0.90271, 22.98000
-1.03760, 22.99000
-0.88074, 23.00000
-1.01059, 23.01000
-0.95886, 23.02000
-0.90179, 23.03000
-1.04248, 23.04000
-0.88715, 23.05000
-1.01654, 23.06000
-0.97458, 23.07000
-0.90851, 23.08000
-1.04828, 23.09000
-0.88791, 23.10000
-1.01715, 23.11000
-0.97473, 23.12000
-0.90988, 23.13000
-1.05225, 23.14000
-0.89340, 23.15000
-1.02615, 23.16000
-0.98557, 23.17000
-0.91690, 23.18000
-1.05698, 23.19000
-0.89798, 23.20000
-1.03867, 23.21000
-0.98618, 23.22000
-0.92453, 23.23000
-1.06201, 23.24000
-0.90286, 23.25000
-1.03149, 23.26000
-0.98953, 23.27000
-0.92636, 23.28000
-1.06674, 23.29000
-0.90698, 23.30000
-1.03836, 23.31000
-0.99701, 23.32000
-0.93414, 23.33000
-1.07239, 23.34000
-0.91507, 23.35000
-1.03683, 23.36000
-1.00067, 23.37000
-0.93994, 23.38000
-1.07727, 23.39000
-0.91919, 23.40000
-1.06171, 23.41000
-1.00891, 23.42000
-0.94101, 23.43000
-1.08215, 23.44000
-0.92468, 23.45000
-1.05988, 23.46000
-1.00418, 23.47000
-0.94467, 23.48000
-1.08643, 23.49000
-0.92743, 23.50000
-1.05194, 23.51000
-1.01654, 23.52000
-0.95276, 23.53000
-1.09177, 23.54000
-0.92941, 23.55000
-1.04828, 23.56000
-1.02295, 23.57000
-0.95490, 23.58000
-1.09619, 23.59000
-0.94208, 23.60000
-1.07147, 23.61000
-1.01776, 23.62000
-0.95749, 23.63000
-1.09909, 23.64000
-0.94391, 23.65000
-1.07239, 23.66000
-1.02356, 23.67000
-0.96451, 23.68000
-1.10489, 23.69000
-0.95062, 23.70000
-1.08566, 23.71000
-1.03851, 23.72000
-0.96985, 23.73000
-1.11038, 23.74000
-0.95184, 23.75000
-1.08704, 23.76000
-1.04355, 23.77000
-0.98251, 23.78000
-1.11542, 23.79000
-0.95871, 23.80000
-1.09650, 23.81000
-1.03516, 23.82000
-0.98068, 23.83000
-1.12030, 23.84000
-0.95917, 23.85000
-1.09543, 23.86000
-1.04507, 23.87000
-0.98663, 23.88000
-1.12534, 23.89000
-0.96878, 23.90000
-1.09802, 23.91000
-1.05453, 23.92000
-0.98969, 23.93000
-1.12915, 23.94000
-0.97275, 23.95000
-1.10031, 23.96000
-1.05576, 23.97000
-0.99533, 23.98000
-1.13434, 23.99000
-0.97610, 24.00000
-1.09863, 24.01000
-1.06155, 24.02000
-1.00143, 24.03000
-1.13937, 24.04000
-0.98145, 24.05000
-1.11221, 24.06000
-1.06583, 24.07000
-1.00052, 24.08000
-1.14700, 24.09000
-0.98770, 24.10000
-1.11603, 24.11000
-1.07147, 24.12000
-1.00937, 24.13000
-1.14899, 24.14000
-0.98999, 24.15000
-1.12793, 24.16000
-1.07407, 24.17000
-1.01395, 24.18000
-1.15540, 24.19000
-0.99548, 24.20000
-1.11191, 24.21000
-1.08459, 24.22000
-1.01974, 24.23000
-1.15997, 24.24000
-1.00601, 24.25000
-1.13373, 24.26000
-1.08887, 24.27000
-1.02295, 24.28000
-1.16409, 24.29000
-1.00693, 24.30000
-1.13373, 24.31000
-1.08917, 24.32000
-1.03027, 24.33000
-1.17096, 24.34000
-1.01120, 24.35000
-1.14090, 24.36000
-1.09894, 24.37000
-1.03424, 24.38000
-1.17584, 24.39000
-1.01822, 24.40000
-1.15204, 24.41000
-1.10336, 24.42000
-1.04675, 24.43000
-1.18103, 24.44000
-1.02203, 24.45000
-1.16257, 24.46000
-1.10580, 24.47000
-1.04263, 24.48000
-1.18607, 24.49000
-1.02600, 24.50000
-1.15707, 24.51000
-1.10565, 24.52000
-1.05621, 24.53000
-1.19125, 24.54000
-1.03027, 24.55000
-1.16394, 24.56000
-1.11649, 24.57000
-1.05621, 24.58000
-1.19507, 24.59000
-1.03973, 24.60000
-1.16806, 24.61000
-1.12717, 24.62000
-1.06247, 24.63000
-1.19888, 24.64000
-1.04340, 24.65000
-1.17737, 24.66000
-1.12228, 24.67000
-1.06369, 24.68000
-1.20453, 24.69000
-1.04599, 24.70000
-1.17645, 24.71000
-1.13037, 24.72000
-1.07040, 24.73000
-1.21002, 24.74000
-1.05057, 24.75000
-1.19614, 24.76000
-1.12930, 24.77000
-1.07468, 24.78000
-1.21567, 24.79000
-1.05576, 24.80000
-1.19308, 24.81000
-1.13251, 24.82000
-1.08261, 24.83000
-1.22025, 24.84000
-1.06033, 24.85000
-1.17264, 24.86000
-1.14700, 24.87000
-1.08749, 24.88000
-1.22498, 24.89000
-1.06400, 24.90000
-1.20422, 24.91000
-1.15433, 24.92000
-1.09100, 24.93000
-1.22940, 24.94000
-1.07300, 24.95000
-1.21063, 24.96000
-1.15601, 24.97000
-1.09436, 24.98000
-1.23581, 24.99000
-1.07559, 25.00000
