-0.06302, 0.01000
-0.21729, 0.02000
-0.05722, 0.03000
-0.19135, 0.04000
-0.13702, 0.05000
-0.07751, 0.06000
-0.21927, 0.07000
-0.05707, 0.08000
-0.18600, 0.09000
-0.14267, 0.10000
-0.08530, 0.11000
-0.21790, 0.12000
-0.05554, 0.13000
-0.18448, 0.14000
-0.14465, 0.15000
-0.08331, 0.16000
-0.22110, 0.17000
-0.05783, 0.18000
-0.19012, 0.19000
-0.17044, 0.20000
-0.07828, 0.21000
-0.22369, 0.22000
-0.05829, 0.23000
-0.18387, 0.24000
-0.14221, 0.25000
-0.08270, 0.26000
-0.22308, 0.27000
-0.06073, 0.28000
-0.19058, 0.29000
-0.14481, 0.30000
-0.07645, 0.31000
-0.22308, 0.32000
-0.05814, 0.33000
-0.18341, 0.34000
-0.15182, 0.35000
-0.07828, 0.36000
-0.22598, 0.37000
-0.06317, 0.38000
-0.18448, 0.39000
-0.15503, 0.40000
-0.07553, 0.41000
-0.22415, 0.42000
-0.06516, 0.43000
-0.18280, 0.44000
-0.15472, 0.45000
-0.07538, 0.46000
-0.22537, 0.47000
-0.06210, 0.48000
-0.18341, 0.49000
-0.15594, 0.50000
-0.07568, 0.51000
-0.22888, 0.52000
-0.06683, 0.53000
-0.19150, 0.54000
-0.15686, 0.55000
-0.07706, 0.56000
-0.22781, 0.57000
-0.06836, 0.58000
-0.18646, 0.59000
-0.16312, 0.60000
-0.08545, 0.61000
-0.23087, 0.62000
-0.06744, 0.63000
-0.19272, 0.64000
-0.16235, 0.65000
-0.07858, 0.66000
-0.23193, 0.67000
-0.06851, 0.68000
-0.18494, 0.69000
-0.15579, 0.70000
-0.08560, 0.71000
-0.23224, 0.72000
-0.07202, 0.73000
-0.18387, 0.74000
-0.16769, 0.75000
-0.07645, 0.76000
-0.23499, 0.77000
-0.06989, 0.78000
-0.18677, 0.79000
-0.16769, 0.80000
-0.07462, 0.81000
-0.23560, 0.82000
-0.07462, 0.83000
-0.19180, 0.84000
-0.18951, 0.85000
-0.07690, 0.86000
-0.23590, 0.87000
-0.07706, 0.88000
-0.19379, 0.89000
-0.17319, 0.90000
-0.08240, 0.91000
-0.23895, 0.92000
-0.07874, 0.93000
-0.18738, 0.94000
-0.17654, 0.95000
-0.07919, 0.96000
-0.23880, 0.97000
-0.08057, 0.98000
-0.19348, 0.99000
-0.16953, 1.00000
-0.08530, 1.01000
-0.24185, 1.02000
-0.07919, 1.03000
-0.18799, 1.04000
-0.17075, 1.05000
-0.08713, 1.06000
-0.24124, 1.07000
-0.08286, 1.08000
-0.17838, 1.09000
-0.17288, 1.10000
-0.08591, 1.11000
-0.24155, 1.12000
-0.08194, 1.13000
-0.18555, 1.14000
-0.18753, 1.15000
-0.08453, 1.16000
-0.24338, 1.17000
-0.08728, 1.18000
-0.18570, 1.19000
-0.17593, 1.20000
-0.08698, 1.21000
-0.24582, 1.22000
-0.08484, 1.23000
-0.18875, 1.24000
-0.17868, 1.25000
-0.07935, 1.26000
-0.24445, 1.27000
-0.08469, 1.28000
-0.18860, 1.29000
-0.18005, 1.30000
-0.08209, 1.31000
-0.24719, 1.32000
-0.09171, 1.33000
-0.19577, 1.34000
-0.19196, 1.35000
-0.08469, 1.36000
-0.24704, 1.37000
-0.08835, 1.38000
-0.18921, 1.39000
-0.18539, 1.40000
-0.08926, 1.41000
-0.25040, 1.42000
-0.09872, 1.43000
-0.19669, 1.44000
-0.19760, 1.45000
-0.08957, 1.46000
-0.25024, 1.47000
-0.09872, 1.48000
-0.19089, 1.49000
-0.20905, 1.50000
-0.08820, 1.51000
-0.25345, 1.52000
-0.10452, 1.53000
-0.18921, 1.54000
-0.20203, 1.55000
-0.08469, 1.56000
-0.25345, 1.57000
-0.09506, 1.58000
-0.19028, 1.59000
-0.19684, 1.60000
-0.08575, 1.61000
-0.25528, 1.62000
-0.10651, 1.63000
-0.19897, 1.64000
-0.19653, 1.65000
-0.08865, 1.66000
-0.25558, 1.67000
-0.10376, 1.68000
-0.19104, 1.69000
-0.21255, 1.70000
-0.08789, 1.71000
-0.25879, 1.72000
-0.10574, 1.73000
-0.19913, 1.74000
-0.20050, 1.75000
-0.08911, 1.76000
-0.26123, 1.77000
-0.10925, 1.78000
-0.19119, 1.79000
-0.21194, 1.80000
-0.09537, 1.81000
-0.25955, 1.82000
-0.11459, 1.83000
-0.19882, 1.84000
-0.21210, 1.85000
-0.09186, 1.86000
-0.26245, 1.87000
-0.11429, 1.88000
-0.19257, 1.89000
-0.21515, 1.90000
-0.09613, 1.91000
-0.26291, 1.92000
-0.11520, 1.93000
-0.19135, 1.94000
-0.21240, 1.95000
-0.09232, 1.96000
-0.26581, 1.97000
-0.11414, 1.98000
-0.20035, 1.99000
-0.21912, 2.00000
-0.09216, 2.01000
-0.26566, 2.02000
-0.12207, 2.03000
-0.19119, 2.04000
-0.21393, 2.05000
-0.09476, 2.06000
-0.26886, 2.07000
-0.12375, 2.08000
-0.20355, 2.09000
-0.21774, 2.10000
-0.10025, 2.11000
-0.26886, 2.12000
-0.12543, 2.13000
-0.20187, 2.14000
-0.23865, 2.15000
-0.09872, 2.16000
-0.27161, 2.17000
-0.11841, 2.18000
-0.20416, 2.19000
-0.22751, 2.20000
-0.09842, 2.21000
-0.27206, 2.22000
-0.12009, 2.23000
-0.19653, 2.24000
-0.22232, 2.25000
-0.10284, 2.26000
-0.27405, 2.27000
-0.13290, 2.28000
-0.20523, 2.29000
-0.22491, 2.30000
-0.10101, 2.31000
-0.27634, 2.32000
-0.13245, 2.33000
-0.20355, 2.34000
-0.23071, 2.35000
-0.10162, 2.36000
-0.27679, 2.37000
-0.13565, 2.38000
-0.19745, 2.39000
-0.22873, 2.40000
-0.10239, 2.41000
-0.27771, 2.42000
-0.13031, 2.43000
-0.19684, 2.44000
-0.23575, 2.45000
-0.10712, 2.46000
-0.28091, 2.47000
-0.14313, 2.48000
-0.19928, 2.49000
-0.23346, 2.50000
-0.10880, 2.51000
-0.28198, 2.52000
-0.13535, 2.53000
-0.20050, 2.54000
-0.24063, 2.55000
-0.10696, 2.56000
-0.28488, 2.57000
-0.14114, 2.58000
-0.20142, 2.59000
-0.23865, 2.60000
-0.10895, 2.61000
-0.28610, 2.62000
-0.14114, 2.63000
-0.20248, 2.64000
-0.24033, 2.65000
-0.10941, 2.66000
-0.28717, 2.67000
-0.14877, 2.68000
-0.21393, 2.69000
-0.24277, 2.70000
-0.11200, 2.71000
-0.28992, 2.72000
-0.16418, 2.73000
-0.21103, 2.74000
-0.24841, 2.75000
-0.11566, 2.76000
-0.28992, 2.77000
-0.15930, 2.78000
-0.20432, 2.79000
-0.26596, 2.80000
-0.11734, 2.81000
-0.29327, 2.82000
-0.16144, 2.83000
-0.20477, 2.84000
-0.25131, 2.85000
-0.11795, 2.86000
-0.29404, 2.87000
-0.16342, 2.88000
-0.20828, 2.89000
-0.25970, 2.90000
-0.11826, 2.91000
-0.29892, 2.92000
-0.16312, 2.93000
-0.21240, 2.94000
-0.25436, 2.95000
-0.12177, 2.96000
-0.29861, 2.97000
-0.16418, 2.98000
-0.20920, 2.99000
-0.26306, 3.00000
-0.12299, 3.01000
-0.30182, 3.02000
-0.16388, 3.03000
-0.20676, 3.04000
-0.26367, 3.05000
-0.12589, 3.06000
-0.30228, 3.07000
-0.16159, 3.08000
-0.21881, 3.09000
-0.26215, 3.10000
-0.12619, 3.11000
-0.30441, 3.12000
-0.17380, 3.13000
-0.20996, 3.14000
-0.26520, 3.15000
-0.12817, 3.16000
-0.30624, 3.17000
-0.17319, 3.18000
-0.21469, 3.19000
-0.27344, 3.20000
-0.12955, 3.21000
-0.30914, 3.22000
-0.17899, 3.23000
-0.21561, 3.24000
-0.26794, 3.25000
-0.13138, 3.26000
-0.31235, 3.27000
-0.17593, 3.28000
-0.22461, 3.29000
-0.27908, 3.30000
-0.13397, 3.31000
-0.31250, 3.32000
-0.18417, 3.33000
-0.21957, 3.34000
-0.27420, 3.35000
-0.13580, 3.36000
-0.31494, 3.37000
-0.18539, 3.38000
-0.22781, 3.39000
-0.27786, 3.40000
-0.13916, 3.41000
-0.31815, 3.42000
-0.18997, 3.43000
-0.22537, 3.44000
-0.29999, 3.45000
-0.14099, 3.46000
-0.32028, 3.47000
-0.19241, 3.48000
-0.23071, 3.49000
-0.28885, 3.50000
-0.14267, 3.51000
-0.32074, 3.52000
-0.18936, 3.53000
-0.23132, 3.54000
-0.29236, 3.55000
-0.14526, 3.56000
-0.32394, 3.57000
-0.19867, 3.58000
-0.22217, 3.59000
-0.29114, 3.60000
-0.14740, 3.61000
-0.32547, 3.62000
-0.19989, 3.63000
-0.22598, 3.64000
-0.30075, 3.65000
-0.15030, 3.66000
-0.32639, 3.67000
-0.20004, 3.68000
-0.22934, 3.69000
-0.29404, 3.70000
-0.15182, 3.71000
-0.33096, 3.72000
-0.20798, 3.73000
-0.23834, 3.74000
-0.29648, 3.75000
-0.15320, 3.76000
-0.33325, 3.77000
-0.21301, 3.78000
-0.22888, 3.79000
-0.30777, 3.80000
-0.15656, 3.81000
-0.33600, 3.82000
-0.21164, 3.83000
-0.23041, 3.84000
-0.30899, 3.85000
-0.15869, 3.86000
-0.33676, 3.87000
-0.20676, 3.88000
-0.23422, 3.89000
-0.31494, 3.90000
-0.16144, 3.91000
-0.33844, 3.92000
-0.21591, 3.93000
-0.24551, 3.94000
-0.30869, 3.95000
-0.16388, 3.96000
-0.33997, 3.97000
-0.21393, 3.98000
-0.23987, 3.99000
-0.32104, 4.00000
-0.16739, 4.01000
-0.34393, 4.02000
-0.22903, 4.03000
-0.23422, 4.04000
-0.31967, 4.05000
-0.16861, 4.06000
-0.34424, 4.07000
-0.22003, 4.08000
-0.24017, 4.09000
-0.33661, 4.10000
-0.17151, 4.11000
-0.34790, 4.12000
-0.22919, 4.13000
-0.23788, 4.14000
-0.33035, 4.15000
-0.17365, 4.16000
-0.34714, 4.17000
-0.22888, 4.18000
-0.24261, 4.19000
-0.32608, 4.20000
-0.17639, 4.21000
-0.34973, 4.22000
-0.23529, 4.23000
-0.24002, 4.24000
-0.33554, 4.25000
-0.17822, 4.26000
-0.35187, 4.27000
-0.23148, 4.28000
-0.25482, 4.29000
-0.33752, 4.30000
-0.18036, 4.31000
-0.35690, 4.32000
-0.24338, 4.33000
-0.24521, 4.34000
-0.34012, 4.35000
-0.18219, 4.36000
-0.35385, 4.37000
-0.23758, 4.38000
-0.24750, 4.39000
-0.34256, 4.40000
-0.18524, 4.41000
-0.36118, 4.42000
-0.24536, 4.43000
-0.24139, 4.44000
-0.34225, 4.45000
-0.18723, 4.46000
-0.36026, 4.47000
-0.25772, 4.48000
-0.24948, 4.49000
-0.34286, 4.50000
-0.18814, 4.51000
-0.36545, 4.52000
-0.24658, 4.53000
-0.24948, 4.54000
-0.35263, 4.55000
-0.19257, 4.56000
-0.36148, 4.57000
-0.25574, 4.58000
-0.25284, 4.59000
-0.35461, 4.60000
-0.19363, 4.61000
-0.36346, 4.62000
-0.25269, 4.63000
-0.25269, 4.64000
-0.35675, 4.65000
-0.19684, 4.66000
-0.36530, 4.67000
-0.25604, 4.68000
-0.26489, 4.69000
-0.36026, 4.70000
-0.19745, 4.71000
-0.35736, 4.72000
-0.25772, 4.73000
-0.26627, 4.74000
-0.36728, 4.75000
-0.19974, 4.76000
-0.36835, 4.77000
-0.26871, 4.78000
-0.24902, 4.79000
-0.36514, 4.80000
-0.20370, 4.81000
-0.36987, 4.82000
-0.26917, 4.83000
-0.25711, 4.84000
-0.36697, 4.85000
-0.20660, 4.86000
-0.37018, 4.87000
-0.27435, 4.88000
-0.25711, 4.89000
-0.36789, 4.90000
-0.20813, 4.91000
-0.37262, 4.92000
-0.28000, 4.93000
-0.25757, 4.94000
-0.37003, 4.95000
-0.21027, 4.96000
-0.38025, 4.97000
-0.28183, 4.98000
-0.26047, 4.99000
-0.37888, 5.00000
-0.21286, 5.01000
-0.38239, 5.02000
-0.28549, 5.03000
-0.27344, 5.04000
-0.37704, 5.05000
-0.21606, 5.06000
-0.37613, 5.07000
-0.28687, 5.08000
-0.26352, 5.09000
-0.38177, 5.10000
-0.21820, 5.11000
-0.38300, 5.12000
-0.28305, 5.13000
-0.27527, 5.14000
-0.37857, 5.15000
-0.21790, 5.16000
-0.38651, 5.17000
-0.28381, 5.18000
-0.27374, 5.19000
-0.38437, 5.20000
-0.22324, 5.21000
-0.38116, 5.22000
-0.29770, 5.23000
-0.27725, 5.24000
-0.38757, 5.25000
-0.22552, 5.26000
-0.37872, 5.27000
-0.29160, 5.28000
-0.27878, 5.29000
-0.38757, 5.30000
-0.22629, 5.31000
-0.38788, 5.32000
-0.30548, 5.33000
-0.27328, 5.34000
-0.39337, 5.35000
-0.22995, 5.36000
-0.38559, 5.37000
-0.29724, 5.38000
-0.28030, 5.39000
-0.40131, 5.40000
-0.23529, 5.41000
-0.38284, 5.42000
-0.30869, 5.43000
-0.27725, 5.44000
-0.39505, 5.45000
-0.23483, 5.46000
-0.38986, 5.47000
-0.31586, 5.48000
-0.27832, 5.49000
-0.40070, 5.50000
-0.23727, 5.51000
-0.39139, 5.52000
-0.31479, 5.53000
-0.28030, 5.54000
-0.40115, 5.55000
-0.24063, 5.56000
-0.39017, 5.57000
-0.31677, 5.58000
-0.28870, 5.59000
-0.40421, 5.60000
-0.24368, 5.61000
-0.38895, 5.62000
-0.31921, 5.63000
-0.28351, 5.64000
-0.40741, 5.65000
-0.24277, 5.66000
-0.39429, 5.67000
-0.32303, 5.68000
-0.28915, 5.69000
-0.41046, 5.70000
-0.24765, 5.71000
-0.39597, 5.72000
-0.32394, 5.73000
-0.28671, 5.74000
-0.41290, 5.75000
-0.24826, 5.76000
-0.39688, 5.77000
-0.32867, 5.78000
-0.28824, 5.79000
-0.41275, 5.80000
-0.25177, 5.81000
-0.39841, 5.82000
-0.32608, 5.83000
-0.29160, 5.84000
-0.41931, 5.85000
-0.25665, 5.86000
-0.40466, 5.87000
-0.33493, 5.88000
-0.29327, 5.89000
-0.41946, 5.90000
-0.25726, 5.91000
-0.40039, 5.92000
-0.33997, 5.93000
-0.30029, 5.94000
-0.42191, 5.95000
-0.26016, 5.96000
-0.40375, 5.97000
-0.34088, 5.98000
-0.29816, 5.99000
-0.42770, 6.00000
-0.26321, 6.01000
-0.40070, 6.02000
-0.34714, 6.03000
-0.30594, 6.04000
-0.43320, 6.05000
-0.26749, 6.06000
-0.40573, 6.07000
-0.34576, 6.08000
-0.30014, 6.09000
-0.43167, 6.10000
-0.26779, 6.11000
-0.40909, 6.12000
-0.35126, 6.13000
-0.30777, 6.14000
-0.43198, 6.15000
-0.27161, 6.16000
-0.40985, 6.17000
-0.35004, 6.18000
-0.30563, 6.19000
-0.43625, 6.20000
-0.27527, 6.21000
-0.41962, 6.22000
-0.35751, 6.23000
-0.30701, 6.24000
-0.43976, 6.25000
-0.27588, 6.26000
-0.41290, 6.27000
-0.35507, 6.28000
-0.31219, 6.29000
-0.44144, 6.30000
-0.27893, 6.31000
-0.41443, 6.32000
-0.36453, 6.33000
-0.31067, 6.34000
-0.44266, 6.35000
-0.28046, 6.36000
-0.41733, 6.37000
-0.37018, 6.38000
-0.31128, 6.39000
-0.44403, 6.40000
-0.28412, 6.41000
-0.42191, 6.42000
-0.36407, 6.43000
-0.31723, 6.44000
-0.44754, 6.45000
-0.28412, 6.46000
-0.41809, 6.47000
-0.37216, 6.48000
-0.32074, 6.49000
-0.45151, 6.50000
-0.28885, 6.51000
-0.42770, 6.52000
-0.36926, 6.53000
-0.31647, 6.54000
-0.45288, 6.55000
-0.29022, 6.56000
-0.42175, 6.57000
-0.37491, 6.58000
-0.32745, 6.59000
-0.45471, 6.60000
-0.29465, 6.61000
-0.42328, 6.62000
-0.37415, 6.63000
-0.31830, 6.64000
-0.45853, 6.65000
-0.29465, 6.66000
-0.42648, 6.67000
-0.38498, 6.68000
-0.31830, 6.69000
-0.46478, 6.70000
-0.29739, 6.71000
-0.42877, 6.72000
-0.37979, 6.73000
-0.32852, 6.74000
-0.46310, 6.75000
-0.30106, 6.76000
-0.43533, 6.77000
-0.39017, 6.78000
-0.32394, 6.79000
-0.46448, 6.80000
-0.30228, 6.81000
-0.43411, 6.82000
-0.39658, 6.83000
-0.33279, 6.84000
-0.46906, 6.85000
-0.30640, 6.86000
-0.43457, 6.87000
-0.39551, 6.88000
-0.32791, 6.89000
-0.47363, 6.90000
-0.30716, 6.91000
-0.43823, 6.92000
-0.39963, 6.93000
-0.32867, 6.94000
-0.47424, 6.95000
-0.31387, 6.96000
-0.44250, 6.97000
-0.39688, 6.98000
-0.33783, 6.99000
-0.47928, 7.00000
-0.31723, 7.01000
-0.44006, 7.02000
-0.40680, 7.03000
-0.34042, 7.04000
-0.48004, 7.05000
-0.31967, 7.06000
-0.43594, 7.07000
-0.41046, 7.08000
-0.33524, 7.09000
-0.48294, 7.10000
-0.31891, 7.11000
-0.45059, 7.12000
-0.41306, 7.13000
-0.33981, 7.14000
-0.48538, 7.15000
-0.32166, 7.16000
-0.43777, 7.17000
-0.40909, 7.18000
-0.34470, 7.19000
-0.48737, 7.20000
-0.32349, 7.21000
-0.45685, 7.22000
-0.42221, 7.23000
-0.33951, 7.24000
-0.48935, 7.25000
-0.32700, 7.26000
-0.44846, 7.27000
-0.41504, 7.28000
-0.34195, 7.29000
-0.49286, 7.30000
-0.33585, 7.31000
-0.45425, 7.32000
-0.41840, 7.33000
-0.34286, 7.34000
-0.49927, 7.35000
-0.33478, 7.36000
-0.45380, 7.37000
-0.42130, 7.38000
-0.35156, 7.39000
-0.49988, 7.40000
-0.33920, 7.41000
-0.45853, 7.42000
-0.43411, 7.43000
-0.34485, 7.44000
-0.50186, 7.45000
-0.34363, 7.46000
-0.45517, 7.47000
-0.43854, 7.48000
-0.35645, 7.49000
-0.50217, 7.50000
-0.34393, 7.51000
-0.46478, 7.52000
-0.44159, 7.53000
-0.35828, 7.54000
-0.50797, 7.55000
-0.34378, 7.56000
-0.46387, 7.57000
-0.44220, 7.58000
-0.36026, 7.59000
-0.51025, 7.60000
-0.34912, 7.61000
-0.46112, 7.62000
-0.44861, 7.63000
-0.35446, 7.64000
-0.51239, 7.65000
-0.34927, 7.66000
-0.46448, 7.67000
-0.45181, 7.68000
-0.35553, 7.69000
-0.51437, 7.70000
-0.35294, 7.71000
-0.46509, 7.72000
-0.44571, 7.73000
-0.35995, 7.74000
-0.51941, 7.75000
-0.36301, 7.76000
-0.47699, 7.77000
-0.45074, 7.78000
-0.36118, 7.79000
-0.51926, 7.80000
-0.36469, 7.81000
-0.46997, 7.82000
-0.46570, 7.83000
-0.37018, 7.84000
-0.52338, 7.85000
-0.36667, 7.86000
-0.48096, 7.87000
-0.46539, 7.88000
-0.36591, 7.89000
-0.52780, 7.90000
-0.36591, 7.91000
-0.48309, 7.92000
-0.47256, 7.93000
-0.36880, 7.94000
-0.52933, 7.95000
-0.37354, 7.96000
-0.46967, 7.97000
-0.46295, 7.98000
-0.37064, 7.99000
-0.53711, 8.00000
-0.37643, 8.01000
-0.48370, 8.02000
-0.47897, 8.03000
-0.37140, 8.04000
-0.53391, 8.05000
-0.37735, 8.06000
-0.48035, 8.07000
-0.47119, 8.08000
-0.37506, 8.09000
-0.53864, 8.10000
-0.38589, 8.11000
-0.49240, 8.12000
-0.47119, 8.13000
-0.37857, 8.14000
-0.53970, 8.15000
-0.38635, 8.16000
-0.48431, 8.17000
-0.48920, 8.18000
-0.38040, 8.19000
-0.54352, 8.20000
-0.39139, 8.21000
-0.49484, 8.22000
-0.49866, 8.23000
-0.38269, 8.24000
-0.54962, 8.25000
-0.38834, 8.26000
-0.49637, 8.27000
-0.49942, 8.28000
-0.38589, 8.29000
-0.55252, 8.30000
-0.39703, 8.31000
-0.49332, 8.32000
-0.49408, 8.33000
-0.39215, 8.34000
-0.55649, 8.35000
-0.40100, 8.36000
-0.49713, 8.37000
-0.50690, 8.38000
-0.39322, 8.39000
-0.55756, 8.40000
-0.40283, 8.41000
-0.49973, 8.42000
-0.49988, 8.43000
-0.39642, 8.44000
-0.56274, 8.45000
-0.41153, 8.46000
-0.50125, 8.47000
-0.50583, 8.48000
-0.39810, 8.49000
-0.56625, 8.50000
-0.41489, 8.51000
-0.50262, 8.52000
-0.52383, 8.53000
-0.40726, 8.54000
-0.57053, 8.55000
-0.41992, 8.56000
-0.51559, 8.57000
-0.52368, 8.58000
-0.40527, 8.59000
-0.57495, 8.60000
-0.41748, 8.61000
-0.50964, 8.62000
-0.52872, 8.63000
-0.40924, 8.64000
-0.58075, 8.65000
-0.42892, 8.66000
-0.50934, 8.67000
-0.52231, 8.68000
-0.41428, 8.69000
-0.58228, 8.70000
-0.42511, 8.71000
-0.51331, 8.72000
-0.52612, 8.73000
-0.41260, 8.74000
-0.58456, 8.75000
-0.43213, 8.76000
-0.50995, 8.77000
-0.53070, 8.78000
-0.41641, 8.79000
-0.58929, 8.80000
-0.43106, 8.81000
-0.51697, 8.82000
-0.54276, 8.83000
-0.41824, 8.84000
-0.59128, 8.85000
-0.44067, 8.86000
-0.52216, 8.87000
-0.53665, 8.88000
-0.42465, 8.89000
-0.59570, 8.90000
-0.45212, 8.91000
-0.53360, 8.92000
-0.54535, 8.93000
-0.42633, 8.94000
-0.59952, 8.95000
-0.44922, 8.96000
-0.53329, 8.97000
-0.55649, 8.98000
-0.43488, 8.99000
-0.60349, 9.00000
-0.45578, 9.01000
-0.54230, 9.02000
-0.55984, 9.03000
-0.43518, 9.04000
-0.60837, 9.05000
-0.45349, 9.06000
-0.53360, 9.07000
-0.56427, 9.08000
-0.44144, 9.09000
-0.61157, 9.10000
-0.46478, 9.11000
-0.53284, 9.12000
-0.56274, 9.13000
-0.44464, 9.14000
-0.61691, 9.15000
-0.46432, 9.16000
-0.54092, 9.17000
-0.57236, 9.18000
-0.44357, 9.19000
-0.61890, 9.20000
-0.46570, 9.21000
-0.55450, 9.22000
-0.57831, 9.23000
-0.44846, 9.24000
-0.62317, 9.25000
-0.47928, 9.26000
-0.54657, 9.27000
-0.57770, 9.28000
-0.45212, 9.29000
-0.62958, 9.30000
-0.48676, 9.31000
-0.55069, 9.32000
-0.58258, 9.33000
-0.45685, 9.34000
-0.63232, 9.35000
-0.48248, 9.36000
-0.55466, 9.37000
-0.58578, 9.38000
-0.45959, 9.39000
-0.63477, 9.40000
-0.48553, 9.41000
-0.55649, 9.42000
-0.59586, 9.43000
-0.46494, 9.44000
-0.63934, 9.45000
-0.50095, 9.46000
-0.56702, 9.47000
-0.59906, 9.48000
-0.46753, 9.49000
-0.64270, 9.50000
-0.50446, 9.51000
-0.56152, 9.52000
-0.59784, 9.53000
-0.47394, 9.54000
-0.64789, 9.55000
-0.50980, 9.56000
-0.57343, 9.57000
-0.60577, 9.58000
-0.47379, 9.59000
-0.65277, 9.60000
-0.50507, 9.61000
-0.57709, 9.62000
-0.61279, 9.63000
-0.48126, 9.64000
-0.65704, 9.65000
-0.52017, 9.66000
-0.57037, 9.67000
-0.61142, 9.68000
-0.48325, 9.69000
-0.66071, 9.70000
-0.51666, 9.71000
-0.57556, 9.72000
-0.61966, 9.73000
-0.48798, 9.74000
-0.66315, 9.75000
-0.52429, 9.76000
-0.57999, 9.77000
-0.62134, 9.78000
-0.49088, 9.79000
-0.66772, 9.80000
-0.53543, 9.81000
-0.58197, 9.82000
-0.62424, 9.83000
-0.49500, 9.84000
-0.67291, 9.85000
-0.53253, 9.86000
-0.58548, 9.87000
-0.63293, 9.88000
-0.49805, 9.89000
-0.67596, 9.90000
-0.54535, 9.91000
-0.59708, 9.92000
-0.63416, 9.93000
-0.50217, 9.94000
-0.67673, 9.95000
-0.54398, 9.96000
-0.59311, 9.97000
-0.64682, 9.98000
-0.50781, 9.99000
-0.68558, 10.00000
-0.55099, 10.01000
-0.60440, 10.02000
-0.65002, 10.03000
-0.51010, 10.04000
-0.68985, 10.05000
-0.55435, 10.06000
-0.60349, 10.07000
-0.64774, 10.08000
-0.51697, 10.09000
-0.69382, 10.10000
-0.55954, 10.11000
-0.60547, 10.12000
-0.65018, 10.13000
-0.51804, 10.14000
-0.69794, 10.15000
-0.55893, 10.16000
-0.61356, 10.17000
-0.66223, 10.18000
-0.52261, 10.19000
-0.70160, 10.20000
-0.57236, 10.21000
-0.62073, 10.22000
-0.66147, 10.23000
-0.52765, 10.24000
-0.70557, 10.25000
-0.57739, 10.26000
-0.62347, 10.27000
-0.66910, 10.28000
-0.53024, 10.29000
-0.71060, 10.30000
-0.57831, 10.31000
-0.62195, 10.32000
-0.66879, 10.33000
-0.53513, 10.34000
-0.71503, 10.35000
-0.58990, 10.36000
-0.62057, 10.37000
-0.68130, 10.38000
-0.53940, 10.39000
-0.71823, 10.40000
-0.58731, 10.41000
-0.62546, 10.42000
-0.67902, 10.43000
-0.54169, 10.44000
-0.72174, 10.45000
-0.59479, 10.46000
-0.63385, 10.47000
-0.68115, 10.48000
-0.54550, 10.49000
-0.72540, 10.50000
-0.59479, 10.51000
-0.63309, 10.52000
-0.69595, 10.53000
-0.55038, 10.54000
-0.72922, 10.55000
-0.60272, 10.56000
-0.63766, 10.57000
-0.69519, 10.58000
-0.55374, 10.59000
-0.72067, 10.60000
-0.60165, 10.61000
-0.63721, 10.62000
-0.70847, 10.63000
-0.55786, 10.64000
-0.73715, 10.65000
-0.61081, 10.66000
-0.64056, 10.67000
-0.70557, 10.68000
-0.56351, 10.69000
-0.74127, 10.70000
-0.61035, 10.71000
-0.64621, 10.72000
-0.71625, 10.73000
-0.56839, 10.74000
-0.74615, 10.75000
-0.61905, 10.76000
-0.64636, 10.77000
-0.71121, 10.78000
-0.57297, 10.79000
-0.75073, 10.80000
-0.62225, 10.81000
-0.65704, 10.82000
-0.72815, 10.83000
-0.57709, 10.84000
-0.75546, 10.85000
-0.62622, 10.86000
-0.65384, 10.87000
-0.72678, 10.88000
-0.57938, 10.89000
-0.75836, 10.90000
-0.63416, 10.91000
-0.66345, 10.92000
-0.73151, 10.93000
-0.58411, 10.94000
-0.76324, 10.95000
-0.63766, 10.96000
-0.66132, 10.97000
-0.73730, 10.98000
-0.58899, 10.99000
-0.76950, 11.00000
-0.63934, 11.01000
-0.67841, 11.02000
-0.73441, 11.03000
-0.59280, 11.04000
-0.77240, 11.05000
-0.64850, 11.06000
-0.67261, 11.07000
-0.75699, 11.08000
-0.59799, 11.09000
-0.77591, 11.10000
-0.65628, 11.11000
-0.67993, 11.12000
-0.74966, 11.13000
-0.60028, 11.14000
-0.77713, 11.15000
-0.65735, 11.16000
-0.67276, 11.17000
-0.76004, 11.18000
-0.60623, 11.19000
-0.78430, 11.20000
-0.66238, 11.21000
-0.67383, 11.22000
-0.75409, 11.23000
-0.60928, 11.24000
-0.77240, 11.25000
-0.66391, 11.26000
-0.68390, 11.27000
-0.76614, 11.28000
-0.61264, 11.29000
-0.79010, 11.30000
-0.67322, 11.31000
-0.67993, 11.32000
-0.77438, 11.33000
-0.61813, 11.34000
-0.79300, 11.35000
-0.67642, 11.36000
-0.69641, 11.37000
-0.77896, 11.38000
-0.62180, 11.39000
-0.79987, 11.40000
-0.68329, 11.41000
-0.69077, 11.42000
-0.77637, 11.43000
-0.62668, 11.44000
-0.80368, 11.45000
-0.69290, 11.46000
-0.68909, 11.47000
-0.78537, 11.48000
-0.63156, 11.49000
-0.80826, 11.50000
-0.69397, 11.51000
-0.69656, 11.52000
-0.79300, 11.53000
-0.63431, 11.54000
-0.81238, 11.55000
-0.69626, 11.56000
-0.70847, 11.57000
-0.79391, 11.58000
-0.63736, 11.59000
-0.80795, 11.60000
-0.70343, 11.61000
-0.70374, 11.62000
-0.80185, 11.63000
-0.64301, 11.64000
-0.82001, 11.65000
-0.70709, 11.66000
-0.70587, 11.67000
-0.80673, 11.68000
-0.64743, 11.69000
-0.81635, 11.70000
-0.70419, 11.71000
-0.70953, 11.72000
-0.81116, 11.73000
-0.65048, 11.74000
-0.82199, 11.75000
-0.71762, 11.76000
-0.72205, 11.77000
-0.81024, 11.78000
-0.65689, 11.79000
-0.82550, 11.80000
-0.71533, 11.81000
-0.72586, 11.82000
-0.81955, 11.83000
-0.65918, 11.84000
-0.83405, 11.85000
-0.72693, 11.86000
-0.71777, 11.87000
-0.82382, 11.88000
-0.66452, 11.89000
-0.81039, 11.90000
-0.72800, 11.91000
-0.71793, 11.92000
-0.82916, 11.93000
-0.66833, 11.94000
-0.84183, 11.95000
-0.73761, 11.96000
-0.73471, 11.97000
-0.83710, 11.98000
-0.67383, 11.99000
-0.84106, 12.00000
-0.74295, 12.01000
-0.73746, 12.02000
-0.83679, 12.03000
-0.67810, 12.04000
-0.84930, 12.05000
-0.73761, 12.06000
-0.72922, 12.07000
-0.84457, 12.08000
-0.67932, 12.09000
-0.84564, 12.10000
-0.75119, 12.11000
-0.74402, 12.12000
-0.84732, 12.13000
-0.68497, 12.14000
-0.85281, 12.15000
-0.75241, 12.16000
-0.74600, 12.17000
-0.85281, 12.18000
-0.68970, 12.19000
-0.86060, 12.20000
-0.76248, 12.21000
-0.74005, 12.22000
-0.85464, 12.23000
-0.69534, 12.24000
-0.86380, 12.25000
-0.76614, 12.26000
-0.75272, 12.27000
-0.86090, 12.28000
-0.69931, 12.29000
-0.86319, 12.30000
-0.77301, 12.31000
-0.74753, 12.32000
-0.86716, 12.33000
-0.70343, 12.34000
-0.86594, 12.35000
-0.76950, 12.36000
-0.76187, 12.37000
-0.87067, 12.38000
-0.70847, 12.39000
-0.87296, 12.40000
-0.78445, 12.41000
-0.75867, 12.42000
-0.87280, 12.43000
-0.71182, 12.44000
-0.87708, 12.45000
-0.78506, 12.46000
-0.76263, 12.47000
-0.88058, 12.48000
-0.71701, 12.49000
-0.88196, 12.50000
-0.78476, 12.51000
-0.77042, 12.52000
-0.88547, 12.53000
-0.72235, 12.54000
-0.86029, 12.55000
-0.79865, 12.56000
-0.77576, 12.57000
-0.89005, 12.58000
-0.72800, 12.59000
-0.89310, 12.60000
-0.80460, 12.61000
-0.78003, 12.62000
-0.89569, 12.63000
-0.73135, 12.64000
-0.89584, 12.65000
-0.80978, 12.66000
-0.78506, 12.67000
-0.89996, 12.68000
-0.73700, 12.69000
-0.89066, 12.70000
-0.80811, 12.71000
-0.78796, 12.72000
-0.90561, 12.73000
-0.74081, 12.74000
-0.89539, 12.75000
-0.82108, 12.76000
-0.78445, 12.77000
-0.90637, 12.78000
-0.74432, 12.79000
-0.90179, 12.80000
-0.81772, 12.81000
-0.78995, 12.82000
-0.91431, 12.83000
-0.75256, 12.84000
-0.91324, 12.85000
-0.83023, 12.86000
-0.79346, 12.87000
-0.91904, 12.88000
-0.75607, 12.89000
-0.92072, 12.90000
-0.82764, 12.91000
-0.80032, 12.92000
-0.92331, 12.93000
-0.76324, 12.94000
-0.91827, 12.95000
-0.84229, 12.96000
-0.80505, 12.97000
-0.93048, 12.98000
-0.76767, 12.99000
-0.92438, 13.00000
-0.84869, 13.01000
-0.81421, 13.02000
-0.93384, 13.03000
-0.77194, 13.04000
-0.91675, 13.05000
-0.84763, 13.06000
-0.81238, 13.07000
-0.94070, 13.08000
-0.77560, 13.09000
-0.92407, 13.10000
-0.85800, 13.11000
-0.82336, 13.12000
-0.94284, 13.13000
-0.78293, 13.14000
-0.92484, 13.15000
-0.86258, 13.16000
-0.82153, 13.17000
-0.95047, 13.18000
-0.78598, 13.19000
-0.91919, 13.20000
-0.87082, 13.21000
-0.82672, 13.22000
-0.95428, 13.23000
-0.79391, 13.24000
-0.94681, 13.25000
-0.86929, 13.26000
-0.83755, 13.27000
-0.96268, 13.28000
-0.80002, 13.29000
-0.94193, 13.30000
-0.88226, 13.31000
-0.83786, 13.32000
-0.96573, 13.33000
-0.80627, 13.34000
-0.94604, 13.35000
-0.89203, 13.36000
-0.85114, 13.37000
-0.97214, 13.38000
-0.81299, 13.39000
-0.95963, 13.40000
-0.89951, 13.41000
-0.85052, 13.42000
-0.98419, 13.43000
-0.81680, 13.44000
-0.97488, 13.45000
-0.91171, 13.46000
-0.86136, 13.47000
-0.99152, 13.48000
-0.83023, 13.49000
-0.97412, 13.50000
-0.91354, 13.51000
-0.86746, 13.52000
-1.00235, 13.53000
-0.83694, 13.54000
-0.99243, 13.55000
-0.92545, 13.56000
-0.87708, 13.57000
-1.01105, 13.58000
-0.85266, 13.59000
-0.99258, 13.60000
-0.93887, 13.61000
-0.89447, 13.62000
-1.03287, 13.63000
-0.87112, 13.64000
-1.01379, 13.65000
-0.95657, 13.66000
-0.91888, 13.67000
-1.04965, 13.68000
-0.88852, 13.69000
-1.02417, 13.70000
-0.97702, 13.71000
-0.93613, 13.72000
-1.06613, 13.73000
-0.90454, 13.74000
-1.04431, 13.75000
-0.99854, 13.76000
-0.94757, 13.77000
-1.08185, 13.78000
-0.92438, 13.79000
-1.06918, 13.80000
-1.01028, 13.81000
-0.96527, 13.82000
-1.10764, 13.83000
-0.94803, 13.84000
-1.07132, 13.85000
-1.04324, 13.86000
-0.99304, 13.87000
-1.13983, 13.88000
-0.98541, 13.89000
-1.12885, 13.90000
-1.08597, 13.91000
-1.03958, 13.92000
-1.19141, 13.93000
-1.03973, 13.94000
-1.19034, 13.95000
-1.15356, 13.96000
-1.10565, 13.97000
-1.26205, 13.98000
-1.11862, 13.99000
-1.27914, 14.00000
-1.23795, 14.01000
-1.21185, 14.02000
-1.37375, 14.03000
-1.24115, 14.04000
-1.41037, 14.05000
-1.39191, 14.06000
-1.36963, 14.07000
-1.54907, 14.08000
-1.42593, 14.09000
-1.60522, 14.10000
-1.61270, 14.11000
-1.60507, 14.12000
-1.79626, 14.13000
-1.69662, 14.14000
-1.88797, 14.15000
-1.90857, 14.16000
-1.90948, 14.17000
-2.11426, 14.18000
-2.01340, 14.19000
-2.21237, 14.20000
-2.22977, 14.21000
-2.21848, 14.22000
-2.42813, 14.23000
-2.32346, 14.24000
-2.50290, 14.25000
-2.50458, 14.26000
-2.48917, 14.27000
-2.66876, 14.28000
-2.53387, 14.29000
-2.69348, 14.30000
-2.67990, 14.31000
-2.61749, 14.32000
-2.78183, 14.33000
-2.62604, 14.34000
-2.75543, 14.35000
-2.71866, 14.36000
-2.64404, 14.37000
-2.78442, 14.38000
-2.60773, 14.39000
-2.72247, 14.40000
-2.66388, 14.41000
-2.57446, 14.42000
-2.70370, 14.43000
-2.51923, 14.44000
-2.62100, 14.45000
-2.55707, 14.46000
-2.46353, 14.47000
-2.58591, 14.48000
-2.39792, 14.49000
-2.47818, 14.50000
-2.43347, 14.51000
-2.33185, 14.52000
-2.45331, 14.53000
-2.26746, 14.54000
-2.36374, 14.55000
-2.30927, 14.56000
-2.20200, 14.57000
-2.32803, 14.58000
-2.14386, 14.59000
-2.24350, 14.60000
-2.18124, 14.61000
-2.10144, 14.62000
-2.21634, 14.63000
-2.03690, 14.64000
-2.14294, 14.65000
-2.09061, 14.66000
-2.00577, 14.67000
-2.12708, 14.68000
-1.95236, 14.69000
-2.04697, 14.70000
-2.01767, 14.71000
-1.93008, 14.72000
-2.06573, 14.73000
-1.89194, 14.74000
-2.01218, 14.75000
-1.96869, 14.76000
-1.89316, 14.77000
-2.03827, 14.78000
-1.87347, 14.79000
-1.99615, 14.80000
-1.97037, 14.81000
-1.92368, 14.82000
-2.05292, 14.83000
-1.89987, 14.84000
-2.07565, 14.85000
-2.00409, 14.86000
-1.99448, 14.87000
-2.13470, 14.88000
-1.99371, 14.89000
-2.16660, 14.90000
-2.12097, 14.91000
-2.11761, 14.92000
-2.26685, 14.93000
-2.12875, 14.94000
-2.31415, 14.95000
-2.26257, 14.96000
-2.26273, 14.97000
-2.40448, 14.98000
-2.26563, 14.99000
-2.43912, 15.00000
-2.37747, 15.01000
-2.37625, 15.02000
-2.50702, 15.03000
-2.35596, 15.04000
-2.52243, 15.05000
-2.45377, 15.06000
-2.42447, 15.07000
-2.55157, 15.08000
-2.38998, 15.09000
-2.54456, 15.10000
-2.46307, 15.11000
-2.42844, 15.12000
-2.54547, 15.13000
-2.37656, 15.14000
-2.50687, 15.15000
-2.43027, 15.16000
-2.40524, 15.17000
-2.51068, 15.18000
-2.33887, 15.19000
-2.49374, 15.20000
-2.40509, 15.21000
-2.35962, 15.22000
-2.47452, 15.23000
-2.30637, 15.24000
-2.46429, 15.25000
-2.37015, 15.26000
-2.33063, 15.27000
-2.45087, 15.28000
-2.28500, 15.29000
-2.42859, 15.30000
-2.35901, 15.31000
-2.31506, 15.32000
-2.43637, 15.33000
-2.26944, 15.34000
-2.42386, 15.35000
-2.34146, 15.36000
-2.29599, 15.37000
-2.41806, 15.38000
-2.24655, 15.39000
-2.39868, 15.40000
-2.31674, 15.41000
-2.27356, 15.42000
-2.38724, 15.43000
-2.21649, 15.44000
-2.34604, 15.45000
-2.27112, 15.46000
-2.23785, 15.47000
-2.34787, 15.48000
-2.17407, 15.49000
-2.31339, 15.50000
-2.23190, 15.51000
-2.18323, 15.52000
-2.30438, 15.53000
-2.13150, 15.54000
-2.26715, 15.55000
-2.18796, 15.56000
-2.14661, 15.57000
-2.26089, 15.58000
-2.08908, 15.59000
-2.23297, 15.60000
-2.14355, 15.61000
-2.10480, 15.62000
-2.21664, 15.63000
-2.04254, 15.64000
-2.18018, 15.65000
-2.09885, 15.66000
-2.04971, 15.67000
-2.16980, 15.68000
-1.99539, 15.69000
-2.13562, 15.70000
-2.05978, 15.71000
-2.00500, 15.72000
-2.12112, 15.73000
-1.94504, 15.74000
-2.08115, 15.75000
-2.01309, 15.76000
-1.95572, 15.77000
-2.07352, 15.78000
-1.90125, 15.79000
-2.02026, 15.80000
-1.96182, 15.81000
-1.90887, 15.82000
-2.03156, 15.83000
-1.85822, 15.84000
-1.99112, 15.85000
-1.93054, 15.86000
-1.86981, 15.87000
-1.99249, 15.88000
-1.82312, 15.89000
-1.95618, 15.90000
-1.89072, 15.91000
-1.83929, 15.92000
-1.96289, 15.93000
-1.79169, 15.94000
-1.93649, 15.95000
-1.87103, 15.96000
-1.81030, 15.97000
-1.93832, 15.98000
-1.77078, 15.99000
-1.90918, 16.00000
-1.85059, 16.01000
-1.78619, 16.02000
-1.91833, 16.03000
-1.75186, 16.04000
-1.88995, 16.05000
-1.83380, 16.06000
-1.77826, 16.07000
-1.90353, 16.08000
-1.73996, 16.09000
-1.87698, 16.10000
-1.81854, 16.11000
-1.75781, 16.12000
-1.89362, 16.13000
-1.72821, 16.14000
-1.86234, 16.15000
-1.80191, 16.16000
-1.75568, 16.17000
-1.88568, 16.18000
-1.72211, 16.19000
-1.85898, 16.20000
-1.80603, 16.21000
-1.73996, 16.22000
-1.88126, 16.23000
-1.71570, 16.24000
-1.85852, 16.25000
-1.80176, 16.26000
-1.74667, 16.27000
-1.87912, 16.28000
-1.71356, 16.29000
-1.85547, 16.30000
-1.79916, 16.31000
-1.74255, 16.32000
-1.87851, 16.33000
-1.71326, 16.34000
-1.84494, 16.35000
-1.80252, 16.36000
-1.74469, 16.37000
-1.87881, 16.38000
-1.71539, 16.39000
-1.84479, 16.40000
-1.80435, 16.41000
-1.74118, 16.42000
-1.87943, 16.43000
-1.71738, 16.44000
-1.82846, 16.45000
-1.80847, 16.46000
-1.73843, 16.47000
-1.88629, 16.48000
-1.72256, 16.49000
-1.85272, 16.50000
-1.81381, 16.51000
-1.75201, 16.52000
-1.89377, 16.53000
-1.72897, 16.54000
-1.85989, 16.55000
-1.82373, 16.56000
-1.76041, 16.57000
-1.90140, 16.58000
-1.74286, 16.59000
-1.86859, 16.60000
-1.82907, 16.61000
-1.76865, 16.62000
-1.91483, 16.63000
-1.75949, 16.64000
-1.88812, 16.65000
-1.84464, 16.66000
-1.79474, 16.67000
-1.93268, 16.68000
-1.77765, 16.69000
-1.90979, 16.70000
-1.87576, 16.71000
-1.81076, 16.72000
-1.96091, 16.73000
-1.80725, 16.74000
-1.94016, 16.75000
-1.90140, 16.76000
-1.84067, 16.77000
-1.99844, 16.78000
-1.84311, 16.79000
-1.97830, 16.80000
-1.96304, 16.81000
-1.89667, 16.82000
-2.05460, 16.83000
-1.90475, 16.84000
-2.05124, 16.85000
-2.03461, 16.86000
-1.97128, 16.87000
-2.14340, 16.88000
-1.99875, 16.89000
-2.14798, 16.90000
-2.14142, 16.91000
-2.09534, 16.92000
-2.26517, 16.93000
-2.12814, 16.94000
-2.27875, 16.95000
-2.27356, 16.96000
-2.23282, 16.97000
-2.40952, 16.98000
-2.27448, 16.99000
-2.42798, 17.00000
-2.42554, 17.01000
-2.36969, 17.02000
-2.54669, 17.03000
-2.41058, 17.04000
-2.55371, 17.05000
-2.54318, 17.06000
-2.48764, 17.07000
-2.66251, 17.08000
-2.52258, 17.09000
-2.63885, 17.10000
-2.64816, 17.11000
-2.58087, 17.12000
-2.74872, 17.13000
-2.60147, 17.14000
-2.73438, 17.15000
-2.71698, 17.16000
-2.65060, 17.17000
-2.81494, 17.18000
-2.66098, 17.19000
-2.80045, 17.20000
-2.77527, 17.21000
-2.70035, 17.22000
-2.86682, 17.23000
-2.71072, 17.24000
-2.83524, 17.25000
-2.82257, 17.26000
-2.74078, 17.27000
-2.89948, 17.28000
-2.74460, 17.29000
-2.85553, 17.30000
-2.84378, 17.31000
-2.75406, 17.32000
-2.91122, 17.33000
-2.74963, 17.34000
-2.85889, 17.35000
-2.83661, 17.36000
-2.72980, 17.37000
-2.89444, 17.38000
-2.72858, 17.39000
-2.82562, 17.40000
-2.79770, 17.41000
-2.70981, 17.42000
-2.84973, 17.43000
-2.67532, 17.44000
-2.77222, 17.45000
-2.74841, 17.46000
-2.63474, 17.47000
-2.78030, 17.48000
-2.60605, 17.49000
-2.69897, 17.50000
-2.66586, 17.51000
-2.55646, 17.52000
-2.70142, 17.53000
-2.52686, 17.54000
-2.62711, 17.55000
-2.59308, 17.56000
-2.47543, 17.57000
-2.61948, 17.58000
-2.44736, 17.59000
-2.54608, 17.60000
-2.52533, 17.61000
-2.40524, 17.62000
-2.55295, 17.63000
-2.38419, 17.64000
-2.48734, 17.65000
-2.46323, 17.66000
-2.35306, 17.67000
-2.50885, 17.68000
-2.34375, 17.69000
-2.44095, 17.70000
-2.43240, 17.71000
-2.32880, 17.72000
-2.48779, 17.73000
-2.33459, 17.74000
-2.41196, 17.75000
-2.43881, 17.76000
-2.33536, 17.77000
-2.50244, 17.78000
-2.34543, 17.79000
-2.46384, 17.80000
-2.46323, 17.81000
-2.37686, 17.82000
-2.54547, 17.83000
-2.40265, 17.84000
-2.52365, 17.85000
-2.53006, 17.86000
-2.43515, 17.87000
-2.61520, 17.88000
-2.46765, 17.89000
-2.58728, 17.90000
-2.59720, 17.91000
-2.51709, 17.92000
-2.69043, 17.93000
-2.54364, 17.94000
-2.65366, 17.95000
-2.66479, 17.96000
-2.58118, 17.97000
-2.75253, 17.98000
-2.60193, 17.99000
-2.71713, 18.00000
-2.70981, 18.01000
-2.62833, 18.02000
-2.79022, 18.03000
-2.63947, 18.04000
-2.74094, 18.05000
-2.73605, 18.06000
-2.63733, 18.07000
-2.80380, 18.08000
-2.65244, 18.09000
-2.75452, 18.10000
-2.73865, 18.11000
-2.63397, 18.12000
-2.80060, 18.13000
-2.64297, 18.14000
-2.73666, 18.15000
-2.73056, 18.16000
-2.63031, 18.17000
-2.79556, 18.18000
-2.63992, 18.19000
-2.73865, 18.20000
-2.73804, 18.21000
-2.62573, 18.22000
-2.79419, 18.23000
-2.64282, 18.24000
-2.73102, 18.25000
-2.74826, 18.26000
-2.63748, 18.27000
-2.79877, 18.28000
-2.64221, 18.29000
-2.73590, 18.30000
-2.74948, 18.31000
-2.64114, 18.32000
-2.80991, 18.33000
-2.65579, 18.34000
-2.75085, 18.35000
-2.76947, 18.36000
-2.65732, 18.37000
-2.82166, 18.38000
-2.66739, 18.39000
-2.74582, 18.40000
-2.77618, 18.41000
-2.66312, 18.42000
-2.83005, 18.43000
-2.68143, 18.44000
-2.77145, 18.45000
-2.78488, 18.46000
-2.66663, 18.47000
-2.83630, 18.48000
-2.69302, 18.49000
-2.77893, 18.50000
-2.78473, 18.51000
-2.67166, 18.52000
-2.84256, 18.53000
-2.69531, 18.54000
-2.77390, 18.55000
-2.79327, 18.56000
-2.68066, 18.57000
-2.85049, 18.58000
-2.70096, 18.59000
-2.78915, 18.60000
-2.80579, 18.61000
-2.68723, 18.62000
-2.85828, 18.63000
-2.70325, 18.64000
-2.79633, 18.65000
-2.81418, 18.66000
-2.69485, 18.67000
-2.86652, 18.68000
-2.72095, 18.69000
-2.79694, 18.70000
-2.82089, 18.71000
-2.70569, 18.72000
-2.87918, 18.73000
-2.73575, 18.74000
-2.81052, 18.75000
-2.83752, 18.76000
-2.71790, 18.77000
-2.89520, 18.78000
-2.74353, 18.79000
-2.82623, 18.80000
-2.85736, 18.81000
-2.74017, 18.82000
-2.91565, 18.83000
-2.76550, 18.84000
-2.84927, 18.85000
-2.88147, 18.86000
-2.76566, 18.87000
-2.93930, 18.88000
-2.80090, 18.89000
-2.87323, 18.90000
-2.90390, 18.91000
-2.78854, 18.92000
-2.96875, 18.93000
-2.83447, 18.94000
-2.91122, 18.95000
-2.93930, 18.96000
-2.81906, 18.97000
-2.99759, 18.98000
-2.86057, 18.99000
-2.93991, 19.00000
-2.97150, 19.01000
-2.85263, 19.02000
-3.03253, 19.03000
-2.88544, 19.04000
-2.94998, 19.05000
-3.00430, 19.06000
-2.88162, 19.07000
-3.06229, 19.08000
-2.91641, 19.09000
-3.00568, 19.10000
-3.03314, 19.11000
-2.91168, 19.12000
-3.08914, 19.13000
-2.95273, 19.14000
-3.03314, 19.15000
-3.05878, 19.16000
-2.93747, 19.17000
-3.12042, 19.18000
-2.98172, 19.19000
-3.05313, 19.20000
-3.09280, 19.21000
-2.96829, 19.22000
-3.14575, 19.23000
-3.00903, 19.24000
-3.08670, 19.25000
-3.11722, 19.26000
-2.99133, 19.27000
-3.17276, 19.28000
-3.03268, 19.29000
-3.10242, 19.30000
-3.14941, 19.31000
-3.02017, 19.32000
-3.19778, 19.33000
-3.06137, 19.34000
-3.12775, 19.35000
-3.17062, 19.36000
-3.04291, 19.37000
-3.22327, 19.38000
-3.08685, 19.39000
-3.15262, 19.40000
-3.19748, 19.41000
-3.06931, 19.42000
-3.24707, 19.43000
-3.11188, 19.44000
-3.18024, 19.45000
-3.21701, 19.46000
-3.08868, 19.47000
-3.27255, 19.48000
-3.13354, 19.49000
-3.20282, 19.50000
-3.23868, 19.51000
-3.11615, 19.52000
-3.29468, 19.53000
-3.16132, 19.54000
-3.22601, 19.55000
-3.26279, 19.56000
-3.13583, 19.57000
-3.31741, 19.58000
-3.17871, 19.59000
-3.24066, 19.60000
-3.28537, 19.61000
-3.16055, 19.62000
-3.33847, 19.63000
-3.19748, 19.64000
-3.26538, 19.65000
-3.30887, 19.66000
-3.18039, 19.67000
-3.36197, 19.68000
-3.22830, 19.69000
-3.26828, 19.70000
-3.33420, 19.71000
-3.20526, 19.72000
-3.38577, 19.73000
-3.25836, 19.74000
-3.31421, 19.75000
-3.36395, 19.76000
-3.22647, 19.77000
-3.40912, 19.78000
-3.27087, 19.79000
-3.33038, 19.80000
-3.37509, 19.81000
-3.24860, 19.82000
-3.43170, 19.83000
-3.29773, 19.84000
-3.36044, 19.85000
-3.40439, 19.86000
-3.27042, 19.87000
-3.45154, 19.88000
-3.31497, 19.89000
-3.37158, 19.90000
-3.41934, 19.91000
-3.29224, 19.92000
-3.47488, 19.93000
-3.33878, 19.94000
-3.38196, 19.95000
-3.44437, 19.96000
-3.31207, 19.97000
-3.49503, 19.98000
-3.36121, 19.99000
-3.41309, 20.00000
-3.46222, 20.01000
-3.33496, 20.02000
-3.51624, 20.03000
-3.38577, 20.04000
-3.43628, 20.05000
-3.49136, 20.06000
-3.35449, 20.07000
-3.53760, 20.08000
-3.40347, 20.09000
-3.45566, 20.10000
-3.51151, 20.11000
-3.37540, 20.12000
-3.55850, 20.13000
-3.43262, 20.14000
-3.46970, 20.15000
-3.52661, 20.16000
-3.39676, 20.17000
-3.58078, 20.18000
-3.44757, 20.19000
-3.49564, 20.20000
-3.55240, 20.21000
-3.41904, 20.22000
-3.60138, 20.23000
-3.47198, 20.24000
-3.51669, 20.25000
-3.57788, 20.26000
-3.43979, 20.27000
-3.62427, 20.28000
-3.50388, 20.29000
-3.53836, 20.30000
-3.59756, 20.31000
-3.46069, 20.32000
-3.64426, 20.33000
-3.51822, 20.34000
-3.52966, 20.35000
-3.63327, 20.36000
-3.48312, 20.37000
-3.66623, 20.38000
-3.53912, 20.39000
-3.58444, 20.40000
-3.64365, 20.41000
-3.50494, 20.42000
-3.68820, 20.43000
-3.55560, 20.44000
-3.60855, 20.45000
-3.66837, 20.46000
-3.52676, 20.47000
-3.70972, 20.48000
-3.58292, 20.49000
-3.62274, 20.50000
-3.68744, 20.51000
-3.54797, 20.52000
-3.72849, 20.53000
-3.60565, 20.54000
-3.64502, 20.55000
-3.71078, 20.56000
-3.56979, 20.57000
-3.75198, 20.58000
-3.62198, 20.59000
-3.66699, 20.60000
-3.73322, 20.61000
-3.59131, 20.62000
-3.77136, 20.63000
-3.65051, 20.64000
-3.67996, 20.65000
-3.75137, 20.66000
-3.61191, 20.67000
-3.79700, 20.68000
-3.67188, 20.69000
-3.71231, 20.70000
-3.78265, 20.71000
-3.63449, 20.72000
-3.81790, 20.73000
-3.69370, 20.74000
-3.72650, 20.75000
-3.79745, 20.76000
-3.65585, 20.77000
-3.83682, 20.78000
-3.71201, 20.79000
-3.74908, 20.80000
-3.81668, 20.81000
-3.67706, 20.82000
-3.85834, 20.83000
-3.73398, 20.84000
-3.76328, 20.85000
-3.84308, 20.86000
-3.69812, 20.87000
-3.88031, 20.88000
-3.76053, 20.89000
-3.79013, 20.90000
-3.86261, 20.91000
-3.71872, 20.92000
-3.90213, 20.93000
-3.79166, 20.94000
-3.81195, 20.95000
-3.88199, 20.96000
-3.73932, 20.97000
-3.92197, 20.98000
-3.80371, 20.99000
-3.79929, 21.00000
-3.91785, 21.01000
-3.75992, 21.02000
-3.94150, 21.03000
-3.82141, 21.04000
-3.85330, 21.05000
-3.93433, 21.06000
-3.78281, 21.07000
-3.96301, 21.08000
-3.84354, 21.09000
-3.86566, 21.10000
-3.95645, 21.11000
-3.80325, 21.12000
-3.98285, 21.13000
-3.87054, 21.14000
-3.88535, 21.15000
-3.97186, 21.16000
-3.82751, 21.17000
-4.00391, 21.18000
-3.88748, 21.19000
-3.90610, 21.20000
-3.99429, 21.21000
-3.84735, 21.22000
-4.02695, 21.23000
-3.91266, 21.24000
-3.92181, 21.25000
-4.02039, 21.26000
-3.86749, 21.27000
-4.04648, 21.28000
-3.92776, 21.29000
-3.95538, 21.30000
-4.04266, 21.31000
-3.88779, 21.32000
-4.06631, 21.33000
-3.95706, 21.34000
-3.97003, 21.35000
-4.06326, 21.36000
-3.91022, 21.37000
-4.07837, 21.38000
-3.97461, 21.39000
-3.99734, 21.40000
-4.08615, 21.41000
-3.93036, 21.42000
-4.10828, 21.43000
-3.99918, 21.44000
-4.02405, 21.45000
-4.09668, 21.46000
-3.95187, 21.47000
-4.12994, 21.48000
-4.01077, 21.49000
-4.03061, 21.50000
-4.12857, 21.51000
-3.97385, 21.52000
-4.14993, 21.53000
-4.04175, 21.54000
-4.04709, 21.55000
-4.14291, 21.56000
-3.99414, 21.57000
-4.17374, 21.58000
-4.05487, 21.59000
-4.06860, 21.60000
-4.16153, 21.61000
-4.01352, 21.62000
-4.19495, 21.63000
-4.08371, 21.64000
-4.06921, 21.65000
-4.19250, 21.66000
-4.03488, 21.67000
-4.20731, 21.68000
-4.11133, 21.69000
-4.11804, 21.70000
-4.21051, 21.71000
-4.05487, 21.72000
-4.22882, 21.73000
-4.12750, 21.74000
-4.12125, 21.75000
-4.22577, 21.76000
-4.07196, 21.77000
-4.25232, 21.78000
-4.14673, 21.79000
-4.15390, 21.80000
-4.24850, 21.81000
-4.09424, 21.82000
-4.27460, 21.83000
-4.16412, 21.84000
-4.16946, 21.85000
-4.27185, 21.86000
-4.11377, 21.87000
-4.29092, 21.88000
-4.18533, 21.89000
-4.19357, 21.90000
-4.28925, 21.91000
-4.13483, 21.92000
-4.30634, 21.93000
-4.20425, 21.94000
-4.19891, 21.95000
-4.31656, 21.96000
-4.15817, 21.97000
-4.33197, 21.98000
-4.23294, 21.99000
-4.22333, 22.00000
-4.33472, 22.01000
-4.17984, 22.02000
-4.34769, 22.03000
-4.25964, 22.04000
-4.25186, 22.05000
-4.35944, 22.06000
-4.20044, 22.07000
-4.37546, 22.08000
-4.27704, 22.09000
-4.26208, 22.10000
-4.38065, 22.11000
-4.22028, 22.12000
-4.39651, 22.13000
-4.29886, 22.14000
-4.28268, 22.15000
-4.39926, 22.16000
-4.23950, 22.17000
-4.41696, 22.18000
-4.31839, 22.19000
-4.31046, 22.20000
-4.42154, 22.21000
-4.26071, 22.22000
-4.42871, 22.23000
-4.34128, 22.24000
-4.33167, 22.25000
-4.44290, 22.26000
-4.28207, 22.27000
-4.45419, 22.28000
-4.35379, 22.29000
-4.33029, 22.30000
-4.46136, 22.31000
-4.30115, 22.32000
-4.46594, 22.33000
-4.38416, 22.34000
-4.36905, 22.35000
-4.48135, 22.36000
-4.32327, 22.37000
-4.49615, 22.38000
-4.39865, 22.39000
-4.38339, 22.40000
-4.50226, 22.41000
-4.34479, 22.42000
-4.51859, 22.43000
-4.41849, 22.44000
-4.40231, 22.45000
-4.52225, 22.46000
-4.36646, 22.47000
-4.52835, 22.48000
-4.45236, 22.49000
-4.43069, 22.50000
-4.54727, 22.51000
-4.38766, 22.52000
-4.55597, 22.53000
-4.46884, 22.54000
-4.44336, 22.55000
-4.56741, 22.56000
-4.40704, 22.57000
-4.56909, 22.58000
-4.48914, 22.59000
-4.47372, 22.60000
-4.58435, 22.61000
-4.42963, 22.62000
-4.57840, 22.63000
-4.51202, 22.64000
-4.48761, 22.65000
-4.60587, 22.66000
-4.44901, 22.67000
-4.61105, 22.68000
-4.53445, 22.69000
-4.50485, 22.70000
-4.62982, 22.71000
-4.47006, 22.72000
-4.62845, 22.73000
-4.55521, 22.74000
-4.52515, 22.75000
-4.65240, 22.76000
-4.49280, 22.77000
-4.64905, 22.78000
-4.57794, 22.79000
-4.55231, 22.80000
-4.66904, 22.81000
-4.51157, 22.82000
-4.67178, 22.83000
-4.59320, 22.84000
-4.56726, 22.85000
-4.69330, 22.86000
-4.53537, 22.87000
-4.70291, 22.88000
-4.62097, 22.89000
-4.59015, 22.90000
-4.71329, 22.91000
-4.55688, 22.92000
-4.71024, 22.93000
-4.63852, 22.94000
-4.59686, 22.95000
-4.73877, 22.96000
-4.58145, 22.97000
-4.73495, 22.98000
-4.66049, 22.99000
-4.63470, 23.00000
-4.76089, 23.01000
-4.60083, 23.02000
-4.75235, 23.03000
-4.68613, 23.04000
-4.65454, 23.05000
-4.78271, 23.06000
-4.62311, 23.07000
-4.78729, 23.08000
-4.70749, 23.09000
-4.66904, 23.10000
-4.80240, 23.11000
-4.64447, 23.12000
-4.80667, 23.13000
-4.73312, 23.14000
-4.70154, 23.15000
-4.82956, 23.16000
-4.66934, 23.17000
-4.82101, 23.18000
-4.75723, 23.19000
-4.72107, 23.20000
-4.84772, 23.21000
-4.69284, 23.22000
-4.84238, 23.23000
-4.77798, 23.24000
-4.74487, 23.25000
-4.87579, 23.26000
-4.71786, 23.27000
-4.86816, 23.28000
-4.80499, 23.29000
-4.77158, 23.30000
-4.89685, 23.31000
-4.74075, 23.32000
-4.89105, 23.33000
-4.83627, 23.34000
-4.79599, 23.35000
-4.92035, 23.36000
-4.76334, 23.37000
-4.92416, 23.38000
-4.85123, 23.39000
-4.81216, 23.40000
-4.94400, 23.41000
-4.78516, 23.42000
-4.93942, 23.43000
-4.88312, 23.44000
-4.84039, 23.45000
-4.97040, 23.46000
-4.80927, 23.47000
-4.97101, 23.48000
-4.90341, 23.49000
-4.85764, 23.50000
-4.99710, 23.51000
-4.83459, 23.52000
-4.98566, 23.53000
-4.93164, 23.54000
-4.88098, 23.55000
-5.00000, 23.56000
-4.85794, 23.57000
-5.00000, 23.58000
-4.94507, 23.59000
-4.89288, 23.60000
-5.00000, 23.61000
-4.87991, 23.62000
-5.00000, 23.63000
-4.97192, 23.64000
-4.93576, 23.65000
-5.00000, 23.66000
-4.90524, 23.67000
-5.00000, 23.68000
-4.99741, 23.69000
-4.94873, 23.70000
-5.00000, 23.71000
-4.92966, 23.72000
-5.00000, 23.73000
-5.00000, 23.74000
-4.97803, 23.75000
-5.00000, 23.76000
-4.94965, 23.77000
-5.00000, 23.78000
-5.00000, 23.79000
-5.00000, 23.80000
-5.00000, 23.81000
-4.97589, 23.82000
-5.00000, 23.83000
-5.00000, 23.84000
-5.00000, 23.85000
-5.00000, 23.86000
-4.99710, 23.87000
-5.00000, 23.88000
-5.00000, 23.89000
-5.00000, 23.90000
-5.00000, 23.91000
-5.00000, 23.92000
-5.00000, 23.93000
-5.00000, 23.94000
-5.00000, 23.95000
-5.00000, 23.96000
-5.00000, 23.97000
-5.00000, 23.98000
-5.00000, 23.99000
-5.00000, 24.00000
-5.00000, 24.01000
-5.00000, 24.02000
-5.00000, 24.03000
-5.00000, 24.04000
-5.00000, 24.05000
-5.00000, 24.06000
-5.00000, 24.07000
-5.00000, 24.08000
-5.00000, 24.09000
-5.00000, 24.10000
-5.00000, 24.11000
-5.00000, 24.12000
-5.00000, 24.13000
-5.00000, 24.14000
-5.00000, 24.15000
-5.00000, 24.16000
-5.00000, 24.17000
-5.00000, 24.18000
-5.00000, 24.19000
-5.00000, 24.20000
-5.00000, 24.21000
-5.00000, 24.22000
-5.00000, 24.23000
-5.00000, 24.24000
-5.00000, 24.25000
-5.00000, 24.26000
-5.00000, 24.27000
-5.00000, 24.28000
-5.00000, 24.29000
-5.00000, 24.30000
-5.00000, 24.31000
-5.00000, 24.32000
-5.00000, 24.33000
-5.00000, 24.34000
-5.00000, 24.35000
-5.00000, 24.36000
-5.00000, 24.37000
-5.00000, 24.38000
-5.00000, 24.39000
-5.00000, 24.40000
-5.00000, 24.41000
-5.00000, 24.42000
-5.00000, 24.43000
-5.00000, 24.44000
-5.00000, 24.45000
-5.00000, 24.46000
-5.00000, 24.47000
-5.00000, 24.48000
-5.00000, 24.49000
-5.00000, 24.50000
-5.00000, 24.51000
-5.00000, 24.52000
-5.00000, 24.53000
-5.00000, 24.54000
-5.00000, 24.55000
-5.00000, 24.56000
-5.00000, 24.57000
-5.00000, 24.58000
-5.00000, 24.59000
-5.00000, 24.60000
-5.00000, 24.61000
-5.00000, 24.62000
-5.00000, 24.63000
-5.00000, 24.64000
-5.00000, 24.65000
-5.00000, 24.66000
-5.00000, 24.67000
-5.00000, 24.68000
-5.00000, 24.69000
-5.00000, 24.70000
-5.00000, 24.71000
-5.00000, 24.72000
-5.00000, 24.73000
-5.00000, 24.74000
-5.00000, 24.75000
-5.00000, 24.76000
-5.00000, 24.77000
-5.00000, 24.78000
-5.00000, 24.79000
-5.00000, 24.80000
-5.00000, 24.81000
-5.00000, 24.82000
-5.00000, 24.83000
-5.00000, 24.84000
-5.00000, 24.85000
-5.00000, 24.86000
-5.00000, 24.87000
-5.00000, 24.88000
-5.00000, 24.89000
-5.00000, 24.90000
-5.00000, 24.91000
-5.00000, 24.92000
-5.00000, 24.93000
-5.00000, 24.94000
-5.00000, 24.95000
-5.00000, 24.96000
-5.00000, 24.97000
-5.00000, 24.98000
-5.00000, 24.99000
-5.00000, 25.00000
