-3.15720, 0.01000
-3.17581, 0.02000
-2.95135, 0.03000
-2.93915, 0.04000
-2.64160, 0.05000
-2.63977, 0.06000
-2.27325, 0.07000
-2.28104, 0.08000
-2.06711, 0.09000
-2.12250, 0.10000
-1.71921, 0.11000
-1.62613, 0.12000
-1.30096, 0.13000
-1.27670, 0.14000
-1.00800, 0.15000
-1.03134, 0.16000
-0.79727, 0.17000
-0.84976, 0.18000
-0.64026, 0.19000
-0.71350, 0.20000
-0.52246, 0.21000
-0.61218, 0.22000
-0.43365, 0.23000
-0.53452, 0.24000
-0.36728, 0.25000
-0.47745, 0.26000
-0.31448, 0.27000
-0.42938, 0.28000
-0.27328, 0.29000
-0.39154, 0.30000
-0.23834, 0.31000
-0.35995, 0.32000
-0.20859, 0.33000
-0.33127, 0.34000
-0.18204, 0.35000
-0.30563, 0.36000
-0.15945, 0.37000
-0.28503, 0.38000
-0.13794, 0.39000
-0.26672, 0.40000
-0.12161, 0.41000
-0.25040, 0.42000
-0.10757, 0.43000
-0.23819, 0.44000
-0.09674, 0.45000
-0.22629, 0.46000
-0.08820, 0.47000
-0.21790, 0.48000
-0.07813, 0.49000
-0.21072, 0.50000
-0.07080, 0.51000
-0.20523, 0.52000
-0.06760, 0.53000
-0.20523, 0.54000
-0.06439, 0.55000
-0.19974, 0.56000
-0.06058, 0.57000
-0.19745, 0.58000
-0.06073, 0.59000
-0.19745, 0.60000
-0.06058, 0.61000
-0.19638, 0.62000
-0.06012, 0.63000
-0.19730, 0.64000
-0.06088, 0.65000
-0.19501, 0.66000
-0.05966, 0.67000
-0.19699, 0.68000
-0.05920, 0.69000
-0.19745, 0.70000
-0.06165, 0.71000
-0.19577, 0.72000
-0.06012, 0.73000
-0.19669, 0.74000
-0.05951, 0.75000
-0.19394, 0.76000
-0.05676, 0.77000
-0.19028, 0.78000
-0.05249, 0.79000
-0.18295, 0.80000
-0.04486, 0.81000
-0.17960, 0.82000
-0.04639, 0.83000
-0.18509, 0.84000
-0.04990, 0.85000
-0.18738, 0.86000
-0.05188, 0.87000
-0.19058, 0.88000
-0.05569, 0.89000
-0.19226, 0.90000
-0.05951, 0.91000
-0.19669, 0.92000
-0.06210, 0.93000
-0.19852, 0.94000
-0.06363, 0.95000
-0.20004, 0.96000
-0.06607, 0.97000
-0.20462, 0.98000
-0.07385, 0.99000
-0.21469, 1.00000
-0.08698, 1.01000
-0.21622, 1.02000
-0.07965, 1.03000
-0.20996, 1.04000
-0.07233, 1.05000
-0.20187, 1.06000
-0.06256, 1.07000
-0.18814, 1.08000
-0.05066, 1.09000
-0.17776, 1.10000
-0.03998, 1.11000
-0.16678, 1.12000
-0.03555, 1.13000
-0.16144, 1.14000
-0.03326, 1.15000
-0.16205, 1.16000
-0.03220, 1.17000
-0.16281, 1.18000
-0.03983, 1.19000
-0.17105, 1.20000
-0.04684, 1.21000
-0.17975, 1.22000
-0.05310, 1.23000
-0.18661, 1.24000
-0.06149, 1.25000
-0.19241, 1.26000
-0.06454, 1.27000
-0.19806, 1.28000
-0.06714, 1.29000
-0.19882, 1.30000
-0.06714, 1.31000
-0.19836, 1.32000
-0.06729, 1.33000
-0.19592, 1.34000
-0.06500, 1.35000
-0.19714, 1.36000
-0.06622, 1.37000
-0.19897, 1.38000
-0.06927, 1.39000
-0.20157, 1.40000
-0.07095, 1.41000
-0.20477, 1.42000
-0.07568, 1.43000
-0.20966, 1.44000
-0.07782, 1.45000
-0.21072, 1.46000
-0.07996, 1.47000
-0.21347, 1.48000
-0.08209, 1.49000
-0.21255, 1.50000
-0.08133, 1.51000
-0.21179, 1.52000
-0.07950, 1.53000
-0.21011, 1.54000
-0.07843, 1.55000
-0.20981, 1.56000
-0.07919, 1.57000
-0.20920, 1.58000
-0.08026, 1.59000
-0.21133, 1.60000
-0.07996, 1.61000
-0.21255, 1.62000
-0.08255, 1.63000
-0.21469, 1.64000
-0.08514, 1.65000
-0.21637, 1.66000
-0.08850, 1.67000
-0.21805, 1.68000
-0.08987, 1.69000
-0.21988, 1.70000
-0.09079, 1.71000
-0.22049, 1.72000
-0.08881, 1.73000
-0.22064, 1.74000
-0.09171, 1.75000
-0.21988, 1.76000
-0.08804, 1.77000
-0.21881, 1.78000
-0.08820, 1.79000
-0.21835, 1.80000
-0.08804, 1.81000
-0.21698, 1.82000
-0.08713, 1.83000
-0.22018, 1.84000
-0.08667, 1.85000
-0.21652, 1.86000
-0.08575, 1.87000
-0.21667, 1.88000
-0.08560, 1.89000
-0.21378, 1.90000
-0.08438, 1.91000
-0.21423, 1.92000
-0.08453, 1.93000
-0.21332, 1.94000
-0.08392, 1.95000
-0.21210, 1.96000
-0.08316, 1.97000
-0.21591, 1.98000
-0.08423, 1.99000
-0.21378, 2.00000
-0.08606, 2.01000
-0.21561, 2.02000
-0.08713, 2.03000
-0.21667, 2.04000
-0.09003, 2.05000
-0.21759, 2.06000
-0.08972, 2.07000
-0.21820, 2.08000
-0.09018, 2.09000
-0.21912, 2.10000
-0.09140, 2.11000
-0.22049, 2.12000
-0.09171, 2.13000
-0.22003, 2.14000
-0.09232, 2.15000
-0.22293, 2.16000
-0.09277, 2.17000
-0.22293, 2.18000
-0.09445, 2.19000
-0.22461, 2.20000
-0.09583, 2.21000
-0.22629, 2.22000
-0.09628, 2.23000
-0.22675, 2.24000
-0.09918, 2.25000
-0.22644, 2.26000
-0.09842, 2.27000
-0.22705, 2.28000
-0.09949, 2.29000
-0.22827, 2.30000
-0.09872, 2.31000
-0.22873, 2.32000
-0.10025, 2.33000
-0.22919, 2.34000
-0.10117, 2.35000
-0.22964, 2.36000
-0.10086, 2.37000
-0.22888, 2.38000
-0.10178, 2.39000
-0.23010, 2.40000
-0.10101, 2.41000
-0.22797, 2.42000
-0.09979, 2.43000
-0.22903, 2.44000
-0.10254, 2.45000
-0.22964, 2.46000
-0.10193, 2.47000
-0.23010, 2.48000
-0.10193, 2.49000
-0.22934, 2.50000
-0.10178, 2.51000
-0.23010, 2.52000
-0.10269, 2.53000
-0.22949, 2.54000
-0.10330, 2.55000
-0.23071, 2.56000
-0.10330, 2.57000
-0.23178, 2.58000
-0.10468, 2.59000
-0.23148, 2.60000
-0.10422, 2.61000
-0.23453, 2.62000
-0.10696, 2.63000
-0.23193, 2.64000
-0.10422, 2.65000
-0.23392, 2.66000
-0.10788, 2.67000
-0.23270, 2.68000
-0.10773, 2.69000
-0.23407, 2.70000
-0.10712, 2.71000
-0.23499, 2.72000
-0.10712, 2.73000
-0.23453, 2.74000
-0.10773, 2.75000
-0.23636, 2.76000
-0.10788, 2.77000
-0.23727, 2.78000
-0.10895, 2.79000
-0.23712, 2.80000
-0.11002, 2.81000
-0.23727, 2.82000
-0.11078, 2.83000
-0.23788, 2.84000
-0.11185, 2.85000
-0.23788, 2.86000
-0.11261, 2.87000
-0.23941, 2.88000
-0.11307, 2.89000
-0.24063, 2.90000
-0.11429, 2.91000
-0.24002, 2.92000
-0.11520, 2.93000
-0.24277, 2.94000
-0.11475, 2.95000
-0.24185, 2.96000
-0.11688, 2.97000
-0.24292, 2.98000
-0.11597, 2.99000
-0.24261, 3.00000
-0.11826, 3.01000
-0.24429, 3.02000
-0.11795, 3.03000
-0.24460, 3.04000
-0.11871, 3.05000
-0.24475, 3.06000
-0.11948, 3.07000
-0.24673, 3.08000
-0.12100, 3.09000
-0.24704, 3.10000
-0.12009, 3.11000
-0.24689, 3.12000
-0.12161, 3.13000
-0.25146, 3.14000
-0.12146, 3.15000
-0.24872, 3.16000
-0.12436, 3.17000
-0.24887, 3.18000
-0.12329, 3.19000
-0.24918, 3.20000
-0.12344, 3.21000
-0.25375, 3.22000
-0.12741, 3.23000
-0.25223, 3.24000
-0.12802, 3.25000
-0.25299, 3.26000
-0.12894, 3.27000
-0.25421, 3.28000
-0.12833, 3.29000
-0.25467, 3.30000
-0.12863, 3.31000
-0.25436, 3.32000
-0.12924, 3.33000
-0.25513, 3.34000
-0.12985, 3.35000
-0.25574, 3.36000
-0.13138, 3.37000
-0.25787, 3.38000
-0.13184, 3.39000
-0.25742, 3.40000
-0.13046, 3.41000
-0.25833, 3.42000
-0.13321, 3.43000
-0.25894, 3.44000
-0.13519, 3.45000
-0.26062, 3.46000
-0.13535, 3.47000
-0.26154, 3.48000
-0.13748, 3.49000
-0.26199, 3.50000
-0.13748, 3.51000
-0.26138, 3.52000
-0.13641, 3.53000
-0.26337, 3.54000
-0.13901, 3.55000
-0.26428, 3.56000
-0.13794, 3.57000
-0.26428, 3.58000
-0.13885, 3.59000
-0.26611, 3.60000
-0.14084, 3.61000
-0.26520, 3.62000
-0.13947, 3.63000
-0.26459, 3.64000
-0.14053, 3.65000
-0.26627, 3.66000
-0.14145, 3.67000
-0.26688, 3.68000
-0.14206, 3.69000
-0.26611, 3.70000
-0.14252, 3.71000
-0.26566, 3.72000
-0.13657, 3.73000
-0.25711, 3.74000
-0.12848, 3.75000
-0.24139, 3.76000
-0.08575, 3.77000
-0.16464, 3.78000
-0.02609, 3.79000
-0.16617, 3.80000
-0.03815, 3.81000
-0.16739, 3.82000
-0.05676, 3.83000
-0.19745, 3.84000
-0.08514, 3.85000
-0.22018, 3.86000
-0.10742, 3.87000
-0.24124, 3.88000
-0.13397, 3.89000
-0.29129, 3.90000
-0.18707, 3.91000
-0.33875, 3.92000
-0.22415, 3.93000
-0.34256, 3.94000
-0.21149, 3.95000
-0.32562, 3.96000
-0.19516, 3.97000
-0.31387, 3.98000
-0.18738, 3.99000
-0.30899, 4.00000
-0.18661, 4.01000
-0.30670, 4.02000
-0.18219, 4.03000
-0.30441, 4.04000
-0.17807, 4.05000
-0.30121, 4.06000
-0.17700, 4.07000
-0.30273, 4.08000
-0.18127, 4.09000
-0.30243, 4.10000
-0.17532, 4.11000
-0.29419, 4.12000
-0.16388, 4.13000
-0.28519, 4.14000
-0.15579, 4.15000
-0.27863, 4.16000
-0.14923, 4.17000
-0.27145, 4.18000
-0.14938, 4.19000
-0.27740, 4.20000
-0.15701, 4.21000
-0.28778, 4.22000
-0.16510, 4.23000
-0.29648, 4.24000
-0.17487, 4.25000
-0.30319, 4.26000
-0.17715, 4.27000
-0.30472, 4.28000
-0.17807, 4.29000
-0.30579, 4.30000
-0.17975, 4.31000
-0.30792, 4.32000
-0.18173, 4.33000
-0.30991, 4.34000
-0.18417, 4.35000
-0.30975, 4.36000
-0.18341, 4.37000
-0.30991, 4.38000
-0.18219, 4.39000
-0.30594, 4.40000
-0.17776, 4.41000
-0.30182, 4.42000
-0.17441, 4.43000
-0.30258, 4.44000
-0.17090, 4.45000
-0.29846, 4.46000
-0.17197, 4.47000
-0.29922, 4.48000
-0.17502, 4.49000
-0.30121, 4.50000
-0.17960, 4.51000
-0.30823, 4.52000
-0.18677, 4.53000
-0.31311, 4.54000
-0.18478, 4.55000
-0.31235, 4.56000
-0.18692, 4.57000
-0.31174, 4.58000
-0.18539, 4.59000
-0.30945, 4.60000
-0.18387, 4.61000
-0.30655, 4.62000
-0.17990, 4.63000
-0.30518, 4.64000
-0.17960, 4.65000
-0.30304, 4.66000
-0.17853, 4.67000
-0.30304, 4.68000
-0.17838, 4.69000
-0.29922, 4.70000
-0.17441, 4.71000
-0.29724, 4.72000
-0.17288, 4.73000
-0.29663, 4.74000
-0.17426, 4.75000
-0.29846, 4.76000
-0.17471, 4.77000
-0.29968, 4.78000
-0.17746, 4.79000
-0.29922, 4.80000
-0.17807, 4.81000
-0.30243, 4.82000
-0.18143, 4.83000
-0.30289, 4.84000
-0.18127, 4.85000
-0.30624, 4.86000
-0.18402, 4.87000
-0.30670, 4.88000
-0.18463, 4.89000
-0.30777, 4.90000
-0.18478, 4.91000
-0.31052, 4.92000
-0.18890, 4.93000
-0.31174, 4.94000
-0.19180, 4.95000
-0.31372, 4.96000
-0.19226, 4.97000
-0.31509, 4.98000
-0.19470, 4.99000
-0.31784, 5.00000
-0.19821, 5.01000
-0.31631, 5.02000
-0.19684, 5.03000
-0.31738, 5.04000
-0.19653, 5.05000
-0.31982, 5.06000
-0.19928, 5.07000
-0.32196, 5.08000
-0.19684, 5.09000
-0.32166, 5.10000
-0.20172, 5.11000
-0.32303, 5.12000
-0.20416, 5.13000
-0.32593, 5.14000
-0.20432, 5.15000
-0.32501, 5.16000
-0.20645, 5.17000
-0.32593, 5.18000
-0.20370, 5.19000
-0.32623, 5.20000
-0.20645, 5.21000
-0.32730, 5.22000
-0.20767, 5.23000
-0.32654, 5.24000
-0.20828, 5.25000
-0.32806, 5.26000
-0.20950, 5.27000
-0.32852, 5.28000
-0.21317, 5.29000
-0.32959, 5.30000
-0.21118, 5.31000
-0.32928, 5.32000
-0.21027, 5.33000
-0.32684, 5.34000
-0.21210, 5.35000
-0.33173, 5.36000
-0.21317, 5.37000
-0.32898, 5.38000
-0.21271, 5.39000
-0.33295, 5.40000
-0.21393, 5.41000
-0.33386, 5.42000
-0.21835, 5.43000
-0.33386, 5.44000
-0.21606, 5.45000
-0.33325, 5.46000
-0.21500, 5.47000
-0.33264, 5.48000
-0.21759, 5.49000
-0.33478, 5.50000
-0.21896, 5.51000
-0.33539, 5.52000
-0.21973, 5.53000
-0.33630, 5.54000
-0.21957, 5.55000
-0.33783, 5.56000
-0.22339, 5.57000
-0.33859, 5.58000
-0.22461, 5.59000
-0.33722, 5.60000
-0.21835, 5.61000
-0.33875, 5.62000
-0.22400, 5.63000
-0.34042, 5.64000
-0.22476, 5.65000
-0.33783, 5.66000
-0.22476, 5.67000
-0.34195, 5.68000
-0.22461, 5.69000
-0.34210, 5.70000
-0.22964, 5.71000
-0.34241, 5.72000
-0.22766, 5.73000
-0.34821, 5.74000
-0.22552, 5.75000
-0.34454, 5.76000
-0.22903, 5.77000
-0.34515, 5.78000
-0.22720, 5.79000
-0.34180, 5.80000
-0.23010, 5.81000
-0.34622, 5.82000
-0.23438, 5.83000
-0.34866, 5.84000
-0.23331, 5.85000
-0.34668, 5.86000
-0.23285, 5.87000
-0.34760, 5.88000
-0.23636, 5.89000
-0.34973, 5.90000
-0.23407, 5.91000
-0.34927, 5.92000
-0.23148, 5.93000
-0.34897, 5.94000
-0.23636, 5.95000
-0.35172, 5.96000
-0.23560, 5.97000
-0.34729, 5.98000
-0.23819, 5.99000
-0.35263, 6.00000
-0.23911, 6.01000
-0.35400, 6.02000
-0.24063, 6.03000
-0.35355, 6.04000
-0.24078, 6.05000
-0.35492, 6.06000
-0.24246, 6.07000
-0.35477, 6.08000
-0.24094, 6.09000
-0.35645, 6.10000
-0.24231, 6.11000
-0.35828, 6.12000
-0.24399, 6.13000
-0.35751, 6.14000
-0.24323, 6.15000
-0.35736, 6.16000
-0.24460, 6.17000
-0.35934, 6.18000
-0.24643, 6.19000
-0.35995, 6.20000
-0.25024, 6.21000
-0.36011, 6.22000
-0.24689, 6.23000
-0.36057, 6.24000
-0.24216, 6.25000
-0.36072, 6.26000
-0.24979, 6.27000
-0.36118, 6.28000
-0.24857, 6.29000
-0.35751, 6.30000
-0.25085, 6.31000
-0.36285, 6.32000
-0.25391, 6.33000
-0.36072, 6.34000
-0.25558, 6.35000
-0.36652, 6.36000
-0.25681, 6.37000
-0.36392, 6.38000
-0.25024, 6.39000
-0.36850, 6.40000
-0.25787, 6.41000
-0.36713, 6.42000
-0.25726, 6.43000
-0.36942, 6.44000
-0.25726, 6.45000
-0.36880, 6.46000
-0.25940, 6.47000
-0.36636, 6.48000
-0.25986, 6.49000
-0.37231, 6.50000
-0.26352, 6.51000
-0.37384, 6.52000
-0.26993, 6.53000
-0.37445, 6.54000
-0.26550, 6.55000
-0.37430, 6.56000
-0.26352, 6.57000
-0.37430, 6.58000
-0.26505, 6.59000
-0.37445, 6.60000
-0.26352, 6.61000
-0.36972, 6.62000
-0.26642, 6.63000
-0.37369, 6.64000
-0.27039, 6.65000
-0.37781, 6.66000
-0.26764, 6.67000
-0.37460, 6.68000
-0.26688, 6.69000
-0.37506, 6.70000
-0.27344, 6.71000
-0.37674, 6.72000
-0.26886, 6.73000
-0.37735, 6.74000
-0.26764, 6.75000
-0.37308, 6.76000
-0.27130, 6.77000
-0.37872, 6.78000
-0.27710, 6.79000
-0.38300, 6.80000
-0.27649, 6.81000
-0.38162, 6.82000
-0.27359, 6.83000
-0.38269, 6.84000
-0.27847, 6.85000
-0.38284, 6.86000
-0.27557, 6.87000
-0.38269, 6.88000
-0.27451, 6.89000
-0.38330, 6.90000
-0.27664, 6.91000
-0.38345, 6.92000
-0.27878, 6.93000
-0.37933, 6.94000
-0.27908, 6.95000
-0.38589, 6.96000
-0.27985, 6.97000
-0.38651, 6.98000
-0.28534, 6.99000
-0.38605, 7.00000
-0.28046, 7.01000
-0.38757, 7.02000
-0.28091, 7.03000
-0.39612, 7.04000
-0.28214, 7.05000
-0.38910, 7.06000
-0.28412, 7.07000
-0.38361, 7.08000
-0.28534, 7.09000
-0.38956, 7.10000
-0.28549, 7.11000
-0.39108, 7.12000
-0.29221, 7.13000
-0.39215, 7.14000
-0.28778, 7.15000
-0.37201, 7.16000
-0.31097, 7.17000
-0.37231, 7.18000
-0.31082, 7.19000
-0.37308, 7.20000
-0.30975, 7.21000
-0.37369, 7.22000
-0.31082, 7.23000
-0.37308, 7.24000
-0.31113, 7.25000
-0.37888, 7.26000
-0.30960, 7.27000
-0.37109, 7.28000
-0.30945, 7.29000
-0.36850, 7.30000
-0.31052, 7.31000
-0.36850, 7.32000
-0.30975, 7.33000
-0.37201, 7.34000
-0.31311, 7.35000
-0.37979, 7.36000
-0.32150, 7.37000
-0.38589, 7.38000
-0.32562, 7.39000
-0.38956, 7.40000
-0.32913, 7.41000
-0.38544, 7.42000
-0.32394, 7.43000
-0.38315, 7.44000
-0.32150, 7.45000
-0.38101, 7.46000
-0.31723, 7.47000
-0.37598, 7.48000
-0.31387, 7.49000
-0.37170, 7.50000
-0.31097, 7.51000
-0.37079, 7.52000
-0.30914, 7.53000
-0.36835, 7.54000
-0.30807, 7.55000
-0.36591, 7.56000
-0.30670, 7.57000
-0.36819, 7.58000
-0.31036, 7.59000
-0.37155, 7.60000
-0.31509, 7.61000
-0.37460, 7.62000
-0.31494, 7.63000
-0.37521, 7.64000
-0.31845, 7.65000
-0.37582, 7.66000
-0.31891, 7.67000
-0.37643, 7.68000
-0.30991, 7.69000
-0.37643, 7.70000
-0.31906, 7.71000
-0.37598, 7.72000
-0.32089, 7.73000
-0.37735, 7.74000
-0.32227, 7.75000
-0.38055, 7.76000
-0.32684, 7.77000
-0.38101, 7.78000
-0.33600, 7.79000
-0.39581, 7.80000
-0.34424, 7.81000
-0.40009, 7.82000
-0.34714, 7.83000
-0.40421, 7.84000
-0.35004, 7.85000
-0.40100, 7.86000
-0.35294, 7.87000
-0.40604, 7.88000
-0.35263, 7.89000
-0.40710, 7.90000
-0.34973, 7.91000
-0.40817, 7.92000
-0.35263, 7.93000
-0.40756, 7.94000
-0.35583, 7.95000
-0.41000, 7.96000
-0.35812, 7.97000
-0.41016, 7.98000
-0.35583, 7.99000
-0.41443, 8.00000
-0.36011, 8.01000
-0.41351, 8.02000
-0.35706, 8.03000
-0.40878, 8.04000
-0.36987, 8.05000
-0.40909, 8.06000
-0.36392, 8.07000
-0.41458, 8.08000
-0.36224, 8.09000
-0.41687, 8.10000
-0.36636, 8.11000
-0.41519, 8.12000
-0.36453, 8.13000
-0.40894, 8.14000
-0.36606, 8.15000
-0.41611, 8.16000
-0.36636, 8.17000
-0.42038, 8.18000
-0.37094, 8.19000
-0.41412, 8.20000
-0.37094, 8.21000
-0.41870, 8.22000
-0.37781, 8.23000
-0.41580, 8.24000
-0.37048, 8.25000
-0.41611, 8.26000
-0.37338, 8.27000
-0.41885, 8.28000
-0.36957, 8.29000
-0.41763, 8.30000
-0.37140, 8.31000
-0.42145, 8.32000
-0.37888, 8.33000
-0.42740, 8.34000
-0.36804, 8.35000
-0.41946, 8.36000
-0.38193, 8.37000
-0.42068, 8.38000
-0.37491, 8.39000
-0.42114, 8.40000
-0.37521, 8.41000
-0.42343, 8.42000
-0.37903, 8.43000
-0.42374, 8.44000
-0.38483, 8.45000
-0.42557, 8.46000
-0.38010, 8.47000
-0.42023, 8.48000
-0.38818, 8.49000
-0.42648, 8.50000
-0.39291, 8.51000
-0.43137, 8.52000
-0.38376, 8.53000
-0.42740, 8.54000
-0.39581, 8.55000
-0.43015, 8.56000
-0.38940, 8.57000
-0.43274, 8.58000
-0.38086, 8.59000
-0.43182, 8.60000
-0.39169, 8.61000
-0.43213, 8.62000
-0.39780, 8.63000
-0.43411, 8.64000
-0.39291, 8.65000
-0.43457, 8.66000
-0.39749, 8.67000
-0.44235, 8.68000
-0.39658, 8.69000
-0.43411, 8.70000
-0.39642, 8.71000
-0.43610, 8.72000
-0.39764, 8.73000
-0.43640, 8.74000
-0.40100, 8.75000
-0.43930, 8.76000
-0.39734, 8.77000
-0.43884, 8.78000
-0.40390, 8.79000
-0.44327, 8.80000
-0.40939, 8.81000
-0.44006, 8.82000
-0.40451, 8.83000
-0.43854, 8.84000
-0.40848, 8.85000
-0.45059, 8.86000
-0.40695, 8.87000
-0.44159, 8.88000
-0.40802, 8.89000
-0.44281, 8.90000
-0.40329, 8.91000
-0.44403, 8.92000
-0.41061, 8.93000
-0.44556, 8.94000
-0.40222, 8.95000
-0.44250, 8.96000
-0.41397, 8.97000
-0.44769, 8.98000
-0.39871, 8.99000
-0.44830, 9.00000
-0.41580, 9.01000
-0.45120, 9.02000
-0.41824, 9.03000
-0.45288, 9.04000
-0.42053, 9.05000
-0.45380, 9.06000
-0.42191, 9.07000
-0.44785, 9.08000
-0.42267, 9.09000
-0.45654, 9.10000
-0.42557, 9.11000
-0.45761, 9.12000
-0.42725, 9.13000
-0.45853, 9.14000
-0.42770, 9.15000
-0.45914, 9.16000
-0.42999, 9.17000
-0.46310, 9.18000
-0.43152, 9.19000
-0.46280, 9.20000
-0.43350, 9.21000
-0.46356, 9.22000
-0.42435, 9.23000
-0.46509, 9.24000
-0.43839, 9.25000
-0.46600, 9.26000
-0.43930, 9.27000
-0.46799, 9.28000
-0.44159, 9.29000
-0.46768, 9.30000
-0.44144, 9.31000
-0.47272, 9.32000
-0.44586, 9.33000
-0.47043, 9.34000
-0.44205, 9.35000
-0.47195, 9.36000
-0.44830, 9.37000
-0.47318, 9.38000
-0.44830, 9.39000
-0.47684, 9.40000
-0.44952, 9.41000
-0.47638, 9.42000
-0.45258, 9.43000
-0.47409, 9.44000
-0.45410, 9.45000
-0.48431, 9.46000
-0.45395, 9.47000
-0.47699, 9.48000
-0.45532, 9.49000
-0.47852, 9.50000
-0.46417, 9.51000
-0.47989, 9.52000
-0.45792, 9.53000
-0.48096, 9.54000
-0.45563, 9.55000
-0.48248, 9.56000
-0.46265, 9.57000
-0.48294, 9.58000
-0.46951, 9.59000
-0.48416, 9.60000
-0.46478, 9.61000
-0.48431, 9.62000
-0.46722, 9.63000
-0.50354, 9.64000
-0.46707, 9.65000
-0.48660, 9.66000
-0.46921, 9.67000
-0.49210, 9.68000
-0.47714, 9.69000
-0.49057, 9.70000
-0.47348, 9.71000
-0.49194, 9.72000
-0.47089, 9.73000
-0.49316, 9.74000
-0.47592, 9.75000
-0.49545, 9.76000
-0.48462, 9.77000
-0.49591, 9.78000
-0.47989, 9.79000
-0.49591, 9.80000
-0.47974, 9.81000
-0.49835, 9.82000
-0.48126, 9.83000
-0.49805, 9.84000
-0.48233, 9.85000
-0.49835, 9.86000
-0.48172, 9.87000
-0.49484, 9.88000
-0.48645, 9.89000
-0.50049, 9.90000
-0.48981, 9.91000
-0.50156, 9.92000
-0.48843, 9.93000
-0.50125, 9.94000
-0.49225, 9.95000
-0.50446, 9.96000
-0.49103, 9.97000
-0.50461, 9.98000
-0.49347, 9.99000
-0.50598, 10.00000
-0.48859, 10.01000
-0.50720, 10.02000
-0.49652, 10.03000
-0.50629, 10.04000
-0.49942, 10.05000
-0.50476, 10.06000
-0.50049, 10.07000
-0.50827, 10.08000
-0.50186, 10.09000
-0.51300, 10.10000
-0.50262, 10.11000
-0.51102, 10.12000
-0.50125, 10.13000
-0.51300, 10.14000
-0.50095, 10.15000
-0.51514, 10.16000
-0.50812, 10.17000
-0.51590, 10.18000
-0.50980, 10.19000
-0.51208, 10.20000
-0.50461, 10.21000
-0.51819, 10.22000
-0.51239, 10.23000
-0.51971, 10.24000
-0.51910, 10.25000
-0.52139, 10.26000
-0.51544, 10.27000
-0.52185, 10.28000
-0.49896, 10.29000
-0.52322, 10.30000
-0.51727, 10.31000
-0.52368, 10.32000
-0.52017, 10.33000
-0.52643, 10.34000
-0.52017, 10.35000
-0.52658, 10.36000
-0.52277, 10.37000
-0.53009, 10.38000
-0.52322, 10.39000
-0.52872, 10.40000
-0.52490, 10.41000
-0.53009, 10.42000
-0.52628, 10.43000
-0.53116, 10.44000
-0.52811, 10.45000
-0.53253, 10.46000
-0.52933, 10.47000
-0.53375, 10.48000
-0.53207, 10.49000
-0.53589, 10.50000
-0.53314, 10.51000
-0.54214, 10.52000
-0.53757, 10.53000
-0.53772, 10.54000
-0.53711, 10.55000
-0.53864, 10.56000
-0.53894, 10.57000
-0.53894, 10.58000
-0.53909, 10.59000
-0.54047, 10.60000
-0.53879, 10.61000
-0.54138, 10.62000
-0.54184, 10.63000
-0.54337, 10.64000
-0.54413, 10.65000
-0.54611, 10.66000
-0.55023, 10.67000
-0.54413, 10.68000
-0.54794, 10.69000
-0.54520, 10.70000
-0.54886, 10.71000
-0.54504, 10.72000
-0.55008, 10.73000
-0.54840, 10.74000
-0.55054, 10.75000
-0.54977, 10.76000
-0.55389, 10.77000
-0.55054, 10.78000
-0.55511, 10.79000
-0.55740, 10.80000
-0.55756, 10.81000
-0.55313, 10.82000
-0.55847, 10.83000
-0.55344, 10.84000
-0.55984, 10.85000
-0.55481, 10.86000
-0.56274, 10.87000
-0.55664, 10.88000
-0.55847, 10.89000
-0.55649, 10.90000
-0.57022, 10.91000
-0.55832, 10.92000
-0.56702, 10.93000
-0.57617, 10.94000
-0.57037, 10.95000
-0.56030, 10.96000
-0.56992, 10.97000
-0.56351, 10.98000
-0.57755, 10.99000
-0.56366, 11.00000
-0.57266, 11.01000
-0.56335, 11.02000
-0.57495, 11.03000
-0.56595, 11.04000
-0.57632, 11.05000
-0.56564, 11.06000
-0.57510, 11.07000
-0.56747, 11.08000
-0.57938, 11.09000
-0.56808, 11.10000
-0.58273, 11.11000
-0.57007, 11.12000
-0.58273, 11.13000
-0.57037, 11.14000
-0.58472, 11.15000
-0.57236, 11.16000
-0.59128, 11.17000
-0.57495, 11.18000
-0.58762, 11.19000
-0.57373, 11.20000
-0.58838, 11.21000
-0.57587, 11.22000
-0.59143, 11.23000
-0.57632, 11.24000
-0.59158, 11.25000
-0.57785, 11.26000
-0.59464, 11.27000
-0.57846, 11.28000
-0.59662, 11.29000
-0.58990, 11.30000
-0.59677, 11.31000
-0.58105, 11.32000
-0.60257, 11.33000
-0.58304, 11.34000
-0.60089, 11.35000
-0.58304, 11.36000
-0.60303, 11.37000
-0.58273, 11.38000
-0.60257, 11.39000
-0.58502, 11.40000
-0.60440, 11.41000
-0.58548, 11.42000
-0.60852, 11.43000
-0.58960, 11.44000
-0.60883, 11.45000
-0.58945, 11.46000
-0.61096, 11.47000
-0.59082, 11.48000
-0.61172, 11.49000
-0.59036, 11.50000
-0.61356, 11.51000
-0.59311, 11.52000
-0.61508, 11.53000
-0.59387, 11.54000
-0.61432, 11.55000
-0.59402, 11.56000
-0.61737, 11.57000
-0.59662, 11.58000
-0.60684, 11.59000
-0.59677, 11.60000
-0.62149, 11.61000
-0.60043, 11.62000
-0.62424, 11.63000
-0.59891, 11.64000
-0.62561, 11.65000
-0.60379, 11.66000
-0.62653, 11.67000
-0.60089, 11.68000
-0.62836, 11.69000
-0.60303, 11.70000
-0.63461, 11.71000
-0.60471, 11.72000
-0.63156, 11.73000
-0.60562, 11.74000
-0.63049, 11.75000
-0.60638, 11.76000
-0.63400, 11.77000
-0.60699, 11.78000
-0.63751, 11.79000
-0.61234, 11.80000
-0.63751, 11.81000
-0.60776, 11.82000
-0.63751, 11.83000
-0.61096, 11.84000
-0.64056, 11.85000
-0.61111, 11.86000
-0.64377, 11.87000
-0.61295, 11.88000
-0.64346, 11.89000
-0.61142, 11.90000
-0.64713, 11.91000
-0.61417, 11.92000
-0.64789, 11.93000
-0.62241, 11.94000
-0.64987, 11.95000
-0.61798, 11.96000
-0.65231, 11.97000
-0.61752, 11.98000
-0.65323, 11.99000
-0.61874, 12.00000
-0.65857, 12.01000
-0.61829, 12.02000
-0.65918, 12.03000
-0.61874, 12.04000
-0.66147, 12.05000
-0.61920, 12.06000
-0.66101, 12.07000
-0.62820, 12.08000
-0.66223, 12.09000
-0.62469, 12.10000
-0.66315, 12.11000
-0.62622, 12.12000
-0.67230, 12.13000
-0.62546, 12.14000
-0.66422, 12.15000
-0.62714, 12.16000
-0.67184, 12.17000
-0.62515, 12.18000
-0.67093, 12.19000
-0.63019, 12.20000
-0.67322, 12.21000
-0.63232, 12.22000
-0.67398, 12.23000
-0.64667, 12.24000
-0.67947, 12.25000
-0.62988, 12.26000
-0.68527, 12.27000
-0.63553, 12.28000
-0.68054, 12.29000
-0.63614, 12.30000
-0.67932, 12.31000
-0.64056, 12.32000
-0.68253, 12.33000
-0.63995, 12.34000
-0.68207, 12.35000
-0.64117, 12.36000
-0.68802, 12.37000
-0.64056, 12.38000
-0.68954, 12.39000
-0.64423, 12.40000
-0.69626, 12.41000
-0.64301, 12.42000
-0.69138, 12.43000
-0.64392, 12.44000
-0.68710, 12.45000
-0.64438, 12.46000
-0.69656, 12.47000
-0.64682, 12.48000
-0.69717, 12.49000
-0.64224, 12.50000
-0.70175, 12.51000
-0.64896, 12.52000
-0.70145, 12.53000
-0.65231, 12.54000
-0.70892, 12.55000
-0.65155, 12.56000
-0.70496, 12.57000
-0.65186, 12.58000
-0.70251, 12.59000
-0.64896, 12.60000
-0.70908, 12.61000
-0.65475, 12.62000
-0.71121, 12.63000
-0.65399, 12.64000
-0.71579, 12.65000
-0.65613, 12.66000
-0.71564, 12.67000
-0.65842, 12.68000
-0.72083, 12.69000
-0.66055, 12.70000
-0.71732, 12.71000
-0.66055, 12.72000
-0.71732, 12.73000
-0.65857, 12.74000
-0.72174, 12.75000
-0.66345, 12.76000
-0.72388, 12.77000
-0.66010, 12.78000
-0.72418, 12.79000
-0.66650, 12.80000
-0.72632, 12.81000
-0.66986, 12.82000
-0.73257, 12.83000
-0.66742, 12.84000
-0.72952, 12.85000
-0.67108, 12.86000
-0.72281, 12.87000
-0.66895, 12.88000
-0.71823, 12.89000
-0.67352, 12.90000
-0.73471, 12.91000
-0.67062, 12.92000
-0.73700, 12.93000
-0.67535, 12.94000
-0.73929, 12.95000
-0.67841, 12.96000
-0.74402, 12.97000
-0.67871, 12.98000
-0.74203, 12.99000
-0.67993, 13.00000
-0.74188, 13.01000
-0.67764, 13.02000
-0.74661, 13.03000
-0.68314, 13.04000
-0.74799, 13.05000
-0.68146, 13.06000
-0.74966, 13.07000
-0.68619, 13.08000
-0.75363, 13.09000
-0.68878, 13.10000
-0.75897, 13.11000
-0.68970, 13.12000
-0.75562, 13.13000
-0.69107, 13.14000
-0.75592, 13.15000
-0.69138, 13.16000
-0.75974, 13.17000
-0.69107, 13.18000
-0.76126, 13.19000
-0.69214, 13.20000
-0.76263, 13.21000
-0.69778, 13.22000
-0.76614, 13.23000
-0.69992, 13.24000
-0.76828, 13.25000
-0.70023, 13.26000
-0.77042, 13.27000
-0.70297, 13.28000
-0.76965, 13.29000
-0.70465, 13.30000
-0.77560, 13.31000
-0.70648, 13.32000
-0.77805, 13.33000
-0.70435, 13.34000
-0.78445, 13.35000
-0.71182, 13.36000
-0.78308, 13.37000
-0.71487, 13.38000
-0.78827, 13.39000
-0.71701, 13.40000
-0.79056, 13.41000
-0.71747, 13.42000
-0.79544, 13.43000
-0.72235, 13.44000
-0.79742, 13.45000
-0.72662, 13.46000
-0.80139, 13.47000
-0.72678, 13.48000
-0.81116, 13.49000
-0.73563, 13.50000
-0.81711, 13.51000
-0.74249, 13.52000
-0.81848, 13.53000
-0.75729, 13.54000
-0.82520, 13.55000
-0.75577, 13.56000
-0.83221, 13.57000
-0.75989, 13.58000
-0.83954, 13.59000
-0.76721, 13.60000
-0.84351, 13.61000
-0.77240, 13.62000
-0.85190, 13.63000
-0.77606, 13.64000
-0.85770, 13.65000
-0.77988, 13.66000
-0.86273, 13.67000
-0.78873, 13.68000
-0.86639, 13.69000
-0.79437, 13.70000
-0.87921, 13.71000
-0.79910, 13.72000
-0.88135, 13.73000
-0.80597, 13.74000
-0.88669, 13.75000
-0.81406, 13.76000
-0.90225, 13.77000
-0.82870, 13.78000
-0.91568, 13.79000
-0.83832, 13.80000
-0.93124, 13.81000
-0.85922, 13.82000
-0.95398, 13.83000
-0.87952, 13.84000
-0.97076, 13.85000
-0.90210, 13.86000
-0.99686, 13.87000
-0.92819, 13.88000
-1.03149, 13.89000
-0.95978, 13.90000
-1.05972, 13.91000
-0.99533, 13.92000
-1.09909, 13.93000
-1.04004, 13.94000
-1.14975, 13.95000
-1.09299, 13.96000
-1.20850, 13.97000
-1.15143, 13.98000
-1.27884, 13.99000
-1.22650, 14.00000
-1.35468, 14.01000
-1.31378, 14.02000
-1.44958, 14.03000
-1.40854, 14.04000
-1.54984, 14.05000
-1.51825, 14.06000
-1.66809, 14.07000
-1.62949, 14.08000
-1.77872, 14.09000
-1.75003, 14.10000
-1.89606, 14.11000
-1.86600, 14.12000
-2.01462, 14.13000
-1.97998, 14.14000
-2.12418, 14.15000
-2.05872, 14.16000
-2.23541, 14.17000
-2.14279, 14.18000
-2.30270, 14.19000
-2.20779, 14.20000
-2.36420, 14.21000
-2.24762, 14.22000
-2.39319, 14.23000
-2.26593, 14.24000
-2.40021, 14.25000
-2.26257, 14.26000
-2.38770, 14.27000
-2.24075, 14.28000
-2.35687, 14.29000
-2.20444, 14.30000
-2.31537, 14.31000
-2.15744, 14.32000
-2.26456, 14.33000
-2.10693, 14.34000
-2.20596, 14.35000
-2.04193, 14.36000
-2.14691, 14.37000
-1.98196, 14.38000
-2.08633, 14.39000
-1.92230, 14.40000
-2.02713, 14.41000
-1.86356, 14.42000
-1.97235, 14.43000
-1.80923, 14.44000
-1.91757, 14.45000
-1.75659, 14.46000
-1.86630, 14.47000
-1.70853, 14.48000
-1.81854, 14.49000
-1.66077, 14.50000
-1.77490, 14.51000
-1.62125, 14.52000
-1.73645, 14.53000
-1.58401, 14.54000
-1.70166, 14.55000
-1.54984, 14.56000
-1.67068, 14.57000
-1.52084, 14.58000
-1.64337, 14.59000
-1.49551, 14.60000
-1.62109, 14.61000
-1.47751, 14.62000
-1.60370, 14.63000
-1.45905, 14.64000
-1.58951, 14.65000
-1.44836, 14.66000
-1.58112, 14.67000
-1.44318, 14.68000
-1.57959, 14.69000
-1.44470, 14.70000
-1.58371, 14.71000
-1.45355, 14.72000
-1.59653, 14.73000
-1.46896, 14.74000
-1.61911, 14.75000
-1.49521, 14.76000
-1.64764, 14.77000
-1.52878, 14.78000
-1.68518, 14.79000
-1.57166, 14.80000
-1.73218, 14.81000
-1.62140, 14.82000
-1.78207, 14.83000
-1.68091, 14.84000
-1.83884, 14.85000
-1.72928, 14.86000
-1.89270, 14.87000
-1.78360, 14.88000
-1.94595, 14.89000
-1.83426, 14.90000
-1.99173, 14.91000
-1.87546, 14.92000
-2.02927, 14.93000
-1.90979, 14.94000
-2.05475, 14.95000
-1.92688, 14.96000
-2.06955, 14.97000
-1.93649, 14.98000
-2.07474, 14.99000
-1.93665, 15.00000
-2.06879, 15.01000
-1.92535, 15.02000
-2.05536, 15.03000
-1.90811, 15.04000
-2.03598, 15.05000
-1.88904, 15.06000
-2.01187, 15.07000
-1.86584, 15.08000
-1.99020, 15.09000
-1.84021, 15.10000
-1.96762, 15.11000
-1.81992, 15.12000
-1.94870, 15.13000
-1.80145, 15.14000
-1.93420, 15.15000
-1.78925, 15.16000
-1.92062, 15.17000
-1.77689, 15.18000
-1.91208, 15.19000
-1.77078, 15.20000
-1.90582, 15.21000
-1.76468, 15.22000
-1.90186, 15.23000
-1.76117, 15.24000
-1.89911, 15.25000
-1.76102, 15.26000
-1.89545, 15.27000
-1.75415, 15.28000
-1.88995, 15.29000
-1.74942, 15.30000
-1.88370, 15.31000
-1.74088, 15.32000
-1.87378, 15.33000
-1.73065, 15.34000
-1.86264, 15.35000
-1.71585, 15.36000
-1.84891, 15.37000
-1.70502, 15.38000
-1.83441, 15.39000
-1.68991, 15.40000
-1.81763, 15.41000
-1.67221, 15.42000
-1.80115, 15.43000
-1.65619, 15.44000
-1.78513, 15.45000
-1.64108, 15.46000
-1.77109, 15.47000
-1.62415, 15.48000
-1.75751, 15.49000
-1.61057, 15.50000
-1.74149, 15.51000
-1.59561, 15.52000
-1.72729, 15.53000
-1.58417, 15.54000
-1.71219, 15.55000
-1.56586, 15.56000
-1.69571, 15.57000
-1.55045, 15.58000
-1.68121, 15.59000
-1.53656, 15.60000
-1.66718, 15.61000
-1.52039, 15.62000
-1.65146, 15.63000
-1.50558, 15.64000
-1.63452, 15.65000
-1.48804, 15.66000
-1.61835, 15.67000
-1.47293, 15.68000
-1.60400, 15.69000
-1.45844, 15.70000
-1.58859, 15.71000
-1.44562, 15.72000
-1.57562, 15.73000
-1.43021, 15.74000
-1.56219, 15.75000
-1.41800, 15.76000
-1.55075, 15.77000
-1.40762, 15.78000
-1.54007, 15.79000
-1.39435, 15.80000
-1.52939, 15.81000
-1.38580, 15.82000
-1.51993, 15.83000
-1.37726, 15.84000
-1.51108, 15.85000
-1.37192, 15.86000
-1.50330, 15.87000
-1.36215, 15.88000
-1.49628, 15.89000
-1.35605, 15.90000
-1.49246, 15.91000
-1.35101, 15.92000
-1.48773, 15.93000
-1.34644, 15.94000
-1.48514, 15.95000
-1.34216, 15.96000
-1.47644, 15.97000
-1.33759, 15.98000
-1.47415, 15.99000
-1.33362, 16.00000
-1.47034, 16.01000
-1.33179, 16.02000
-1.46759, 16.03000
-1.32935, 16.04000
-1.46454, 16.05000
-1.32507, 16.06000
-1.46286, 16.07000
-1.32309, 16.08000
-1.46332, 16.09000
-1.32141, 16.10000
-1.45782, 16.11000
-1.31836, 16.12000
-1.45737, 16.13000
-1.32156, 16.14000
-1.45508, 16.15000
-1.31775, 16.16000
-1.45447, 16.17000
-1.31638, 16.18000
-1.45386, 16.19000
-1.31546, 16.20000
-1.45370, 16.21000
-1.31683, 16.22000
-1.45599, 16.23000
-1.31592, 16.24000
-1.45432, 16.25000
-1.31622, 16.26000
-1.45340, 16.27000
-1.31577, 16.28000
-1.45355, 16.29000
-1.31546, 16.30000
-1.45401, 16.31000
-1.31561, 16.32000
-1.45187, 16.33000
-1.31500, 16.34000
-1.45462, 16.35000
-1.31790, 16.36000
-1.45767, 16.37000
-1.31943, 16.38000
-1.45844, 16.39000
-1.31897, 16.40000
-1.45782, 16.41000
-1.32187, 16.42000
-1.46088, 16.43000
-1.32401, 16.44000
-1.46332, 16.45000
-1.32645, 16.46000
-1.46332, 16.47000
-1.32690, 16.48000
-1.46637, 16.49000
-1.33026, 16.50000
-1.46866, 16.51000
-1.33377, 16.52000
-1.47263, 16.53000
-1.33667, 16.54000
-1.47812, 16.55000
-1.34216, 16.56000
-1.48331, 16.57000
-1.34842, 16.58000
-1.48972, 16.59000
-1.35498, 16.60000
-1.49704, 16.61000
-1.36368, 16.62000
-1.50482, 16.63000
-1.37238, 16.64000
-1.51367, 16.65000
-1.38245, 16.66000
-1.52557, 16.67000
-1.39481, 16.68000
-1.53793, 16.69000
-1.40594, 16.70000
-1.55121, 16.71000
-1.42166, 16.72000
-1.56754, 16.73000
-1.43951, 16.74000
-1.58859, 16.75000
-1.46225, 16.76000
-1.61102, 16.77000
-1.48849, 16.78000
-1.64215, 16.79000
-1.51901, 16.80000
-1.67282, 16.81000
-1.55365, 16.82000
-1.71402, 16.83000
-1.59698, 16.84000
-1.75644, 16.85000
-1.64307, 16.86000
-1.80252, 16.87000
-1.69022, 16.88000
-1.85272, 16.89000
-1.73981, 16.90000
-1.90277, 16.91000
-1.78894, 16.92000
-1.94717, 16.93000
-1.83380, 16.94000
-1.99234, 16.95000
-1.87378, 16.96000
-2.03049, 16.97000
-1.91055, 16.98000
-2.06375, 16.99000
-1.93970, 17.00000
-2.09137, 17.01000
-1.96472, 17.02000
-2.11502, 17.03000
-1.98639, 17.04000
-2.13348, 17.05000
-2.00409, 17.06000
-2.14951, 17.07000
-2.01828, 17.08000
-2.16156, 17.09000
-2.03125, 17.10000
-2.17499, 17.11000
-2.04254, 17.12000
-2.18369, 17.13000
-2.05154, 17.14000
-2.19254, 17.15000
-2.06055, 17.16000
-2.20230, 17.17000
-2.06879, 17.18000
-2.20963, 17.19000
-2.07458, 17.20000
-2.21237, 17.21000
-2.07703, 17.22000
-2.21527, 17.23000
-2.07916, 17.24000
-2.21420, 17.25000
-2.07565, 17.26000
-2.20886, 17.27000
-2.06863, 17.28000
-2.19955, 17.29000
-2.05933, 17.30000
-2.18811, 17.31000
-2.04453, 17.32000
-2.17438, 17.33000
-2.02621, 17.34000
-2.15118, 17.35000
-2.00546, 17.36000
-2.13089, 17.37000
-1.98135, 17.38000
-2.10571, 17.39000
-1.95526, 17.40000
-2.07947, 17.41000
-1.92856, 17.42000
-2.05002, 17.43000
-1.90201, 17.44000
-2.02179, 17.45000
-1.87119, 17.46000
-1.99570, 17.47000
-1.84479, 17.48000
-1.96655, 17.49000
-1.81747, 17.50000
-1.94275, 17.51000
-1.79367, 17.52000
-1.91879, 17.53000
-1.77246, 17.54000
-1.89972, 17.55000
-1.75537, 17.56000
-1.88202, 17.57000
-1.74026, 17.58000
-1.87149, 17.59000
-1.72791, 17.60000
-1.86264, 17.61000
-1.72333, 17.62000
-1.85486, 17.63000
-1.71936, 17.64000
-1.85440, 17.65000
-1.71982, 17.66000
-1.85867, 17.67000
-1.72546, 17.68000
-1.86600, 17.69000
-1.73431, 17.70000
-1.87637, 17.71000
-1.74820, 17.72000
-1.89163, 17.73000
-1.76697, 17.74000
-1.91513, 17.75000
-1.78665, 17.76000
-1.93573, 17.77000
-1.81244, 17.78000
-1.96091, 17.79000
-1.83777, 17.80000
-1.98700, 17.81000
-1.86539, 17.82000
-2.01447, 17.83000
-1.89224, 17.84000
-2.04178, 17.85000
-1.91956, 17.86000
-2.06863, 17.87000
-1.94412, 17.88000
-2.08984, 17.89000
-1.96396, 17.90000
-2.10602, 17.91000
-1.97937, 17.92000
-2.12067, 17.93000
-1.98837, 17.94000
-2.12601, 17.95000
-1.99463, 17.96000
-2.13120, 17.97000
-1.99722, 17.98000
-2.13028, 17.99000
-1.99570, 18.00000
-2.12738, 18.01000
-1.98929, 18.02000
-2.12128, 18.03000
-1.98425, 18.04000
-2.11472, 18.05000
-1.97723, 18.06000
-2.10770, 18.07000
-1.97083, 18.08000
-2.10526, 18.09000
-1.96625, 18.10000
-2.09763, 18.11000
-1.96075, 18.12000
-2.09351, 18.13000
-1.95923, 18.14000
-2.09122, 18.15000
-1.95786, 18.16000
-2.09274, 18.17000
-1.96030, 18.18000
-2.09488, 18.19000
-1.96335, 18.20000
-2.09885, 18.21000
-1.96762, 18.22000
-2.10403, 18.23000
-1.97281, 18.24000
-2.10953, 18.25000
-1.97754, 18.26000
-2.11365, 18.27000
-1.98227, 18.28000
-2.11929, 18.29000
-1.98624, 18.30000
-2.12311, 18.31000
-1.99020, 18.32000
-2.12662, 18.33000
-1.99280, 18.34000
-2.12708, 18.35000
-1.99493, 18.36000
-2.12860, 18.37000
-1.99631, 18.38000
-2.12860, 18.39000
-1.99844, 18.40000
-2.13089, 18.41000
-1.99966, 18.42000
-2.13379, 18.43000
-2.00043, 18.44000
-2.13348, 18.45000
-2.00058, 18.46000
-2.13379, 18.47000
-2.00150, 18.48000
-2.13409, 18.49000
-2.00333, 18.50000
-2.13470, 18.51000
-2.00455, 18.52000
-2.13669, 18.53000
-2.00653, 18.54000
-2.13943, 18.55000
-2.01141, 18.56000
-2.14462, 18.57000
-2.01309, 18.58000
-2.14798, 18.59000
-2.01553, 18.60000
-2.14935, 18.61000
-2.02072, 18.62000
-2.15485, 18.63000
-2.02621, 18.64000
-2.15897, 18.65000
-2.02789, 18.66000
-2.16110, 18.67000
-2.03186, 18.68000
-2.16629, 18.69000
-2.03857, 18.70000
-2.17514, 18.71000
-2.04376, 18.72000
-2.17834, 18.73000
-2.05078, 18.74000
-2.18643, 18.75000
-2.05948, 18.76000
-2.19330, 18.77000
-2.06711, 18.78000
-2.20062, 18.79000
-2.07291, 18.80000
-2.20657, 18.81000
-2.08054, 18.82000
-2.21527, 18.83000
-2.08862, 18.84000
-2.22366, 18.85000
-2.09763, 18.86000
-2.23297, 18.87000
-2.10693, 18.88000
-2.24106, 18.89000
-2.11533, 18.90000
-2.25067, 18.91000
-2.12585, 18.92000
-2.26089, 18.93000
-2.13287, 18.94000
-2.26974, 18.95000
-2.14584, 18.96000
-2.27921, 18.97000
-2.15515, 18.98000
-2.28851, 18.99000
-2.16293, 19.00000
-2.29736, 19.01000
-2.17133, 19.02000
-2.30438, 19.03000
-2.17529, 19.04000
-2.30148, 19.05000
-2.16660, 19.06000
-2.28119, 19.07000
-2.14813, 19.08000
-2.28088, 19.09000
-2.15988, 19.10000
-2.29828, 19.11000
-2.17972, 19.12000
-2.32086, 19.13000
-2.20108, 19.14000
-2.33871, 19.15000
-2.21832, 19.16000
-2.35733, 19.17000
-2.23557, 19.18000
-2.37213, 19.19000
-2.25006, 19.20000
-2.38571, 19.21000
-2.26700, 19.22000
-2.40784, 19.23000
-2.28668, 19.24000
-2.42355, 19.25000
-2.29965, 19.26000
-2.43057, 19.27000
-2.30469, 19.28000
-2.43347, 19.29000
-2.30423, 19.30000
-2.43103, 19.31000
-2.30026, 19.32000
-2.42432, 19.33000
-2.29950, 19.34000
-2.42645, 19.35000
-2.30118, 19.36000
-2.42798, 19.37000
-2.30133, 19.38000
-2.42508, 19.39000
-2.28882, 19.40000
-2.41119, 19.41000
-2.27585, 19.42000
-2.39349, 19.43000
-2.25296, 19.44000
-2.36694, 19.45000
-2.23587, 19.46000
-2.35214, 19.47000
-2.21252, 19.48000
-2.34360, 19.49000
-2.23419, 19.50000
-2.37488, 19.51000
-2.26624, 19.52000
-2.40982, 19.53000
-2.29950, 19.54000
-2.44049, 19.55000
-2.33292, 19.56000
-2.47284, 19.57000
-2.36084, 19.58000
-2.49420, 19.59000
-2.37900, 19.60000
-2.51266, 19.61000
-2.39609, 19.62000
-2.53098, 19.63000
-2.41287, 19.64000
-2.54578, 19.65000
-2.43011, 19.66000
-2.56180, 19.67000
-2.44446, 19.68000
-2.57645, 19.69000
-2.46063, 19.70000
-2.59567, 19.71000
-2.48184, 19.72000
-2.61993, 19.73000
-2.52396, 19.74000
-2.65625, 19.75000
-2.52304, 19.76000
-2.63626, 19.77000
-2.50137, 19.78000
-2.61627, 19.79000
-2.48611, 19.80000
-2.60330, 19.81000
-2.47482, 19.82000
-2.58606, 19.83000
-2.45041, 19.84000
-2.56607, 19.85000
-2.43484, 19.86000
-2.55447, 19.87000
-2.43484, 19.88000
-2.55920, 19.89000
-2.43912, 19.90000
-2.56470, 19.91000
-2.44385, 19.92000
-2.56653, 19.93000
-2.43973, 19.94000
-2.55463, 19.95000
-2.43378, 19.96000
-2.55569, 19.97000
-2.44614, 19.98000
-2.58362, 19.99000
-2.47375, 20.00000
-2.60681, 20.01000
-2.49695, 20.02000
-2.62772, 20.03000
-2.50778, 20.04000
-2.64450, 20.05000
-2.52625, 20.06000
-2.64694, 20.07000
-2.53006, 20.08000
-2.64832, 20.09000
-2.53448, 20.10000
-2.65762, 20.11000
-2.54868, 20.12000
-2.67197, 20.13000
-2.56332, 20.14000
-2.68906, 20.15000
-2.57874, 20.16000
-2.69836, 20.17000
-2.57950, 20.18000
-2.69440, 20.19000
-2.57874, 20.20000
-2.69516, 20.21000
-2.58942, 20.22000
-2.70966, 20.23000
-2.59552, 20.24000
-2.71744, 20.25000
-2.59949, 20.26000
-2.70905, 20.27000
-2.57858, 20.28000
-2.67792, 20.29000
-2.54883, 20.30000
-2.66327, 20.31000
-2.55905, 20.32000
-2.68280, 20.33000
-2.58179, 20.34000
-2.70782, 20.35000
-2.60361, 20.36000
-2.72629, 20.37000
-2.62085, 20.38000
-2.74307, 20.39000
-2.63611, 20.40000
-2.75772, 20.41000
-2.64801, 20.42000
-2.76352, 20.43000
-2.65549, 20.44000
-2.76886, 20.45000
-2.65335, 20.46000
-2.77023, 20.47000
-2.66098, 20.48000
-2.77359, 20.49000
-2.66373, 20.50000
-2.77573, 20.51000
-2.66754, 20.52000
-2.77802, 20.53000
-2.66922, 20.54000
-2.77939, 20.55000
-2.66769, 20.56000
-2.77847, 20.57000
-2.67426, 20.58000
-2.78458, 20.59000
-2.68219, 20.60000
-2.79266, 20.61000
-2.69882, 20.62000
-2.80273, 20.63000
-2.70279, 20.64000
-2.79816, 20.65000
-2.68768, 20.66000
-2.79083, 20.67000
-2.68234, 20.68000
-2.79205, 20.69000
-2.67944, 20.70000
-2.79221, 20.71000
-2.69424, 20.72000
-2.81097, 20.73000
-2.70844, 20.74000
-2.81418, 20.75000
-2.71515, 20.76000
-2.82715, 20.77000
-2.73560, 20.78000
-2.83066, 20.79000
-2.73438, 20.80000
-2.83249, 20.81000
-2.73300, 20.82000
-2.83951, 20.83000
-2.74033, 20.84000
-2.83646, 20.85000
-2.74277, 20.86000
-2.84286, 20.87000
-2.74933, 20.88000
-2.84729, 20.89000
-2.74918, 20.90000
-2.85416, 20.91000
-2.75513, 20.92000
-2.85400, 20.93000
-2.75421, 20.94000
-2.85736, 20.95000
-2.76230, 20.96000
-2.85889, 20.97000
-2.77390, 20.98000
-2.86987, 20.99000
-2.77893, 21.00000
-2.88010, 21.01000
-2.79160, 21.02000
-2.88345, 21.03000
-2.79785, 21.04000
-2.89017, 21.05000
-2.80350, 21.06000
-2.90024, 21.07000
-2.81006, 21.08000
-2.90878, 21.09000
-2.82364, 21.10000
-2.90909, 21.11000
-2.82516, 21.12000
-2.91550, 21.13000
-2.82822, 21.14000
-2.90161, 21.15000
-2.85690, 21.16000
-2.90573, 21.17000
-2.85767, 21.18000
-2.90649, 21.19000
-2.86972, 21.20000
-2.91397, 21.21000
-2.87155, 21.22000
-2.92526, 21.23000
-2.87949, 21.24000
-2.92068, 21.25000
-2.88712, 21.26000
-2.92816, 21.27000
-2.89536, 21.28000
-2.93152, 21.29000
-2.89474, 21.30000
-2.93579, 21.31000
-2.89703, 21.32000
-2.93457, 21.33000
-2.89169, 21.34000
-2.94312, 21.35000
-2.91306, 21.36000
-2.94998, 21.37000
-2.91992, 21.38000
-2.95151, 21.39000
-2.92633, 21.40000
-2.96692, 21.41000
-2.93259, 21.42000
-2.96402, 21.43000
-2.93900, 21.44000
-2.97211, 21.45000
-2.94586, 21.46000
-2.97379, 21.47000
-2.95166, 21.48000
-2.97836, 21.49000
-2.94662, 21.50000
-2.98447, 21.51000
-2.96326, 21.52000
-2.98874, 21.53000
-2.96753, 21.54000
-2.99454, 21.55000
-2.97501, 21.56000
-2.99896, 21.57000
-2.98172, 21.58000
-3.00705, 21.59000
-2.98737, 21.60000
-3.01041, 21.61000
-2.99362, 21.62000
-3.01651, 21.63000
-2.99820, 21.64000
-3.01712, 21.65000
-3.00003, 21.66000
-3.02216, 21.67000
-2.99896, 21.68000
-3.02933, 21.69000
-3.01132, 21.70000
-3.03253, 21.71000
-3.01788, 21.72000
-3.03940, 21.73000
-3.02963, 21.74000
-3.04596, 21.75000
-3.03116, 21.76000
-3.05801, 21.77000
-3.04153, 21.78000
-3.05466, 21.79000
-3.04062, 21.80000
-3.06152, 21.81000
-3.04749, 21.82000
-3.06839, 21.83000
-3.05511, 21.84000
-3.07297, 21.85000
-3.05786, 21.86000
-3.07419, 21.87000
-3.06732, 21.88000
-3.08090, 21.89000
-3.07251, 21.90000
-3.08884, 21.91000
-3.08197, 21.92000
-3.08624, 21.93000
-3.08197, 21.94000
-3.09586, 21.95000
-3.08929, 21.96000
-3.10120, 21.97000
-3.09494, 21.98000
-3.11966, 21.99000
-3.10226, 22.00000
-3.10776, 22.01000
-3.10654, 22.02000
-3.11523, 22.03000
-3.11417, 22.04000
-3.12012, 22.05000
-3.12027, 22.06000
-3.12469, 22.07000
-3.12790, 22.08000
-3.13232, 22.09000
-3.13416, 22.10000
-3.13751, 22.11000
-3.14087, 22.12000
-3.14240, 22.13000
-3.13782, 22.14000
-3.14651, 22.15000
-3.15063, 22.16000
-3.15231, 22.17000
-3.15826, 22.18000
-3.15750, 22.19000
-3.15979, 22.20000
-3.16452, 22.21000
-3.16605, 22.22000
-3.16971, 22.23000
-3.17719, 22.24000
-3.16910, 22.25000
-3.17627, 22.26000
-3.18024, 22.27000
-3.18741, 22.28000
-3.18207, 22.29000
-3.19275, 22.30000
-3.18756, 22.31000
-3.19550, 22.32000
-3.19244, 22.33000
-3.20313, 22.34000
-3.20084, 22.35000
-3.20770, 22.36000
-3.21152, 22.37000
-3.21747, 22.38000
-3.20892, 22.39000
-3.22388, 22.40000
-3.21320, 22.41000
-3.22891, 22.42000
-3.21976, 22.43000
-3.23517, 22.44000
-3.22372, 22.45000
-3.23868, 22.46000
-3.22937, 22.47000
-3.24661, 22.48000
-3.23502, 22.49000
-3.25287, 22.50000
-3.24432, 22.51000
-3.25989, 22.52000
-3.24554, 22.53000
-3.26447, 22.54000
-3.24905, 22.55000
-3.27072, 22.56000
-3.25546, 22.57000
-3.27652, 22.58000
-3.26080, 22.59000
-3.28110, 22.60000
-3.26080, 22.61000
-3.28674, 22.62000
-3.27469, 22.63000
-3.28018, 22.64000
-3.28476, 22.65000
-3.30017, 22.66000
-3.28751, 22.67000
-3.30856, 22.68000
-3.28629, 22.69000
-3.31436, 22.70000
-3.29361, 22.71000
-3.31924, 22.72000
-3.29712, 22.73000
-3.32474, 22.74000
-3.30353, 22.75000
-3.33237, 22.76000
-3.30902, 22.77000
-3.33847, 22.78000
-3.32047, 22.79000
-3.34457, 22.80000
-3.32031, 22.81000
-3.35190, 22.82000
-3.32321, 22.83000
-3.35770, 22.84000
-3.33405, 22.85000
-3.36319, 22.86000
-3.33527, 22.87000
-3.36823, 22.88000
-3.33771, 22.89000
-3.37372, 22.90000
-3.35007, 22.91000
-3.37799, 22.92000
-3.35480, 22.93000
-3.38760, 22.94000
-3.35999, 22.95000
-3.39279, 22.96000
-3.36624, 22.97000
-3.39783, 22.98000
-3.37219, 22.99000
-3.40515, 23.00000
-3.37524, 23.01000
-3.40927, 23.02000
-3.38074, 23.03000
-3.41858, 23.04000
-3.38272, 23.05000
-3.42804, 23.06000
-3.39066, 23.07000
-3.44025, 23.08000
-3.39798, 23.09000
-3.43826, 23.10000
-3.40424, 23.11000
-3.44650, 23.12000
-3.40790, 23.13000
-3.45078, 23.14000
-3.41583, 23.15000
-3.45779, 23.16000
-3.41843, 23.17000
-3.46741, 23.18000
-3.42392, 23.19000
-3.46695, 23.20000
-3.42957, 23.21000
-3.48145, 23.22000
-3.43430, 23.23000
-3.48801, 23.24000
-3.44025, 23.25000
-3.49411, 23.26000
-3.44650, 23.27000
-3.50159, 23.28000
-3.46817, 23.29000
-3.50830, 23.30000
-3.46146, 23.31000
-3.51212, 23.32000
-3.46466, 23.33000
-3.51410, 23.34000
-3.46939, 23.35000
-3.52737, 23.36000
-3.47519, 23.37000
-3.53592, 23.38000
-3.48236, 23.39000
-3.54202, 23.40000
-3.48816, 23.41000
-3.54965, 23.42000
-3.49899, 23.43000
-3.55362, 23.44000
-3.50174, 23.45000
-3.56339, 23.46000
-3.50494, 23.47000
-3.56873, 23.48000
-3.51059, 23.49000
-3.57544, 23.50000
-3.51730, 23.51000
-3.58200, 23.52000
-3.52097, 23.53000
-3.58841, 23.54000
-3.53256, 23.55000
-3.59390, 23.56000
-3.53638, 23.57000
-3.60397, 23.58000
-3.54477, 23.59000
-3.61298, 23.60000
-3.55438, 23.61000
-3.61862, 23.62000
-3.55499, 23.63000
-3.62579, 23.64000
-3.56094, 23.65000
-3.63159, 23.66000
-3.56705, 23.67000
-3.63831, 23.68000
-3.57300, 23.69000
-3.63983, 23.70000
-3.57956, 23.71000
-3.65265, 23.72000
-3.58627, 23.73000
-3.65921, 23.74000
-3.59177, 23.75000
-3.66730, 23.76000
-3.59955, 23.77000
-3.67233, 23.78000
-3.61313, 23.79000
-3.68301, 23.80000
-3.61130, 23.81000
-3.68484, 23.82000
-3.61786, 23.83000
-3.69064, 23.84000
-3.62289, 23.85000
-3.69629, 23.86000
-3.62808, 23.87000
-3.70590, 23.88000
-3.63480, 23.89000
-3.71323, 23.90000
-3.64090, 23.91000
-3.72086, 23.92000
-3.65601, 23.93000
-3.71460, 23.94000
-3.65295, 23.95000
-3.73444, 23.96000
-3.66119, 23.97000
-3.73810, 23.98000
-3.66470, 23.99000
-3.74710, 24.00000
-3.66852, 24.01000
-3.75153, 24.02000
-3.67661, 24.03000
-3.75809, 24.04000
-3.68591, 24.05000
-3.76648, 24.06000
-3.68973, 24.07000
-3.77548, 24.08000
-3.69720, 24.09000
-3.78250, 24.10000
-3.70667, 24.11000
-3.78952, 24.12000
-3.70834, 24.13000
-3.79578, 24.14000
-3.71445, 24.15000
-3.80432, 24.16000
-3.72223, 24.17000
-3.80585, 24.18000
-3.72589, 24.19000
-3.81516, 24.20000
-3.73322, 24.21000
-3.82004, 24.22000
-3.73810, 24.23000
-3.83514, 24.24000
-3.74619, 24.25000
-3.83606, 24.26000
-3.75275, 24.27000
-3.84018, 24.28000
-3.76251, 24.29000
-3.84979, 24.30000
-3.76495, 24.31000
-3.85941, 24.32000
-3.76862, 24.33000
-3.86597, 24.34000
-3.77594, 24.35000
-3.87268, 24.36000
-3.78098, 24.37000
-3.87192, 24.38000
-3.78662, 24.39000
-3.88763, 24.40000
-3.79242, 24.41000
-3.89435, 24.42000
-3.79807, 24.43000
-3.90045, 24.44000
-3.80447, 24.45000
-3.90961, 24.46000
-3.81866, 24.47000
-3.91602, 24.48000
-3.81989, 24.49000
-3.91769, 24.50000
-3.82111, 24.51000
-3.92929, 24.52000
-3.82660, 24.53000
-3.93494, 24.54000
-3.83316, 24.55000
-3.93250, 24.56000
-3.83804, 24.57000
-3.94775, 24.58000
-3.85742, 24.59000
-3.95584, 24.60000
-3.85880, 24.61000
-3.96301, 24.62000
-3.85742, 24.63000
-3.97095, 24.64000
-3.87222, 24.65000
-3.97781, 24.66000
-3.86993, 24.67000
-3.98621, 24.68000
-3.87589, 24.69000
-3.99277, 24.70000
-3.88275, 24.71000
-4.00040, 24.72000
-3.89053, 24.73000
-4.00497, 24.74000
-3.89160, 24.75000
-4.01245, 24.76000
-3.90442, 24.77000
-4.01917, 24.78000
-3.90976, 24.79000
-4.02969, 24.80000
-3.91602, 24.81000
-4.03641, 24.82000
-3.93082, 24.83000
-4.04266, 24.84000
-3.92700, 24.85000
-4.04953, 24.86000
-3.93188, 24.87000
-4.05945, 24.88000
-3.93982, 24.89000
-4.06036, 24.90000
-3.94531, 24.91000
-4.06250, 24.92000
-3.95264, 24.93000
-4.07349, 24.94000
-3.95828, 24.95000
-4.08066, 24.96000
-3.96332, 24.97000
-4.08676, 24.98000
-3.96805, 24.99000
-4.09561, 25.00000
