-0.02747, 0.01000
-0.16754, 0.02000
-0.01602, 0.03000
-0.10727, 0.04000
-0.11871, 0.05000
0.00488, 0.06000
-0.16815, 0.07000
-0.01724, 0.08000
-0.09964, 0.09000
-0.11780, 0.10000
0.00320, 0.11000
-0.16785, 0.12000
-0.01419, 0.13000
-0.09933, 0.14000
-0.11963, 0.15000
0.00336, 0.16000
-0.16907, 0.17000
-0.01587, 0.18000
-0.11078, 0.19000
-0.11795, 0.20000
-0.00183, 0.21000
-0.16663, 0.22000
-0.01541, 0.23000
-0.10345, 0.24000
-0.11795, 0.25000
-0.00214, 0.26000
-0.17044, 0.27000
-0.00702, 0.28000
-0.11337, 0.29000
-0.11673, 0.30000
0.00015, 0.31000
-0.17014, 0.32000
-0.02014, 0.33000
-0.10742, 0.34000
-0.11795, 0.35000
-0.00610, 0.36000
-0.16891, 0.37000
-0.01419, 0.38000
-0.10605, 0.39000
-0.10727, 0.40000
-0.00229, 0.41000
-0.17273, 0.42000
-0.01083, 0.43000
-0.10620, 0.44000
-0.11826, 0.45000
-0.00076, 0.46000
-0.16953, 0.47000
-0.01343, 0.48000
-0.09293, 0.49000
-0.10757, 0.50000
-0.00275, 0.51000
-0.17258, 0.52000
-0.01495, 0.53000
-0.11322, 0.54000
-0.11505, 0.55000
-0.00793, 0.56000
-0.17120, 0.57000
-0.01373, 0.58000
-0.11917, 0.59000
-0.10559, 0.60000
-0.00427, 0.61000
-0.17181, 0.62000
-0.01495, 0.63000
-0.12161, 0.64000
-0.11673, 0.65000
-0.01144, 0.66000
-0.17151, 0.67000
-0.01205, 0.68000
-0.11459, 0.69000
-0.10254, 0.70000
-0.00443, 0.71000
-0.17319, 0.72000
-0.01465, 0.73000
-0.11826, 0.74000
-0.11612, 0.75000
-0.00870, 0.76000
-0.17303, 0.77000
-0.01511, 0.78000
-0.11810, 0.79000
-0.11948, 0.80000
-0.01541, 0.81000
-0.17532, 0.82000
-0.01526, 0.83000
-0.11490, 0.84000
-0.11566, 0.85000
-0.00885, 0.86000
-0.17410, 0.87000
-0.01083, 0.88000
-0.11993, 0.89000
-0.11337, 0.90000
-0.01770, 0.91000
-0.17700, 0.92000
-0.01633, 0.93000
-0.12421, 0.94000
-0.10483, 0.95000
-0.01129, 0.96000
-0.17639, 0.97000
-0.01129, 0.98000
-0.12268, 0.99000
-0.11368, 1.00000
-0.01282, 1.01000
-0.17639, 1.02000
-0.01846, 1.03000
-0.12344, 1.04000
-0.11581, 1.05000
-0.01984, 1.06000
-0.17838, 1.07000
-0.01328, 1.08000
-0.12390, 1.09000
-0.11627, 1.10000
-0.01358, 1.11000
-0.17776, 1.12000
-0.01709, 1.13000
-0.10193, 1.14000
-0.11078, 1.15000
-0.02472, 1.16000
-0.17838, 1.17000
-0.01678, 1.18000
-0.12756, 1.19000
-0.10529, 1.20000
-0.01740, 1.21000
-0.18021, 1.22000
-0.01312, 1.23000
-0.13718, 1.24000
-0.11353, 1.25000
-0.02670, 1.26000
-0.18066, 1.27000
-0.01678, 1.28000
-0.12711, 1.29000
-0.10391, 1.30000
-0.02686, 1.31000
-0.18082, 1.32000
-0.01328, 1.33000
-0.13199, 1.34000
-0.11536, 1.35000
-0.02029, 1.36000
-0.17868, 1.37000
-0.01511, 1.38000
-0.13275, 1.39000
-0.10345, 1.40000
-0.02182, 1.41000
-0.18082, 1.42000
-0.01907, 1.43000
-0.14038, 1.44000
-0.10361, 1.45000
-0.02335, 1.46000
-0.18112, 1.47000
-0.01877, 1.48000
-0.13489, 1.49000
-0.11551, 1.50000
-0.03326, 1.51000
-0.18021, 1.52000
-0.01816, 1.53000
-0.13489, 1.54000
-0.11337, 1.55000
-0.02655, 1.56000
-0.18372, 1.57000
-0.01602, 1.58000
-0.14420, 1.59000
-0.11307, 1.60000
-0.03555, 1.61000
-0.18387, 1.62000
-0.02106, 1.63000
-0.13916, 1.64000
-0.10406, 1.65000
-0.02808, 1.66000
-0.18326, 1.67000
-0.01633, 1.68000
-0.14008, 1.69000
-0.11292, 1.70000
-0.02884, 1.71000
-0.18250, 1.72000
-0.02045, 1.73000
-0.14984, 1.74000
-0.11353, 1.75000
-0.03021, 1.76000
-0.18524, 1.77000
-0.02151, 1.78000
-0.12665, 1.79000
-0.11276, 1.80000
-0.03265, 1.81000
-0.18433, 1.82000
-0.01816, 1.83000
-0.14221, 1.84000
-0.11414, 1.85000
-0.04196, 1.86000
-0.18677, 1.87000
-0.01862, 1.88000
-0.15274, 1.89000
-0.11322, 1.90000
-0.03647, 1.91000
-0.18845, 1.92000
-0.02289, 1.93000
-0.14771, 1.94000
-0.11581, 1.95000
-0.04486, 1.96000
-0.18784, 1.97000
-0.02075, 1.98000
-0.14862, 1.99000
-0.11551, 2.00000
-0.03708, 2.01000
-0.18661, 2.02000
-0.02716, 2.03000
-0.14954, 2.04000
-0.11368, 2.05000
-0.04745, 2.06000
-0.19089, 2.07000
-0.02151, 2.08000
-0.14145, 2.09000
-0.10971, 2.10000
-0.04089, 2.11000
-0.18951, 2.12000
-0.02121, 2.13000
-0.15259, 2.14000
-0.11993, 2.15000
-0.04410, 2.16000
-0.18936, 2.17000
-0.02365, 2.18000
-0.15442, 2.19000
-0.10773, 2.20000
-0.04379, 2.21000
-0.19089, 2.22000
-0.02579, 2.23000
-0.15991, 2.24000
-0.10849, 2.25000
-0.04517, 2.26000
-0.19180, 2.27000
-0.02563, 2.28000
-0.15625, 2.29000
-0.10849, 2.30000
-0.05447, 2.31000
-0.19241, 2.32000
-0.02747, 2.33000
-0.16434, 2.34000
-0.11551, 2.35000
-0.04578, 2.36000
-0.19333, 2.37000
-0.02563, 2.38000
-0.15854, 2.39000
-0.10834, 2.40000
-0.05615, 2.41000
-0.19333, 2.42000
-0.02701, 2.43000
-0.14664, 2.44000
-0.11047, 2.45000
-0.05157, 2.46000
-0.19135, 2.47000
-0.02548, 2.48000
-0.16113, 2.49000
-0.11520, 2.50000
-0.05859, 2.51000
-0.19196, 2.52000
-0.02747, 2.53000
-0.16083, 2.54000
-0.10986, 2.55000
-0.05249, 2.56000
-0.19440, 2.57000
-0.02625, 2.58000
-0.16312, 2.59000
-0.11566, 2.60000
-0.05295, 2.61000
-0.19638, 2.62000
-0.02884, 2.63000
-0.16464, 2.64000
-0.10986, 2.65000
-0.06500, 2.66000
-0.19608, 2.67000
-0.03098, 2.68000
-0.17349, 2.69000
-0.11795, 2.70000
-0.06119, 2.71000
-0.19592, 2.72000
-0.03189, 2.73000
-0.16922, 2.74000
-0.11795, 2.75000
-0.06348, 2.76000
-0.19791, 2.77000
-0.03250, 2.78000
-0.17197, 2.79000
-0.11932, 2.80000
-0.06622, 2.81000
-0.19760, 2.82000
-0.03143, 2.83000
-0.17456, 2.84000
-0.11398, 2.85000
-0.06317, 2.86000
-0.20004, 2.87000
-0.03403, 2.88000
-0.17700, 2.89000
-0.11948, 2.90000
-0.06882, 2.91000
-0.20111, 2.92000
-0.03372, 2.93000
-0.17532, 2.94000
-0.11780, 2.95000
-0.05890, 2.96000
-0.20142, 2.97000
-0.03433, 2.98000
-0.17609, 2.99000
-0.11429, 3.00000
-0.06729, 3.01000
-0.20264, 3.02000
-0.03784, 3.03000
-0.18173, 3.04000
-0.12299, 3.05000
-0.06958, 3.06000
-0.20264, 3.07000
-0.03784, 3.08000
-0.16739, 3.09000
-0.11673, 3.10000
-0.07050, 3.11000
-0.20508, 3.12000
-0.03845, 3.13000
-0.19135, 3.14000
-0.11490, 3.15000
-0.07141, 3.16000
-0.20584, 3.17000
-0.03815, 3.18000
-0.18082, 3.19000
-0.12314, 3.20000
-0.07187, 3.21000
-0.20630, 3.22000
-0.03998, 3.23000
-0.19272, 3.24000
-0.11551, 3.25000
-0.07553, 3.26000
-0.20798, 3.27000
-0.03983, 3.28000
-0.18494, 3.29000
-0.12375, 3.30000
-0.08347, 3.31000
-0.20966, 3.32000
-0.04227, 3.33000
-0.18311, 3.34000
-0.12466, 3.35000
-0.07950, 3.36000
-0.21011, 3.37000
-0.04227, 3.38000
-0.19012, 3.39000
-0.12573, 3.40000
-0.07996, 3.41000
-0.21088, 3.42000
-0.04395, 3.43000
-0.19028, 3.44000
-0.11993, 3.45000
-0.08850, 3.46000
-0.21286, 3.47000
-0.04730, 3.48000
-0.20035, 3.49000
-0.12772, 3.50000
-0.08759, 3.51000
-0.21393, 3.52000
-0.04700, 3.53000
-0.19608, 3.54000
-0.13016, 3.55000
-0.09064, 3.56000
-0.21576, 3.57000
-0.04776, 3.58000
-0.19470, 3.59000
-0.12375, 3.60000
-0.08820, 3.61000
-0.21713, 3.62000
-0.04959, 3.63000
-0.19928, 3.64000
-0.13000, 3.65000
-0.09506, 3.66000
-0.21698, 3.67000
-0.05203, 3.68000
-0.20264, 3.69000
-0.12848, 3.70000
-0.09277, 3.71000
-0.21912, 3.72000
-0.05264, 3.73000
-0.18570, 3.74000
-0.12970, 3.75000
-0.09995, 3.76000
-0.22018, 3.77000
-0.05325, 3.78000
-0.20966, 3.79000
-0.12436, 3.80000
-0.09491, 3.81000
-0.22141, 3.82000
-0.05280, 3.83000
-0.20630, 3.84000
-0.13260, 3.85000
-0.10345, 3.86000
-0.21835, 3.87000
-0.05463, 3.88000
-0.20889, 3.89000
-0.12558, 3.90000
-0.09842, 3.91000
-0.22293, 3.92000
-0.05707, 3.93000
-0.22079, 3.94000
-0.13321, 3.95000
-0.10773, 3.96000
-0.22293, 3.97000
-0.05661, 3.98000
-0.21576, 3.99000
-0.12695, 4.00000
-0.10574, 4.01000
-0.22522, 4.02000
-0.06012, 4.03000
-0.22339, 4.04000
-0.12772, 4.05000
-0.10391, 4.06000
-0.22614, 4.07000
-0.06149, 4.08000
-0.21912, 4.09000
-0.13092, 4.10000
-0.10559, 4.11000
-0.22751, 4.12000
-0.06210, 4.13000
-0.22995, 4.14000
-0.13733, 4.15000
-0.10727, 4.16000
-0.22949, 4.17000
-0.06241, 4.18000
-0.23148, 4.19000
-0.13901, 4.20000
-0.10803, 4.21000
-0.22964, 4.22000
-0.06256, 4.23000
-0.23224, 4.24000
-0.13351, 4.25000
-0.11475, 4.26000
-0.22995, 4.27000
-0.06485, 4.28000
-0.22766, 4.29000
-0.13931, 4.30000
-0.12268, 4.31000
-0.23178, 4.32000
-0.06668, 4.33000
-0.23529, 4.34000
-0.14008, 4.35000
-0.11520, 4.36000
-0.23438, 4.37000
-0.06866, 4.38000
-0.21362, 4.39000
-0.14145, 4.40000
-0.11765, 4.41000
-0.23209, 4.42000
-0.06897, 4.43000
-0.23407, 4.44000
-0.13412, 4.45000
-0.12390, 4.46000
-0.23605, 4.47000
-0.07050, 4.48000
-0.23605, 4.49000
-0.14282, 4.50000
-0.11948, 4.51000
-0.23224, 4.52000
-0.07202, 4.53000
-0.23529, 4.54000
-0.14481, 4.55000
-0.12375, 4.56000
-0.23361, 4.57000
-0.07446, 4.58000
-0.23941, 4.59000
-0.14206, 4.60000
-0.13397, 4.61000
-0.23834, 4.62000
-0.07385, 4.63000
-0.24338, 4.64000
-0.14450, 4.65000
-0.13412, 4.66000
-0.23972, 4.67000
-0.07660, 4.68000
-0.25604, 4.69000
-0.11688, 4.70000
-0.16342, 4.71000
-0.21378, 4.72000
-0.07751, 4.73000
-0.25711, 4.74000
-0.11154, 4.75000
-0.17700, 4.76000
-0.21606, 4.77000
-0.07706, 4.78000
-0.25757, 4.79000
-0.11017, 4.80000
-0.16922, 4.81000
-0.21576, 4.82000
-0.07675, 4.83000
-0.25650, 4.84000
-0.12054, 4.85000
-0.17746, 4.86000
-0.20905, 4.87000
-0.07690, 4.88000
-0.25360, 4.89000
-0.11383, 4.90000
-0.16785, 4.91000
-0.20950, 4.92000
-0.07507, 4.93000
-0.25391, 4.94000
-0.11307, 4.95000
-0.17838, 4.96000
-0.20767, 4.97000
-0.07965, 4.98000
-0.25894, 4.99000
-0.11093, 5.00000
-0.17670, 5.01000
-0.21912, 5.02000
-0.08148, 5.03000
-0.26031, 5.04000
-0.12283, 5.05000
-0.18280, 5.06000
-0.21362, 5.07000
-0.08759, 5.08000
-0.26535, 5.09000
-0.11520, 5.10000
-0.19058, 5.11000
-0.21744, 5.12000
-0.08835, 5.13000
-0.26657, 5.14000
-0.11826, 5.15000
-0.18509, 5.16000
-0.21835, 5.17000
-0.09186, 5.18000
-0.26993, 5.19000
-0.13107, 5.20000
-0.19302, 5.21000
-0.22583, 5.22000
-0.09277, 5.23000
-0.27054, 5.24000
-0.12878, 5.25000
-0.19012, 5.26000
-0.22369, 5.27000
-0.09659, 5.28000
-0.27039, 5.29000
-0.12619, 5.30000
-0.20050, 5.31000
-0.22690, 5.32000
-0.09644, 5.33000
-0.27344, 5.34000
-0.11917, 5.35000
-0.20264, 5.36000
-0.22797, 5.37000
-0.10056, 5.38000
-0.27527, 5.39000
-0.13016, 5.40000
-0.19302, 5.41000
-0.22797, 5.42000
-0.09872, 5.43000
-0.27390, 5.44000
-0.12085, 5.45000
-0.19928, 5.46000
-0.23041, 5.47000
-0.10239, 5.48000
-0.27740, 5.49000
-0.12192, 5.50000
-0.19913, 5.51000
-0.22507, 5.52000
-0.10025, 5.53000
-0.27573, 5.54000
-0.12833, 5.55000
-0.20737, 5.56000
-0.22018, 5.57000
-0.09537, 5.58000
-0.26672, 5.59000
-0.11353, 5.60000
-0.18494, 5.61000
-0.21561, 5.62000
-0.09415, 5.63000
-0.26779, 5.64000
-0.12054, 5.65000
-0.20416, 5.66000
-0.22568, 5.67000
-0.10117, 5.68000
-0.27924, 5.69000
-0.12482, 5.70000
-0.20462, 5.71000
-0.23438, 5.72000
-0.11261, 5.73000
-0.28290, 5.74000
-0.13626, 5.75000
-0.22110, 5.76000
-0.23865, 5.77000
-0.11658, 5.78000
-0.29144, 5.79000
-0.13947, 5.80000
-0.22659, 5.81000
-0.24490, 5.82000
-0.12482, 5.83000
-0.29556, 5.84000
-0.14603, 5.85000
-0.22186, 5.86000
-0.24017, 5.87000
-0.12848, 5.88000
-0.29709, 5.89000
-0.13947, 5.90000
-0.22675, 5.91000
-0.24857, 5.92000
-0.12268, 5.93000
-0.29617, 5.94000
-0.13992, 5.95000
-0.22644, 5.96000
-0.23849, 5.97000
-0.12878, 5.98000
-0.29587, 5.99000
-0.14679, 6.00000
-0.23697, 6.01000
-0.24796, 6.02000
-0.12589, 6.03000
-0.29419, 6.04000
-0.13702, 6.05000
-0.22751, 6.06000
-0.24902, 6.07000
-0.12741, 6.08000
-0.29694, 6.09000
-0.14343, 6.10000
-0.23834, 6.11000
-0.24429, 6.12000
-0.12680, 6.13000
-0.29785, 6.14000
-0.14328, 6.15000
-0.23911, 6.16000
-0.24567, 6.17000
-0.13184, 6.18000
-0.29617, 6.19000
-0.14374, 6.20000
-0.22797, 6.21000
-0.24658, 6.22000
-0.13046, 6.23000
-0.29785, 6.24000
-0.13855, 6.25000
-0.23849, 6.26000
-0.24597, 6.27000
-0.13626, 6.28000
-0.30136, 6.29000
-0.14572, 6.30000
-0.23529, 6.31000
-0.24048, 6.32000
-0.13550, 6.33000
-0.30350, 6.34000
-0.14175, 6.35000
-0.23895, 6.36000
-0.24979, 6.37000
-0.13351, 6.38000
-0.30090, 6.39000
-0.14648, 6.40000
-0.23788, 6.41000
-0.24017, 6.42000
-0.13687, 6.43000
-0.30334, 6.44000
-0.14862, 6.45000
-0.25131, 6.46000
-0.23956, 6.47000
-0.13809, 6.48000
-0.30289, 6.49000
-0.14725, 6.50000
-0.24429, 6.51000
-0.25269, 6.52000
-0.14481, 6.53000
-0.30411, 6.54000
-0.14923, 6.55000
-0.25558, 6.56000
-0.24002, 6.57000
-0.14053, 6.58000
-0.30731, 6.59000
-0.14465, 6.60000
-0.25162, 6.61000
-0.25146, 6.62000
-0.14832, 6.63000
-0.30777, 6.64000
-0.15091, 6.65000
-0.24872, 6.66000
-0.24826, 6.67000
-0.14420, 6.68000
-0.30945, 6.69000
-0.14740, 6.70000
-0.25192, 6.71000
-0.25177, 6.72000
-0.14389, 6.73000
-0.30930, 6.74000
-0.15289, 6.75000
-0.25360, 6.76000
-0.24200, 6.77000
-0.15442, 6.78000
-0.31143, 6.79000
-0.15656, 6.80000
-0.25574, 6.81000
-0.24185, 6.82000
-0.14923, 6.83000
-0.31281, 6.84000
-0.15518, 6.85000
-0.25986, 6.86000
-0.25116, 6.87000
-0.15549, 6.88000
-0.31204, 6.89000
-0.15762, 6.90000
-0.26764, 6.91000
-0.24551, 6.92000
-0.15228, 6.93000
-0.31342, 6.94000
-0.15610, 6.95000
-0.26199, 6.96000
-0.25604, 6.97000
-0.16220, 6.98000
-0.31845, 6.99000
-0.15854, 7.00000
-0.26764, 7.01000
-0.25803, 7.02000
-0.16296, 7.03000
-0.31845, 7.04000
-0.15732, 7.05000
-0.27481, 7.06000
-0.25604, 7.07000
-0.16724, 7.08000
-0.31845, 7.09000
-0.16113, 7.10000
-0.27756, 7.11000
-0.25604, 7.12000
-0.15991, 7.13000
-0.31830, 7.14000
-0.16251, 7.15000
-0.26718, 7.16000
-0.25772, 7.17000
-0.16632, 7.18000
-0.32211, 7.19000
-0.16251, 7.20000
-0.26962, 7.21000
-0.24994, 7.22000
-0.17120, 7.23000
-0.32440, 7.24000
-0.16098, 7.25000
-0.27679, 7.26000
-0.26001, 7.27000
-0.16602, 7.28000
-0.32547, 7.29000
-0.16586, 7.30000
-0.27878, 7.31000
-0.26108, 7.32000
-0.16953, 7.33000
-0.32745, 7.34000
-0.16708, 7.35000
-0.28778, 7.36000
-0.25238, 7.37000
-0.17136, 7.38000
-0.32761, 7.39000
-0.16953, 7.40000
-0.27954, 7.41000
-0.26703, 7.42000
-0.18143, 7.43000
-0.32867, 7.44000
-0.16922, 7.45000
-0.29266, 7.46000
-0.26306, 7.47000
-0.17639, 7.48000
-0.33173, 7.49000
-0.16846, 7.50000
-0.28625, 7.51000
-0.26382, 7.52000
-0.17639, 7.53000
-0.33386, 7.54000
-0.17059, 7.55000
-0.29037, 7.56000
-0.26520, 7.57000
-0.18814, 7.58000
-0.33340, 7.59000
-0.17044, 7.60000
-0.29510, 7.61000
-0.25818, 7.62000
-0.19073, 7.63000
-0.33905, 7.64000
-0.17303, 7.65000
-0.29770, 7.66000
-0.25818, 7.67000
-0.19379, 7.68000
-0.33844, 7.69000
-0.17563, 7.70000
-0.30121, 7.71000
-0.26703, 7.72000
-0.18799, 7.73000
-0.33493, 7.74000
-0.17273, 7.75000
-0.29770, 7.76000
-0.26718, 7.77000
-0.19608, 7.78000
-0.33661, 7.79000
-0.17975, 7.80000
-0.30640, 7.81000
-0.26825, 7.82000
-0.19043, 7.83000
-0.34088, 7.84000
-0.17853, 7.85000
-0.30670, 7.86000
-0.27206, 7.87000
-0.20035, 7.88000
-0.34286, 7.89000
-0.17990, 7.90000
-0.30991, 7.91000
-0.26917, 7.92000
-0.19577, 7.93000
-0.34317, 7.94000
-0.17883, 7.95000
-0.31204, 7.96000
-0.27191, 7.97000
-0.20660, 7.98000
-0.34561, 7.99000
-0.18280, 8.00000
-0.30731, 8.01000
-0.27069, 8.02000
-0.19913, 8.03000
-0.34683, 8.04000
-0.18127, 8.05000
-0.31204, 8.06000
-0.27328, 8.07000
-0.20157, 8.08000
-0.34805, 8.09000
-0.18356, 8.10000
-0.31311, 8.11000
-0.26840, 8.12000
-0.20615, 8.13000
-0.35095, 8.14000
-0.18539, 8.15000
-0.31540, 8.16000
-0.27573, 8.17000
-0.20905, 8.18000
-0.35110, 8.19000
-0.18478, 8.20000
-0.31738, 8.21000
-0.27817, 8.22000
-0.21378, 8.23000
-0.35095, 8.24000
-0.19089, 8.25000
-0.32654, 8.26000
-0.27679, 8.27000
-0.21255, 8.28000
-0.36026, 8.29000
-0.19089, 8.30000
-0.32822, 8.31000
-0.27954, 8.32000
-0.22278, 8.33000
-0.35583, 8.34000
-0.19257, 8.35000
-0.32211, 8.36000
-0.27420, 8.37000
-0.22598, 8.38000
-0.35858, 8.39000
-0.19287, 8.40000
-0.32684, 8.41000
-0.28229, 8.42000
-0.21637, 8.43000
-0.35828, 8.44000
-0.19516, 8.45000
-0.32822, 8.46000
-0.27695, 8.47000
-0.22354, 8.48000
-0.36285, 8.49000
-0.19913, 8.50000
-0.33691, 8.51000
-0.28641, 8.52000
-0.23087, 8.53000
-0.36346, 8.54000
-0.19943, 8.55000
-0.34103, 8.56000
-0.28290, 8.57000
-0.23529, 8.58000
-0.36469, 8.59000
-0.20111, 8.60000
-0.34622, 8.61000
-0.28519, 8.62000
-0.23361, 8.63000
-0.36743, 8.64000
-0.20172, 8.65000
-0.34561, 8.66000
-0.28885, 8.67000
-0.23941, 8.68000
-0.36865, 8.69000
-0.20462, 8.70000
-0.33859, 8.71000
-0.28183, 8.72000
-0.24323, 8.73000
-0.37064, 8.74000
-0.20584, 8.75000
-0.34378, 8.76000
-0.29114, 8.77000
-0.24063, 8.78000
-0.37125, 8.79000
-0.20859, 8.80000
-0.34592, 8.81000
-0.28168, 8.82000
-0.24551, 8.83000
-0.37445, 8.84000
-0.20996, 8.85000
-0.35004, 8.86000
-0.29495, 8.87000
-0.24246, 8.88000
-0.37460, 8.89000
-0.21164, 8.90000
-0.35126, 8.91000
-0.28870, 8.92000
-0.24612, 8.93000
-0.38300, 8.94000
-0.21484, 8.95000
-0.36072, 8.96000
-0.29663, 8.97000
-0.25024, 8.98000
-0.37766, 8.99000
-0.21576, 9.00000
-0.36530, 9.01000
-0.30579, 9.02000
-0.25360, 9.03000
-0.37903, 9.04000
-0.21652, 9.05000
-0.35980, 9.06000
-0.28992, 9.07000
-0.25787, 9.08000
-0.38193, 9.09000
-0.21851, 9.10000
-0.36118, 9.11000
-0.30426, 9.12000
-0.25604, 9.13000
-0.38284, 9.14000
-0.21973, 9.15000
-0.38055, 9.16000
-0.30502, 9.17000
-0.25955, 9.18000
-0.38849, 9.19000
-0.22308, 9.20000
-0.36804, 9.21000
-0.30441, 9.22000
-0.26642, 9.23000
-0.38986, 9.24000
-0.22659, 9.25000
-0.38055, 9.26000
-0.30441, 9.27000
-0.26901, 9.28000
-0.39246, 9.29000
-0.22659, 9.30000
-0.37491, 9.31000
-0.30746, 9.32000
-0.27435, 9.33000
-0.39444, 9.34000
-0.23041, 9.35000
-0.37537, 9.36000
-0.30136, 9.37000
-0.27451, 9.38000
-0.39566, 9.39000
-0.23010, 9.40000
-0.37643, 9.41000
-0.31082, 9.42000
-0.27023, 9.43000
-0.39688, 9.44000
-0.23209, 9.45000
-0.38300, 9.46000
-0.30518, 9.47000
-0.27588, 9.48000
-0.39856, 9.49000
-0.23712, 9.50000
-0.39383, 9.51000
-0.31418, 9.52000
-0.28137, 9.53000
-0.39841, 9.54000
-0.24002, 9.55000
-0.38864, 9.56000
-0.31693, 9.57000
-0.28351, 9.58000
-0.40756, 9.59000
-0.24078, 9.60000
-0.40192, 9.61000
-0.31693, 9.62000
-0.28290, 9.63000
-0.40710, 9.64000
-0.24277, 9.65000
-0.39444, 9.66000
-0.31982, 9.67000
-0.29083, 9.68000
-0.40390, 9.69000
-0.24445, 9.70000
-0.40253, 9.71000
-0.32242, 9.72000
-0.28641, 9.73000
-0.41016, 9.74000
-0.24582, 9.75000
-0.40649, 9.76000
-0.32394, 9.77000
-0.28931, 9.78000
-0.40955, 9.79000
-0.24811, 9.80000
-0.40512, 9.81000
-0.31708, 9.82000
-0.29373, 9.83000
-0.41443, 9.84000
-0.24963, 9.85000
-0.41534, 9.86000
-0.32043, 9.87000
-0.29709, 9.88000
-0.41306, 9.89000
-0.25238, 9.90000
-0.41122, 9.91000
-0.33066, 9.92000
-0.30090, 9.93000
-0.41672, 9.94000
-0.25620, 9.95000
-0.42252, 9.96000
-0.32928, 9.97000
-0.30106, 9.98000
-0.42175, 9.99000
-0.25772, 10.00000
-0.41580, 10.01000
-0.33173, 10.02000
-0.31403, 10.03000
-0.42053, 10.04000
-0.26016, 10.05000
-0.42801, 10.06000
-0.32959, 10.07000
-0.30960, 10.08000
-0.41992, 10.09000
-0.26352, 10.10000
-0.42923, 10.11000
-0.33356, 10.12000
-0.31799, 10.13000
-0.42694, 10.14000
-0.26459, 10.15000
-0.43640, 10.16000
-0.33478, 10.17000
-0.32593, 10.18000
-0.43243, 10.19000
-0.26840, 10.20000
-0.42923, 10.21000
-0.33997, 10.22000
-0.32593, 10.23000
-0.43762, 10.24000
-0.27039, 10.25000
-0.42938, 10.26000
-0.33157, 10.27000
-0.31754, 10.28000
-0.43396, 10.29000
-0.27176, 10.30000
-0.44220, 10.31000
-0.34454, 10.32000
-0.32120, 10.33000
-0.43350, 10.34000
-0.27252, 10.35000
-0.43442, 10.36000
-0.33600, 10.37000
-0.32623, 10.38000
-0.43854, 10.39000
-0.27481, 10.40000
-0.44342, 10.41000
-0.34790, 10.42000
-0.32669, 10.43000
-0.43579, 10.44000
-0.27893, 10.45000
-0.44525, 10.46000
-0.34058, 10.47000
-0.34241, 10.48000
-0.44281, 10.49000
-0.28061, 10.50000
-0.44830, 10.51000
-0.35110, 10.52000
-0.33630, 10.53000
-0.44144, 10.54000
-0.28320, 10.55000
-0.45029, 10.56000
-0.34729, 10.57000
-0.33920, 10.58000
-0.44586, 10.59000
-0.28442, 10.60000
-0.45441, 10.61000
-0.35309, 10.62000
-0.33844, 10.63000
-0.44281, 10.64000
-0.28809, 10.65000
-0.45380, 10.66000
-0.34622, 10.67000
-0.34592, 10.68000
-0.45013, 10.69000
-0.29022, 10.70000
-0.46509, 10.71000
-0.34729, 10.72000
-0.34683, 10.73000
-0.44693, 10.74000
-0.29221, 10.75000
-0.46249, 10.76000
-0.35889, 10.77000
-0.36392, 10.78000
-0.44937, 10.79000
-0.29556, 10.80000
-0.47058, 10.81000
-0.36026, 10.82000
-0.35446, 10.83000
-0.45746, 10.84000
-0.29831, 10.85000
-0.46768, 10.86000
-0.36072, 10.87000
-0.36789, 10.88000
-0.46616, 10.89000
-0.30090, 10.90000
-0.46860, 10.91000
-0.35492, 10.92000
-0.37292, 10.93000
-0.46158, 10.94000
-0.30090, 10.95000
-0.47836, 10.96000
-0.36484, 10.97000
-0.36133, 10.98000
-0.46188, 10.99000
-0.30441, 11.00000
-0.47714, 11.01000
-0.35934, 11.02000
-0.36804, 11.03000
-0.46417, 11.04000
-0.30746, 11.05000
-0.47867, 11.06000
-0.36240, 11.07000
-0.37277, 11.08000
-0.46021, 11.09000
-0.30975, 11.10000
-0.48233, 11.11000
-0.37369, 11.12000
-0.38834, 11.13000
-0.47028, 11.14000
-0.31281, 11.15000
-0.48737, 11.16000
-0.36545, 11.17000
-0.37857, 11.18000
-0.47287, 11.19000
-0.31387, 11.20000
-0.48996, 11.21000
-0.37399, 11.22000
-0.38727, 11.23000
-0.46967, 11.24000
-0.31693, 11.25000
-0.48874, 11.26000
-0.37582, 11.27000
-0.38605, 11.28000
-0.47485, 11.29000
-0.31921, 11.30000
-0.49744, 11.31000
-0.37521, 11.32000
-0.39291, 11.33000
-0.47440, 11.34000
-0.32135, 11.35000
-0.49454, 11.36000
-0.37827, 11.37000
-0.38956, 11.38000
-0.48096, 11.39000
-0.32410, 11.40000
-0.50125, 11.41000
-0.38223, 11.42000
-0.39047, 11.43000
-0.48019, 11.44000
-0.32791, 11.45000
-0.50400, 11.46000
-0.38193, 11.47000
-0.40955, 11.48000
-0.48569, 11.49000
-0.32913, 11.50000
-0.50812, 11.51000
-0.38010, 11.52000
-0.40192, 11.53000
-0.49652, 11.54000
-0.33096, 11.55000
-0.51117, 11.56000
-0.38681, 11.57000
-0.41595, 11.58000
-0.48691, 11.59000
-0.33371, 11.60000
-0.51041, 11.61000
-0.38666, 11.62000
-0.41840, 11.63000
-0.49347, 11.64000
-0.33691, 11.65000
-0.51682, 11.66000
-0.39215, 11.67000
-0.42206, 11.68000
-0.48752, 11.69000
-0.34088, 11.70000
-0.51865, 11.71000
-0.39185, 11.72000
-0.42099, 11.73000
-0.49393, 11.74000
-0.34088, 11.75000
-0.52170, 11.76000
-0.39627, 11.77000
-0.42343, 11.78000
-0.48523, 11.79000
-0.34500, 11.80000
-0.52170, 11.81000
-0.39368, 11.82000
-0.43228, 11.83000
-0.49881, 11.84000
-0.34790, 11.85000
-0.52719, 11.86000
-0.40268, 11.87000
-0.42328, 11.88000
-0.48889, 11.89000
-0.35110, 11.90000
-0.52841, 11.91000
-0.39734, 11.92000
-0.42969, 11.93000
-0.50125, 11.94000
-0.35156, 11.95000
-0.53360, 11.96000
-0.40436, 11.97000
-0.42969, 11.98000
-0.49545, 11.99000
-0.35553, 12.00000
-0.53482, 12.01000
-0.40268, 12.02000
-0.43762, 12.03000
-0.49957, 12.04000
-0.35751, 12.05000
-0.53680, 12.06000
-0.40634, 12.07000
-0.43884, 12.08000
-0.49927, 12.09000
-0.36072, 12.10000
-0.53864, 12.11000
-0.41290, 12.12000
-0.44815, 12.13000
-0.50629, 12.14000
-0.36285, 12.15000
-0.54214, 12.16000
-0.41321, 12.17000
-0.44479, 12.18000
-0.52689, 12.19000
-0.36697, 12.20000
-0.54398, 12.21000
-0.41504, 12.22000
-0.45853, 12.23000
-0.50888, 12.24000
-0.36911, 12.25000
-0.54718, 12.26000
-0.41656, 12.27000
-0.46082, 12.28000
-0.51620, 12.29000
-0.37277, 12.30000
-0.55099, 12.31000
-0.42038, 12.32000
-0.45547, 12.33000
-0.51041, 12.34000
-0.37460, 12.35000
-0.55389, 12.36000
-0.41656, 12.37000
-0.46066, 12.38000
-0.51956, 12.39000
-0.37613, 12.40000
-0.55511, 12.41000
-0.42374, 12.42000
-0.46310, 12.43000
-0.51407, 12.44000
-0.37933, 12.45000
-0.55756, 12.46000
-0.42938, 12.47000
-0.47394, 12.48000
-0.51453, 12.49000
-0.38254, 12.50000
-0.56046, 12.51000
-0.42465, 12.52000
-0.46997, 12.53000
-0.52994, 12.54000
-0.38559, 12.55000
-0.56412, 12.56000
-0.42908, 12.57000
-0.47928, 12.58000
-0.52734, 12.59000
-0.38803, 12.60000
-0.56488, 12.61000
-0.43335, 12.62000
-0.48248, 12.63000
-0.53040, 12.64000
-0.39139, 12.65000
-0.56854, 12.66000
-0.43610, 12.67000
-0.48065, 12.68000
-0.52582, 12.69000
-0.39291, 12.70000
-0.57007, 12.71000
-0.43076, 12.72000
-0.48233, 12.73000
-0.52719, 12.74000
-0.39505, 12.75000
-0.57343, 12.76000
-0.43396, 12.77000
-0.48233, 12.78000
-0.52872, 12.79000
-0.39917, 12.80000
-0.57556, 12.81000
-0.43427, 12.82000
-0.48752, 12.83000
-0.55511, 12.84000
-0.40085, 12.85000
-0.57922, 12.86000
-0.44449, 12.87000
-0.49179, 12.88000
-0.53497, 12.89000
-0.40268, 12.90000
-0.58167, 12.91000
-0.43854, 12.92000
-0.50476, 12.93000
-0.53497, 12.94000
-0.40802, 12.95000
-0.58365, 12.96000
-0.44083, 12.97000
-0.50552, 12.98000
-0.53894, 12.99000
-0.40970, 13.00000
-0.58624, 13.01000
-0.45258, 13.02000
-0.50430, 13.03000
-0.54398, 13.04000
-0.41245, 13.05000
-0.58838, 13.06000
-0.44312, 13.07000
-0.50674, 13.08000
-0.54916, 13.09000
-0.41443, 13.10000
-0.59097, 13.11000
-0.44296, 13.12000
-0.51163, 13.13000
-0.54474, 13.14000
-0.41656, 13.15000
-0.59494, 13.16000
-0.45410, 13.17000
-0.51163, 13.18000
-0.55557, 13.19000
-0.42252, 13.20000
-0.59738, 13.21000
-0.45853, 13.22000
-0.52231, 13.23000
-0.55618, 13.24000
-0.42343, 13.25000
-0.60089, 13.26000
-0.45227, 13.27000
-0.51895, 13.28000
-0.55847, 13.29000
-0.42847, 13.30000
-0.60303, 13.31000
-0.46555, 13.32000
-0.51987, 13.33000
-0.55664, 13.34000
-0.42953, 13.35000
-0.60730, 13.36000
-0.45731, 13.37000
-0.52643, 13.38000
-0.56412, 13.39000
-0.43167, 13.40000
-0.60806, 13.41000
-0.45593, 13.42000
-0.54123, 13.43000
-0.56763, 13.44000
-0.43900, 13.45000
-0.61249, 13.46000
-0.47668, 13.47000
-0.53787, 13.48000
-0.58151, 13.49000
-0.43945, 13.50000
-0.61417, 13.51000
-0.47516, 13.52000
-0.53741, 13.53000
-0.56747, 13.54000
-0.44357, 13.55000
-0.61920, 13.56000
-0.48218, 13.57000
-0.54657, 13.58000
-0.57663, 13.59000
-0.44617, 13.60000
-0.62164, 13.61000
-0.48004, 13.62000
-0.54520, 13.63000
-0.57877, 13.64000
-0.45349, 13.65000
-0.62469, 13.66000
-0.48203, 13.67000
-0.55771, 13.68000
-0.58182, 13.69000
-0.45959, 13.70000
-0.62973, 13.71000
-0.48111, 13.72000
-0.55176, 13.73000
-0.58243, 13.74000
-0.46112, 13.75000
-0.63293, 13.76000
-0.48828, 13.77000
-0.56839, 13.78000
-0.58945, 13.79000
-0.46707, 13.80000
-0.63873, 13.81000
-0.49225, 13.82000
-0.57404, 13.83000
-0.59723, 13.84000
-0.47119, 13.85000
-0.64407, 13.86000
-0.50079, 13.87000
-0.57175, 13.88000
-0.60272, 13.89000
-0.47729, 13.90000
-0.65262, 13.91000
-0.49805, 13.92000
-0.59128, 13.93000
-0.61020, 13.94000
-0.49164, 13.95000
-0.66162, 13.96000
-0.51636, 13.97000
-0.59311, 13.98000
-0.61218, 13.99000
-0.49591, 14.00000
-0.66986, 14.01000
-0.51636, 14.02000
-0.61020, 14.03000
-0.62607, 14.04000
-0.50217, 14.05000
-0.67612, 14.06000
-0.52826, 14.07000
-0.60898, 14.08000
-0.63065, 14.09000
-0.51651, 14.10000
-0.68756, 14.11000
-0.53848, 14.12000
-0.61905, 14.13000
-0.65948, 14.14000
-0.53314, 14.15000
-0.70160, 14.16000
-0.55283, 14.17000
-0.65018, 14.18000
-0.66788, 14.19000
-0.54962, 14.20000
-0.72586, 14.21000
-0.57571, 14.22000
-0.66757, 14.23000
-0.68680, 14.24000
-0.58060, 14.25000
-0.75562, 14.26000
-0.60593, 14.27000
-0.71320, 14.28000
-0.73242, 14.29000
-0.62317, 14.30000
-0.80139, 14.31000
-0.65857, 14.32000
-0.76569, 14.33000
-0.78857, 14.34000
-0.68634, 14.35000
-0.87326, 14.36000
-0.72861, 14.37000
-0.84778, 14.38000
-0.87234, 14.39000
-0.78690, 14.40000
-0.97366, 14.41000
-0.84259, 14.42000
-0.96252, 14.43000
-1.00540, 14.44000
-0.92575, 14.45000
-1.13083, 14.46000
-1.01028, 14.47000
-1.14029, 14.48000
-1.19446, 14.49000
-1.11374, 14.50000
-1.32095, 14.51000
-1.20956, 14.52000
-1.34033, 14.53000
-1.38641, 14.54000
-1.31317, 14.55000
-1.51688, 14.56000
-1.38626, 14.57000
-1.51489, 14.58000
-1.55228, 14.59000
-1.46072, 14.60000
-1.65024, 14.61000
-1.50818, 14.62000
-1.62186, 14.63000
-1.63330, 14.64000
-1.54037, 14.65000
-1.71402, 14.66000
-1.56097, 14.67000
-1.66595, 14.68000
-1.66183, 14.69000
-1.54602, 14.70000
-1.70715, 14.71000
-1.54388, 14.72000
-1.63544, 14.73000
-1.62781, 14.74000
-1.50436, 14.75000
-1.65619, 14.76000
-1.48544, 14.77000
-1.57791, 14.78000
-1.57028, 14.79000
-1.43143, 14.80000
-1.58188, 14.81000
-1.40854, 14.82000
-1.50070, 14.83000
-1.46698, 14.84000
-1.36047, 14.85000
-1.50314, 14.86000
-1.32950, 14.87000
-1.41281, 14.88000
-1.38763, 14.89000
-1.27579, 14.90000
-1.42731, 14.91000
-1.25427, 14.92000
-1.35010, 14.93000
-1.32462, 14.94000
-1.21368, 14.95000
-1.36124, 14.96000
-1.18759, 14.97000
-1.27960, 14.98000
-1.25748, 14.99000
-1.16180, 15.00000
-1.30508, 15.01000
-1.13403, 15.02000
-1.23337, 15.03000
-1.21140, 15.04000
-1.10550, 15.05000
-1.26785, 15.06000
-1.10748, 15.07000
-1.20758, 15.08000
-1.18149, 15.09000
-1.09009, 15.10000
-1.25183, 15.11000
-1.09299, 15.12000
-1.19736, 15.13000
-1.19415, 15.14000
-1.09955, 15.15000
-1.26495, 15.16000
-1.11404, 15.17000
-1.23779, 15.18000
-1.23901, 15.19000
-1.14609, 15.20000
-1.31500, 15.21000
-1.17126, 15.22000
-1.30264, 15.23000
-1.30005, 15.24000
-1.22375, 15.25000
-1.39954, 15.26000
-1.25427, 15.27000
-1.38657, 15.28000
-1.38290, 15.29000
-1.30463, 15.30000
-1.47827, 15.31000
-1.32706, 15.32000
-1.45279, 15.33000
-1.43906, 15.34000
-1.37802, 15.35000
-1.53168, 15.36000
-1.37878, 15.37000
-1.50650, 15.38000
-1.48743, 15.39000
-1.39908, 15.40000
-1.55685, 15.41000
-1.39542, 15.42000
-1.51474, 15.43000
-1.51047, 15.44000
-1.39282, 15.45000
-1.54663, 15.46000
-1.38107, 15.47000
-1.49139, 15.48000
-1.46851, 15.49000
-1.37833, 15.50000
-1.52145, 15.51000
-1.35895, 15.52000
-1.47537, 15.53000
-1.44241, 15.54000
-1.35208, 15.55000
-1.50284, 15.56000
-1.33789, 15.57000
-1.44882, 15.58000
-1.42441, 15.59000
-1.33743, 15.60000
-1.48285, 15.61000
-1.31546, 15.62000
-1.44318, 15.63000
-1.41251, 15.64000
-1.32172, 15.65000
-1.47339, 15.66000
-1.30981, 15.67000
-1.43234, 15.68000
-1.40167, 15.69000
-1.32614, 15.70000
-1.46317, 15.71000
-1.30066, 15.72000
-1.41327, 15.73000
-1.37833, 15.74000
-1.28967, 15.75000
-1.44501, 15.76000
-1.28281, 15.77000
-1.39893, 15.78000
-1.36795, 15.79000
-1.28281, 15.80000
-1.42868, 15.81000
-1.26755, 15.82000
-1.38489, 15.83000
-1.33743, 15.84000
-1.26007, 15.85000
-1.40244, 15.86000
-1.23978, 15.87000
-1.35880, 15.88000
-1.30814, 15.89000
-1.23123, 15.90000
-1.37390, 15.91000
-1.20819, 15.92000
-1.32019, 15.93000
-1.28342, 15.94000
-1.20560, 15.95000
-1.33789, 15.96000
-1.17340, 15.97000
-1.29486, 15.98000
-1.25076, 15.99000
-1.16989, 16.00000
-1.31165, 16.01000
-1.14380, 16.02000
-1.26358, 16.03000
-1.22360, 16.04000
-1.15005, 16.05000
-1.28189, 16.06000
-1.11649, 16.07000
-1.23093, 16.08000
-1.20789, 16.09000
-1.11267, 16.10000
-1.25122, 16.11000
-1.08231, 16.12000
-1.20300, 16.13000
-1.15173, 16.14000
-1.09344, 16.15000
-1.22055, 16.16000
-1.05347, 16.17000
-1.17508, 16.18000
-1.12366, 16.19000
-1.05881, 16.20000
-1.18851, 16.21000
-1.02509, 16.22000
-1.14395, 16.23000
-1.10580, 16.24000
-1.03851, 16.25000
-1.16608, 16.26000
-1.00357, 16.27000
-1.13495, 16.28000
-1.08643, 16.29000
-1.02707, 16.30000
-1.15936, 16.31000
-0.99854, 16.32000
-1.13235, 16.33000
-1.08353, 16.34000
-1.02707, 16.35000
-1.15768, 16.36000
-0.99915, 16.37000
-1.13007, 16.38000
-1.08322, 16.39000
-1.01791, 16.40000
-1.15341, 16.41000
-0.99243, 16.42000
-1.12625, 16.43000
-1.07574, 16.44000
-1.02356, 16.45000
-1.15036, 16.46000
-0.98846, 16.47000
-1.12930, 16.48000
-1.07330, 16.49000
-1.01776, 16.50000
-1.14868, 16.51000
-0.98831, 16.52000
-1.12091, 16.53000
-1.06659, 16.54000
-1.02234, 16.55000
-1.15356, 16.56000
-0.99518, 16.57000
-1.12457, 16.58000
-1.08032, 16.59000
-1.03119, 16.60000
-1.16455, 16.61000
-1.00830, 16.62000
-1.13724, 16.63000
-1.09177, 16.64000
-1.04523, 16.65000
-1.16913, 16.66000
-1.00540, 16.67000
-1.14319, 16.68000
-1.07941, 16.69000
-1.03607, 16.70000
-1.16287, 16.71000
-1.00250, 16.72000
-1.13205, 16.73000
-1.09695, 16.74000
-1.03348, 16.75000
-1.15921, 16.76000
-0.99991, 16.77000
-1.13831, 16.78000
-1.07895, 16.79000
-1.02692, 16.80000
-1.16226, 16.81000
-1.00464, 16.82000
-1.14090, 16.83000
-1.08627, 16.84000
-1.04401, 16.85000
-1.17554, 16.86000
-1.01746, 16.87000
-1.16394, 16.88000
-1.10138, 16.89000
-1.04691, 16.90000
-1.17493, 16.91000
-1.01486, 16.92000
-1.15051, 16.93000
-1.09695, 16.94000
-1.05118, 16.95000
-1.17081, 16.96000
-1.00754, 16.97000
-1.16119, 16.98000
-1.08017, 16.99000
-1.04172, 17.00000
-1.17264, 17.01000
-1.00891, 17.02000
-1.15555, 17.03000
-1.08994, 17.04000
-1.05362, 17.05000
-1.17249, 17.06000
-1.01318, 17.07000
-1.15753, 17.08000
-1.09268, 17.09000
-1.05972, 17.10000
-1.18515, 17.11000
-1.02493, 17.12000
-1.16623, 17.13000
-1.11176, 17.14000
-1.07468, 17.15000
-1.20285, 17.16000
-1.04599, 17.17000
-1.19171, 17.18000
-1.13724, 17.19000
-1.10199, 17.20000
-1.24069, 17.21000
-1.08673, 17.22000
-1.24130, 17.23000
-1.18805, 17.24000
-1.16684, 17.25000
-1.30173, 17.26000
-1.15616, 17.27000
-1.32523, 17.28000
-1.25595, 17.29000
-1.23703, 17.30000
-1.38046, 17.31000
-1.23367, 17.32000
-1.39542, 17.33000
-1.33987, 17.34000
-1.32095, 17.35000
-1.46179, 17.36000
-1.31195, 17.37000
-1.48788, 17.38000
-1.43478, 17.39000
-1.40121, 17.40000
-1.53107, 17.41000
-1.38016, 17.42000
-1.54678, 17.43000
-1.47522, 17.44000
-1.45065, 17.45000
-1.58096, 17.46000
-1.42868, 17.47000
-1.59363, 17.48000
-1.52512, 17.49000
-1.49704, 17.50000
-1.62186, 17.51000
-1.46591, 17.52000
-1.62521, 17.53000
-1.55380, 17.54000
-1.52588, 17.55000
-1.64795, 17.56000
-1.49185, 17.57000
-1.64734, 17.58000
-1.57593, 17.59000
-1.55350, 17.60000
-1.67526, 17.61000
-1.51428, 17.62000
-1.67892, 17.63000
-1.58615, 17.64000
-1.56937, 17.65000
-1.68152, 17.66000
-1.52344, 17.67000
-1.67252, 17.68000
-1.60278, 17.69000
-1.56647, 17.70000
-1.69067, 17.71000
-1.52267, 17.72000
-1.66534, 17.73000
-1.58249, 17.74000
-1.55289, 17.75000
-1.66763, 17.76000
-1.49673, 17.77000
-1.64429, 17.78000
-1.55685, 17.79000
-1.52267, 17.80000
-1.62582, 17.81000
-1.45676, 17.82000
-1.60461, 17.83000
-1.50513, 17.84000
-1.47232, 17.85000
-1.58127, 17.86000
-1.41098, 17.87000
-1.56296, 17.88000
-1.45905, 17.89000
-1.42456, 17.90000
-1.53244, 17.91000
-1.36200, 17.92000
-1.51093, 17.93000
-1.42181, 17.94000
-1.38306, 17.95000
-1.48972, 17.96000
-1.32278, 17.97000
-1.48300, 17.98000
-1.38535, 17.99000
-1.35391, 18.00000
-1.46606, 18.01000
-1.29684, 18.02000
-1.45691, 18.03000
-1.37909, 18.04000
-1.34293, 18.05000
-1.44974, 18.06000
-1.28723, 18.07000
-1.44760, 18.08000
-1.35300, 18.09000
-1.33881, 18.10000
-1.45584, 18.11000
-1.29547, 18.12000
-1.46042, 18.13000
-1.37711, 18.14000
-1.35880, 18.15000
-1.47964, 18.16000
-1.32538, 18.17000
-1.49658, 18.18000
-1.40335, 18.19000
-1.39404, 18.20000
-1.51657, 18.21000
-1.36169, 18.22000
-1.54007, 18.23000
-1.44806, 18.24000
-1.44165, 18.25000
-1.55960, 18.26000
-1.40244, 18.27000
-1.57578, 18.28000
-1.48117, 18.29000
-1.47766, 18.30000
-1.59286, 18.31000
-1.43890, 18.32000
-1.61407, 18.33000
-1.52390, 18.34000
-1.50742, 18.35000
-1.62140, 18.36000
-1.45569, 18.37000
-1.62613, 18.38000
-1.52969, 18.39000
-1.52786, 18.40000
-1.62598, 18.41000
-1.46103, 18.42000
-1.63788, 18.43000
-1.53137, 18.44000
-1.51718, 18.45000
-1.62766, 18.46000
-1.46408, 18.47000
-1.63162, 18.48000
-1.52817, 18.49000
-1.52908, 18.50000
-1.62354, 18.51000
-1.46027, 18.52000
-1.62430, 18.53000
-1.52328, 18.54000
-1.52786, 18.55000
-1.63101, 18.56000
-1.46805, 18.57000
-1.64001, 18.58000
-1.53625, 18.59000
-1.54236, 18.60000
-1.63086, 18.61000
-1.47141, 18.62000
-1.64871, 18.63000
-1.52527, 18.64000
-1.54282, 18.65000
-1.62903, 18.66000
-1.47354, 18.67000
-1.65131, 18.68000
-1.55441, 18.69000
-1.53351, 18.70000
-1.63239, 18.71000
-1.47659, 18.72000
-1.64917, 18.73000
-1.53931, 18.74000
-1.54526, 18.75000
-1.63879, 18.76000
-1.47858, 18.77000
-1.65833, 18.78000
-1.53458, 18.79000
-1.56204, 18.80000
-1.63757, 18.81000
-1.48651, 18.82000
-1.66367, 18.83000
-1.55136, 18.84000
-1.55899, 18.85000
-1.65009, 18.86000
-1.49475, 18.87000
-1.67267, 18.88000
-1.54953, 18.89000
-1.56815, 18.90000
-1.65634, 18.91000
-1.50024, 18.92000
-1.67587, 18.93000
-1.56479, 18.94000
-1.57181, 18.95000
-1.66397, 18.96000
-1.50543, 18.97000
-1.68213, 18.98000
-1.56631, 18.99000
-1.57333, 19.00000
-1.66748, 19.01000
-1.51047, 19.02000
-1.68655, 19.03000
-1.57196, 19.04000
-1.57700, 19.05000
-1.67145, 19.06000
-1.51398, 19.07000
-1.69571, 19.08000
-1.57578, 19.09000
-1.59256, 19.10000
-1.66885, 19.11000
-1.52313, 19.12000
-1.70059, 19.13000
-1.58340, 19.14000
-1.58096, 19.15000
-1.68579, 19.16000
-1.53214, 19.17000
-1.71249, 19.18000
-1.59012, 19.19000
-1.61728, 19.20000
-1.70380, 19.21000
-1.54877, 19.22000
-1.73004, 19.23000
-1.61011, 19.24000
-1.62781, 19.25000
-1.70563, 19.26000
-1.56433, 19.27000
-1.74545, 19.28000
-1.62415, 19.29000
-1.65237, 19.30000
-1.72699, 19.31000
-1.57990, 19.32000
-1.76239, 19.33000
-1.65390, 19.34000
-1.66595, 19.35000
-1.73218, 19.36000
-1.59149, 19.37000
-1.77612, 19.38000
-1.65787, 19.39000
-1.68747, 19.40000
-1.74957, 19.41000
-1.60751, 19.42000
-1.79184, 19.43000
-1.66626, 19.44000
-1.69632, 19.45000
-1.76712, 19.46000
-1.62231, 19.47000
-1.80588, 19.48000
-1.68503, 19.49000
-1.72043, 19.50000
-1.79214, 19.51000
-1.64307, 19.52000
-1.82938, 19.53000
-1.70502, 19.54000
-1.73645, 19.55000
-1.81793, 19.56000
-1.66321, 19.57000
-1.84784, 19.58000
-1.72211, 19.59000
-1.76071, 19.60000
-1.82892, 19.61000
-1.67953, 19.62000
-1.86478, 19.63000
-1.73386, 19.64000
-1.77429, 19.65000
-1.83807, 19.66000
-1.69464, 19.67000
-1.87836, 19.68000
-1.75446, 19.69000
-1.79214, 19.70000
-1.86234, 19.71000
-1.70990, 19.72000
-1.89438, 19.73000
-1.76315, 19.74000
-1.80130, 19.75000
-1.87454, 19.76000
-1.72562, 19.77000
-1.90903, 19.78000
-1.78207, 19.79000
-1.82236, 19.80000
-1.88766, 19.81000
-1.73798, 19.82000
-1.92322, 19.83000
-1.79016, 19.84000
-1.83060, 19.85000
-1.89835, 19.86000
-1.75369, 19.87000
-1.93695, 19.88000
-1.80222, 19.89000
-1.83792, 19.90000
-1.90842, 19.91000
-1.76605, 19.92000
-1.95068, 19.93000
-1.81595, 19.94000
-1.85333, 19.95000
-1.92429, 19.96000
-1.77917, 19.97000
-1.96152, 19.98000
-1.84692, 19.99000
-1.86249, 20.00000
-1.92474, 20.01000
-1.78604, 20.02000
-1.96915, 20.03000
-1.83105, 20.04000
-1.88202, 20.05000
-1.93283, 20.06000
-1.79337, 20.07000
-1.97891, 20.08000
-1.84677, 20.09000
-1.89102, 20.10000
-1.94351, 20.11000
-1.81030, 20.12000
-1.99326, 20.13000
-1.86920, 20.14000
-1.91299, 20.15000
-1.96701, 20.16000
-1.82632, 20.17000
-2.00851, 20.18000
-1.87408, 20.19000
-1.92581, 20.20000
-1.98318, 20.21000
-1.83929, 20.22000
-2.02271, 20.23000
-1.88919, 20.24000
-1.94427, 20.25000
-1.99142, 20.26000
-1.85196, 20.27000
-2.03461, 20.28000
-1.89514, 20.29000
-1.95023, 20.30000
-2.00165, 20.31000
-1.86371, 20.32000
-2.04803, 20.33000
-1.91162, 20.34000
-1.94885, 20.35000
-2.01569, 20.36000
-1.87607, 20.37000
-2.05917, 20.38000
-1.92551, 20.39000
-1.97495, 20.40000
-2.02591, 20.41000
-1.88904, 20.42000
-2.07260, 20.43000
-1.93329, 20.44000
-1.98318, 20.45000
-2.03354, 20.46000
-1.90109, 20.47000
-2.08435, 20.48000
-1.94977, 20.49000
-1.99722, 20.50000
-2.04544, 20.51000
-1.91269, 20.52000
-2.09396, 20.53000
-1.95923, 20.54000
-2.01248, 20.55000
-2.06024, 20.56000
-1.92474, 20.57000
-2.10648, 20.58000
-1.97327, 20.59000
-2.02942, 20.60000
-2.06741, 20.61000
-1.93710, 20.62000
-2.11823, 20.63000
-1.99493, 20.64000
-2.03445, 20.65000
-2.07687, 20.66000
-1.94641, 20.67000
-2.12982, 20.68000
-1.99341, 20.69000
-2.05475, 20.70000
-2.09473, 20.71000
-1.96014, 20.72000
-2.14172, 20.73000
-2.00638, 20.74000
-2.05978, 20.75000
-2.11258, 20.76000
-1.97113, 20.77000
-2.15225, 20.78000
-2.01233, 20.79000
-2.07748, 20.80000
-2.11319, 20.81000
-1.97906, 20.82000
-2.16080, 20.83000
-2.01187, 20.84000
-2.08710, 20.85000
-2.12219, 20.86000
-1.99036, 20.87000
-2.16873, 20.88000
-2.02957, 20.89000
-2.08496, 20.90000
-2.12601, 20.91000
-1.99905, 20.92000
-2.18094, 20.93000
-2.03018, 20.94000
-2.10129, 20.95000
-2.14218, 20.96000
-2.01065, 20.97000
-2.19086, 20.98000
-2.04971, 20.99000
-2.11899, 21.00000
-2.15042, 21.01000
-2.02637, 21.02000
-2.20673, 21.03000
-2.06696, 21.04000
-2.13776, 21.05000
-2.16476, 21.06000
-2.03903, 21.07000
-2.21985, 21.08000
-2.07947, 21.09000
-2.14569, 21.10000
-2.18933, 21.11000
-2.05292, 21.12000
-2.23236, 21.13000
-2.08664, 21.14000
-2.15485, 21.15000
-2.18674, 21.16000
-2.06436, 21.17000
-2.24594, 21.18000
-2.09030, 21.19000
-2.17346, 21.20000
-2.20459, 21.21000
-2.07809, 21.22000
-2.25647, 21.23000
-2.11075, 21.24000
-2.18933, 21.25000
-2.21619, 21.26000
-2.08878, 21.27000
-2.26791, 21.28000
-2.13837, 21.29000
-2.19299, 21.30000
-2.22534, 21.31000
-2.10083, 21.32000
-2.27737, 21.33000
-2.12326, 21.34000
-2.19879, 21.35000
-2.23282, 21.36000
-2.11121, 21.37000
-2.28790, 21.38000
-2.14462, 21.39000
-2.22427, 21.40000
-2.24472, 21.41000
-2.12250, 21.42000
-2.29874, 21.43000
-2.15302, 21.44000
-2.22458, 21.45000
-2.25266, 21.46000
-2.13074, 21.47000
-2.31125, 21.48000
-2.15714, 21.49000
-2.24030, 21.50000
-2.26425, 21.51000
-2.14493, 21.52000
-2.32224, 21.53000
-2.17484, 21.54000
-2.25143, 21.55000
-2.27722, 21.56000
-2.15393, 21.57000
-2.33261, 21.58000
-2.18735, 21.59000
-2.27234, 21.60000
-2.28943, 21.61000
-2.16522, 21.62000
-2.34268, 21.63000
-2.19437, 21.64000
-2.27310, 21.65000
-2.29889, 21.66000
-2.17941, 21.67000
-2.35245, 21.68000
-2.20917, 21.69000
-2.28760, 21.70000
-2.30972, 21.71000
-2.18658, 21.72000
-2.36191, 21.73000
-2.21802, 21.74000
-2.29553, 21.75000
-2.31079, 21.76000
-2.19849, 21.77000
-2.37457, 21.78000
-2.22183, 21.79000
-2.31705, 21.80000
-2.32025, 21.81000
-2.21237, 21.82000
-2.38602, 21.83000
-2.22412, 21.84000
-2.33383, 21.85000
-2.33749, 21.86000
-2.22061, 21.87000
-2.39624, 21.88000
-2.23846, 21.89000
-2.33337, 21.90000
-2.33704, 21.91000
-2.23343, 21.92000
-2.40799, 21.93000
-2.27600, 21.94000
-2.34985, 21.95000
-2.34818, 21.96000
-2.24304, 21.97000
-2.41714, 21.98000
-2.26257, 21.99000
-2.36069, 22.00000
-2.35748, 22.01000
-2.25723, 22.02000
-2.42981, 22.03000
-2.27356, 22.04000
-2.38174, 22.05000
-2.38251, 22.06000
-2.27173, 22.07000
-2.43912, 22.08000
-2.27814, 22.09000
-2.39044, 22.10000
-2.39731, 22.11000
-2.28470, 22.12000
-2.45255, 22.13000
-2.29752, 22.14000
-2.40326, 22.15000
-2.36465, 22.16000
-2.32162, 22.17000
-2.45575, 22.18000
-2.29263, 22.19000
-2.43668, 22.20000
-2.38449, 22.21000
-2.33353, 22.22000
-2.46567, 22.23000
-2.30194, 22.24000
-2.45468, 22.25000
-2.38937, 22.26000
-2.35031, 22.27000
-2.47940, 22.28000
-2.31445, 22.29000
-2.46490, 22.30000
-2.40402, 22.31000
-2.35855, 22.32000
-2.49069, 22.33000
-2.32574, 22.34000
-2.48672, 22.35000
-2.40967, 22.36000
-2.37228, 22.37000
-2.49954, 22.38000
-2.33566, 22.39000
-2.48474, 22.40000
-2.42172, 22.41000
-2.38571, 22.42000
-2.51129, 22.43000
-2.34772, 22.44000
-2.49451, 22.45000
-2.43469, 22.46000
-2.39441, 22.47000
-2.52350, 22.48000
-2.35809, 22.49000
-2.51923, 22.50000
-2.44247, 22.51000
-2.39914, 22.52000
-2.53220, 22.53000
-2.37076, 22.54000
-2.52197, 22.55000
-2.45026, 22.56000
-2.41821, 22.57000
-2.54410, 22.58000
-2.39014, 22.59000
-2.54395, 22.60000
-2.46307, 22.61000
-2.43042, 22.62000
-2.55173, 22.63000
-2.39365, 22.64000
-2.54822, 22.65000
-2.46826, 22.66000
-2.44659, 22.67000
-2.56439, 22.68000
-2.40356, 22.69000
-2.55798, 22.70000
-2.48535, 22.71000
-2.44904, 22.72000
-2.57614, 22.73000
-2.41852, 22.74000
-2.57065, 22.75000
-2.49252, 22.76000
-2.46689, 22.77000
-2.58987, 22.78000
-2.42783, 22.79000
-2.58545, 22.80000
-2.50519, 22.81000
-2.47849, 22.82000
-2.59918, 22.83000
-2.43668, 22.84000
-2.59369, 22.85000
-2.51709, 22.86000
-2.48566, 22.87000
-2.61246, 22.88000
-2.44919, 22.89000
-2.61368, 22.90000
-2.52548, 22.91000
-2.50397, 22.92000
-2.61963, 22.93000
-2.46216, 22.94000
-2.63153, 22.95000
-2.53265, 22.96000
-2.51389, 22.97000
-2.63397, 22.98000
-2.47421, 22.99000
-2.64191, 23.00000
-2.54852, 23.01000
-2.52487, 23.02000
-2.64694, 23.03000
-2.48398, 23.04000
-2.65747, 23.05000
-2.56287, 23.06000
-2.54288, 23.07000
-2.65762, 23.08000
-2.49786, 23.09000
-2.66846, 23.10000
-2.57187, 23.11000
-2.56149, 23.12000
-2.66541, 23.13000
-2.50839, 23.14000
-2.67136, 23.15000
-2.59033, 23.16000
-2.56943, 23.17000
-2.68204, 23.18000
-2.52151, 23.19000
-2.68784, 23.20000
-2.59796, 23.21000
-2.57523, 23.22000
-2.69409, 23.23000
-2.53616, 23.24000
-2.69852, 23.25000
-2.60101, 23.26000
-2.59766, 23.27000
-2.70218, 23.28000
-2.54562, 23.29000
-2.70660, 23.30000
-2.60696, 23.31000
-2.60117, 23.32000
-2.71698, 23.33000
-2.55493, 23.34000
-2.73285, 23.35000
-2.63474, 23.36000
-2.61276, 23.37000
-2.72751, 23.38000
-2.56790, 23.39000
-2.73468, 23.40000
-2.63870, 23.41000
-2.62894, 23.42000
-2.74139, 23.43000
-2.58026, 23.44000
-2.75162, 23.45000
-2.65686, 23.46000
-2.64923, 23.47000
-2.75284, 23.48000
-2.59186, 23.49000
-2.75955, 23.50000
-2.66571, 23.51000
-2.65594, 23.52000
-2.76672, 23.53000
-2.60315, 23.54000
-2.77832, 23.55000
-2.67700, 23.56000
-2.67303, 23.57000
-2.77222, 23.58000
-2.61734, 23.59000
-2.78275, 23.60000
-2.69516, 23.61000
-2.68234, 23.62000
-2.79129, 23.63000
-2.62848, 23.64000
-2.80640, 23.65000
-2.69730, 23.66000
-2.68982, 23.67000
-2.80289, 23.68000
-2.64099, 23.69000
-2.81555, 23.70000
-2.70935, 23.71000
-2.70920, 23.72000
-2.81570, 23.73000
-2.65350, 23.74000
-2.81723, 23.75000
-2.71667, 23.76000
-2.72064, 23.77000
-2.83035, 23.78000
-2.66586, 23.79000
-2.84164, 23.80000
-2.73911, 23.81000
-2.74628, 23.82000
-2.83859, 23.83000
-2.67960, 23.84000
-2.85889, 23.85000
-2.75146, 23.86000
-2.74551, 23.87000
-2.85355, 23.88000
-2.69516, 23.89000
-2.86636, 23.90000
-2.76169, 23.91000
-2.76215, 23.92000
-2.86606, 23.93000
-2.70523, 23.94000
-2.87659, 23.95000
-2.76398, 23.96000
-2.78793, 23.97000
-2.86972, 23.98000
-2.71759, 23.99000
-2.89490, 24.00000
-2.78625, 24.01000
-2.78229, 24.02000
-2.88757, 24.03000
-2.72934, 24.04000
-2.91061, 24.05000
-2.78824, 24.06000
-2.81052, 24.07000
-2.90405, 24.08000
-2.74307, 24.09000
-2.92404, 24.10000
-2.81189, 24.11000
-2.81342, 24.12000
-2.91260, 24.13000
-2.75711, 24.14000
-2.93777, 24.15000
-2.82990, 24.16000
-2.83920, 24.17000
-2.92664, 24.18000
-2.76825, 24.19000
-2.94861, 24.20000
-2.82898, 24.21000
-2.84302, 24.22000
-2.94510, 24.23000
-2.78259, 24.24000
-2.96234, 24.25000
-2.84851, 24.26000
-2.87048, 24.27000
-2.95105, 24.28000
-2.79495, 24.29000
-2.97897, 24.30000
-2.86148, 24.31000
-2.87979, 24.32000
-2.96814, 24.33000
-2.80853, 24.34000
-2.99271, 24.35000
-2.86438, 24.36000
-2.89948, 24.37000
-2.97501, 24.38000
-2.82120, 24.39000
-2.99988, 24.40000
-2.88071, 24.41000
-2.90207, 24.42000
-2.99103, 24.43000
-2.83356, 24.44000
-3.01620, 24.45000
-2.89749, 24.46000
-2.90680, 24.47000
-2.99591, 24.48000
-2.84698, 24.49000
-3.02994, 24.50000
-2.90466, 24.51000
-2.93030, 24.52000
-3.00995, 24.53000
-2.86179, 24.54000
-3.04565, 24.55000
-2.92465, 24.56000
-2.94128, 24.57000
-3.02094, 24.58000
-2.87430, 24.59000
-3.05344, 24.60000
-2.93747, 24.61000
-2.96524, 24.62000
-3.04031, 24.63000
-2.88559, 24.64000
-3.07205, 24.65000
-2.94159, 24.66000
-2.97729, 24.67000
-3.05908, 24.68000
-2.89963, 24.69000
-3.08212, 24.70000
-2.95990, 24.71000
-2.99042, 24.72000
-3.06885, 24.73000
-2.91306, 24.74000
-3.09631, 24.75000
-2.97241, 24.76000
-2.99637, 24.77000
-3.07739, 24.78000
-2.92664, 24.79000
-3.10837, 24.80000
-2.98447, 24.81000
-3.01071, 24.82000
-3.08975, 24.83000
-2.93884, 24.84000
-3.12332, 24.85000
-2.99362, 24.86000
-3.02536, 24.87000
-3.10440, 24.88000
-2.95242, 24.89000
-3.13660, 24.90000
-3.00797, 24.91000
-3.04550, 24.92000
-3.11417, 24.93000
-2.96585, 24.94000
-3.15063, 24.95000
-3.02277, 24.96000
-3.05786, 24.97000
-3.12225, 24.98000
-2.98004, 24.99000
-3.16498, 25.00000
