-0.13290, 0.01000
-0.01251, 0.02000
-0.14267, 0.03000
-0.09750, 0.04000
-0.03555, 0.05000
-0.17822, 0.06000
-0.01465, 0.07000
-0.14343, 0.08000
-0.09567, 0.09000
-0.03677, 0.10000
-0.17807, 0.11000
-0.02472, 0.12000
-0.14755, 0.13000
-0.10193, 0.14000
-0.04440, 0.15000
-0.17914, 0.16000
-0.01556, 0.17000
-0.14801, 0.18000
-0.09537, 0.19000
-0.03845, 0.20000
-0.18234, 0.21000
-0.01419, 0.22000
-0.15060, 0.23000
-0.09933, 0.24000
-0.04120, 0.25000
-0.18127, 0.26000
-0.01556, 0.27000
-0.14847, 0.28000
-0.10971, 0.29000
-0.04745, 0.30000
-0.18250, 0.31000
-0.01648, 0.32000
-0.14389, 0.33000
-0.10468, 0.34000
-0.04105, 0.35000
-0.18387, 0.36000
-0.01511, 0.37000
-0.14877, 0.38000
-0.10040, 0.39000
-0.04608, 0.40000
-0.18265, 0.41000
-0.01770, 0.42000
-0.15442, 0.43000
-0.10605, 0.44000
-0.03799, 0.45000
-0.18295, 0.46000
-0.01633, 0.47000
-0.15686, 0.48000
-0.10620, 0.49000
-0.05203, 0.50000
-0.18448, 0.51000
-0.01968, 0.52000
-0.15930, 0.53000
-0.09903, 0.54000
-0.04852, 0.55000
-0.18570, 0.56000
-0.01724, 0.57000
-0.15900, 0.58000
-0.10651, 0.59000
-0.05203, 0.60000
-0.18326, 0.61000
-0.01709, 0.62000
-0.15335, 0.63000
-0.11063, 0.64000
-0.04456, 0.65000
-0.18616, 0.66000
-0.01862, 0.67000
-0.15594, 0.68000
-0.10773, 0.69000
-0.04486, 0.70000
-0.18585, 0.71000
-0.01862, 0.72000
-0.15488, 0.73000
-0.10574, 0.74000
-0.04791, 0.75000
-0.18646, 0.76000
-0.03143, 0.77000
-0.15839, 0.78000
-0.10635, 0.79000
-0.04852, 0.80000
-0.18936, 0.81000
-0.02136, 0.82000
-0.15961, 0.83000
-0.10757, 0.84000
-0.05676, 0.85000
-0.18875, 0.86000
-0.02396, 0.87000
-0.15076, 0.88000
-0.10544, 0.89000
-0.04990, 0.90000
-0.18738, 0.91000
-0.02167, 0.92000
-0.15594, 0.93000
-0.11108, 0.94000
-0.05127, 0.95000
-0.18784, 0.96000
-0.02441, 0.97000
-0.15762, 0.98000
-0.10620, 0.99000
-0.05875, 1.00000
-0.19119, 1.01000
-0.02914, 1.02000
-0.16388, 1.03000
-0.11169, 1.04000
-0.05173, 1.05000
-0.18967, 1.06000
-0.02579, 1.07000
-0.16739, 1.08000
-0.11505, 1.09000
-0.05524, 1.10000
-0.19333, 1.11000
-0.02487, 1.12000
-0.15793, 1.13000
-0.11353, 1.14000
-0.05325, 1.15000
-0.19211, 1.16000
-0.02609, 1.17000
-0.16403, 1.18000
-0.10696, 1.19000
-0.05707, 1.20000
-0.19409, 1.21000
-0.03006, 1.22000
-0.17197, 1.23000
-0.10895, 1.24000
-0.05508, 1.25000
-0.19348, 1.26000
-0.02899, 1.27000
-0.16464, 1.28000
-0.11673, 1.29000
-0.06439, 1.30000
-0.19394, 1.31000
-0.02945, 1.32000
-0.16724, 1.33000
-0.11734, 1.34000
-0.05798, 1.35000
-0.19608, 1.36000
-0.02930, 1.37000
-0.16556, 1.38000
-0.11627, 1.39000
-0.06592, 1.40000
-0.19775, 1.41000
-0.03937, 1.42000
-0.17258, 1.43000
-0.11017, 1.44000
-0.06012, 1.45000
-0.19699, 1.46000
-0.03006, 1.47000
-0.16785, 1.48000
-0.11658, 1.49000
-0.05066, 1.50000
-0.19608, 1.51000
-0.03204, 1.52000
-0.16708, 1.53000
-0.11444, 1.54000
-0.06210, 1.55000
-0.19669, 1.56000
-0.03250, 1.57000
-0.16876, 1.58000
-0.11826, 1.59000
-0.06027, 1.60000
-0.19806, 1.61000
-0.03128, 1.62000
-0.17197, 1.63000
-0.11948, 1.64000
-0.06317, 1.65000
-0.19943, 1.66000
-0.03510, 1.67000
-0.17654, 1.68000
-0.12070, 1.69000
-0.06287, 1.70000
-0.19791, 1.71000
-0.03525, 1.72000
-0.17197, 1.73000
-0.12177, 1.74000
-0.06378, 1.75000
-0.19714, 1.76000
-0.03403, 1.77000
-0.17059, 1.78000
-0.11963, 1.79000
-0.06439, 1.80000
-0.20096, 1.81000
-0.03616, 1.82000
-0.16953, 1.83000
-0.11765, 1.84000
-0.07416, 1.85000
-0.20325, 1.86000
-0.03830, 1.87000
-0.17395, 1.88000
-0.11612, 1.89000
-0.07248, 1.90000
-0.20309, 1.91000
-0.03647, 1.92000
-0.17700, 1.93000
-0.12314, 1.94000
-0.06775, 1.95000
-0.20386, 1.96000
-0.03830, 1.97000
-0.17624, 1.98000
-0.12573, 1.99000
-0.07065, 2.00000
-0.20508, 2.01000
-0.04013, 2.02000
-0.18478, 2.03000
-0.12497, 2.04000
-0.07126, 2.05000
-0.20523, 2.06000
-0.04898, 2.07000
-0.17929, 2.08000
-0.12848, 2.09000
-0.07950, 2.10000
-0.20523, 2.11000
-0.04318, 2.12000
-0.18936, 2.13000
-0.12833, 2.14000
-0.07248, 2.15000
-0.20782, 2.16000
-0.04135, 2.17000
-0.18936, 2.18000
-0.12863, 2.19000
-0.08072, 2.20000
-0.20966, 2.21000
-0.04395, 2.22000
-0.18204, 2.23000
-0.12299, 2.24000
-0.08011, 2.25000
-0.20996, 2.26000
-0.04578, 2.27000
-0.18448, 2.28000
-0.12604, 2.29000
-0.07904, 2.30000
-0.20798, 2.31000
-0.04623, 2.32000
-0.18127, 2.33000
-0.12848, 2.34000
-0.08286, 2.35000
-0.21225, 2.36000
-0.05005, 2.37000
-0.19196, 2.38000
-0.13153, 2.39000
-0.07507, 2.40000
-0.21255, 2.41000
-0.04700, 2.42000
-0.18600, 2.43000
-0.12573, 2.44000
-0.07965, 2.45000
-0.21484, 2.46000
-0.04944, 2.47000
-0.19867, 2.48000
-0.12466, 2.49000
-0.08133, 2.50000
-0.21652, 2.51000
-0.04913, 2.52000
-0.18753, 2.53000
-0.13596, 2.54000
-0.08362, 2.55000
-0.21591, 2.56000
-0.05035, 2.57000
-0.19836, 2.58000
-0.13443, 2.59000
-0.08408, 2.60000
-0.21820, 2.61000
-0.05203, 2.62000
-0.18890, 2.63000
-0.13077, 2.64000
-0.09064, 2.65000
-0.21896, 2.66000
-0.05402, 2.67000
-0.19165, 2.68000
-0.13596, 2.69000
-0.08484, 2.70000
-0.21896, 2.71000
-0.05890, 2.72000
-0.19424, 2.73000
-0.13046, 2.74000
-0.08774, 2.75000
-0.21835, 2.76000
-0.05447, 2.77000
-0.20172, 2.78000
-0.14130, 2.79000
-0.08911, 2.80000
-0.22110, 2.81000
-0.05386, 2.82000
-0.19791, 2.83000
-0.13931, 2.84000
-0.08820, 2.85000
-0.22064, 2.86000
-0.05692, 2.87000
-0.20554, 2.88000
-0.13412, 2.89000
-0.08865, 2.90000
-0.22324, 2.91000
-0.05554, 2.92000
-0.19836, 2.93000
-0.14069, 2.94000
-0.08179, 2.95000
-0.22415, 2.96000
-0.05981, 2.97000
-0.20157, 2.98000
-0.14297, 2.99000
-0.09537, 3.00000
-0.22690, 3.01000
-0.06073, 3.02000
-0.20889, 3.03000
-0.14404, 3.04000
-0.09338, 3.05000
-0.22720, 3.06000
-0.06149, 3.07000
-0.21255, 3.08000
-0.13840, 3.09000
-0.10300, 3.10000
-0.22873, 3.11000
-0.06607, 3.12000
-0.21301, 3.13000
-0.14664, 3.14000
-0.09842, 3.15000
-0.22903, 3.16000
-0.06546, 3.17000
-0.20737, 3.18000
-0.14999, 3.19000
-0.10681, 3.20000
-0.22980, 3.21000
-0.06866, 3.22000
-0.21378, 3.23000
-0.14297, 3.24000
-0.10269, 3.25000
-0.23392, 3.26000
-0.06821, 3.27000
-0.21118, 3.28000
-0.15137, 3.29000
-0.10406, 3.30000
-0.23514, 3.31000
-0.07126, 3.32000
-0.21301, 3.33000
-0.14740, 3.34000
-0.10239, 3.35000
-0.23590, 3.36000
-0.07462, 3.37000
-0.22202, 3.38000
-0.15182, 3.39000
-0.11139, 3.40000
-0.23560, 3.41000
-0.07324, 3.42000
-0.21530, 3.43000
-0.14832, 3.44000
-0.10254, 3.45000
-0.24002, 3.46000
-0.07187, 3.47000
-0.22720, 3.48000
-0.15671, 3.49000
-0.10880, 3.50000
-0.23895, 3.51000
-0.07370, 3.52000
-0.21866, 3.53000
-0.15869, 3.54000
-0.11154, 3.55000
-0.24170, 3.56000
-0.07660, 3.57000
-0.22049, 3.58000
-0.15518, 3.59000
-0.11154, 3.60000
-0.24246, 3.61000
-0.07675, 3.62000
-0.22308, 3.63000
-0.15442, 3.64000
-0.11871, 3.65000
-0.24506, 3.66000
-0.08026, 3.67000
-0.22369, 3.68000
-0.16129, 3.69000
-0.11642, 3.70000
-0.24521, 3.71000
-0.08163, 3.72000
-0.22659, 3.73000
-0.16434, 3.74000
-0.12436, 3.75000
-0.24796, 3.76000
-0.08316, 3.77000
-0.23514, 3.78000
-0.16449, 3.79000
-0.12085, 3.80000
-0.25116, 3.81000
-0.08240, 3.82000
-0.23773, 3.83000
-0.16632, 3.84000
-0.12634, 3.85000
-0.25238, 3.86000
-0.08575, 3.87000
-0.23254, 3.88000
-0.16479, 3.89000
-0.12436, 3.90000
-0.25253, 3.91000
-0.08621, 3.92000
-0.23346, 3.93000
-0.16922, 3.94000
-0.13092, 3.95000
-0.25452, 3.96000
-0.09018, 3.97000
-0.23163, 3.98000
-0.16495, 3.99000
-0.12665, 4.00000
-0.25650, 4.01000
-0.09445, 4.02000
-0.23651, 4.03000
-0.17242, 4.04000
-0.13214, 4.05000
-0.25833, 4.06000
-0.09384, 4.07000
-0.23544, 4.08000
-0.17029, 4.09000
-0.13596, 4.10000
-0.26108, 4.11000
-0.09399, 4.12000
-0.24185, 4.13000
-0.17502, 4.14000
-0.13245, 4.15000
-0.26123, 4.16000
-0.09491, 4.17000
-0.24231, 4.18000
-0.17700, 4.19000
-0.13474, 4.20000
-0.26382, 4.21000
-0.09659, 4.22000
-0.25375, 4.23000
-0.17838, 4.24000
-0.13596, 4.25000
-0.26337, 4.26000
-0.09903, 4.27000
-0.24673, 4.28000
-0.17426, 4.29000
-0.13733, 4.30000
-0.26642, 4.31000
-0.09933, 4.32000
-0.25833, 4.33000
-0.18082, 4.34000
-0.13977, 4.35000
-0.26596, 4.36000
-0.10193, 4.37000
-0.24902, 4.38000
-0.18280, 4.39000
-0.14618, 4.40000
-0.26672, 4.41000
-0.10468, 4.42000
-0.24979, 4.43000
-0.17929, 4.44000
-0.14389, 4.45000
-0.26917, 4.46000
-0.10422, 4.47000
-0.25345, 4.48000
-0.18539, 4.49000
-0.14954, 4.50000
-0.27054, 4.51000
-0.10818, 4.52000
-0.24918, 4.53000
-0.18448, 4.54000
-0.14725, 4.55000
-0.27420, 4.56000
-0.10834, 4.57000
-0.25742, 4.58000
-0.18951, 4.59000
-0.15244, 4.60000
-0.27664, 4.61000
-0.11032, 4.62000
-0.25467, 4.63000
-0.18616, 4.64000
-0.15533, 4.65000
-0.27817, 4.66000
-0.11871, 4.67000
-0.26520, 4.68000
-0.19150, 4.69000
-0.14847, 4.70000
-0.27893, 4.71000
-0.11414, 4.72000
-0.26291, 4.73000
-0.19562, 4.74000
-0.15533, 4.75000
-0.28244, 4.76000
-0.11795, 4.77000
-0.27252, 4.78000
-0.19867, 4.79000
-0.15350, 4.80000
-0.28244, 4.81000
-0.11673, 4.82000
-0.26260, 4.83000
-0.19272, 4.84000
-0.16129, 4.85000
-0.28427, 4.86000
-0.11963, 4.87000
-0.27008, 4.88000
-0.19211, 4.89000
-0.15869, 4.90000
-0.28595, 4.91000
-0.12009, 4.92000
-0.27344, 4.93000
-0.20111, 4.94000
-0.16708, 4.95000
-0.28397, 4.96000
-0.12100, 4.97000
-0.27084, 4.98000
-0.20035, 4.99000
-0.16220, 5.00000
-0.28839, 5.01000
-0.12161, 5.02000
-0.27512, 5.03000
-0.19791, 5.04000
-0.16937, 5.05000
-0.28992, 5.06000
-0.12421, 5.07000
-0.26917, 5.08000
-0.19958, 5.09000
-0.16586, 5.10000
-0.28854, 5.11000
-0.12436, 5.12000
-0.27679, 5.13000
-0.20355, 5.14000
-0.16678, 5.15000
-0.29221, 5.16000
-0.12924, 5.17000
-0.28244, 5.18000
-0.19775, 5.19000
-0.16876, 5.20000
-0.29556, 5.21000
-0.13199, 5.22000
-0.28595, 5.23000
-0.20767, 5.24000
-0.17105, 5.25000
-0.29678, 5.26000
-0.12970, 5.27000
-0.28442, 5.28000
-0.20218, 5.29000
-0.17227, 5.30000
-0.29770, 5.31000
-0.13580, 5.32000
-0.29358, 5.33000
-0.20966, 5.34000
-0.17349, 5.35000
-0.30075, 5.36000
-0.13397, 5.37000
-0.29099, 5.38000
-0.20813, 5.39000
-0.17670, 5.40000
-0.30075, 5.41000
-0.13763, 5.42000
-0.29724, 5.43000
-0.21515, 5.44000
-0.17944, 5.45000
-0.30212, 5.46000
-0.13672, 5.47000
-0.30029, 5.48000
-0.21835, 5.49000
-0.18570, 5.50000
-0.30563, 5.51000
-0.13992, 5.52000
-0.30182, 5.53000
-0.21667, 5.54000
-0.18234, 5.55000
-0.30823, 5.56000
-0.13992, 5.57000
-0.29419, 5.58000
-0.21957, 5.59000
-0.18967, 5.60000
-0.30792, 5.61000
-0.14389, 5.62000
-0.28992, 5.63000
-0.21561, 5.64000
-0.18799, 5.65000
-0.31067, 5.66000
-0.14572, 5.67000
-0.30746, 5.68000
-0.22141, 5.69000
-0.18890, 5.70000
-0.31250, 5.71000
-0.14648, 5.72000
-0.29968, 5.73000
-0.22095, 5.74000
-0.19531, 5.75000
-0.31326, 5.76000
-0.14801, 5.77000
-0.30075, 5.78000
-0.22522, 5.79000
-0.19211, 5.80000
-0.31250, 5.81000
-0.14923, 5.82000
-0.30441, 5.83000
-0.21942, 5.84000
-0.19424, 5.85000
-0.31693, 5.86000
-0.15213, 5.87000
-0.31189, 5.88000
-0.22781, 5.89000
-0.19516, 5.90000
-0.31464, 5.91000
-0.15213, 5.92000
-0.30823, 5.93000
-0.23087, 5.94000
-0.20432, 5.95000
-0.31815, 5.96000
-0.16052, 5.97000
-0.31158, 5.98000
-0.23026, 5.99000
-0.19958, 6.00000
-0.32288, 6.01000
-0.15686, 6.02000
-0.32043, 6.03000
-0.23682, 6.04000
-0.20798, 6.05000
-0.32303, 6.06000
-0.15808, 6.07000
-0.32379, 6.08000
-0.23453, 6.09000
-0.20218, 6.10000
-0.32547, 6.11000
-0.15869, 6.12000
-0.32425, 6.13000
-0.22873, 6.14000
-0.21103, 6.15000
-0.32715, 6.16000
-0.16281, 6.17000
-0.31754, 6.18000
-0.23697, 6.19000
-0.21225, 6.20000
-0.32852, 6.21000
-0.16281, 6.22000
-0.32196, 6.23000
-0.23926, 6.24000
-0.20798, 6.25000
-0.32654, 6.26000
-0.16403, 6.27000
-0.32288, 6.28000
-0.23376, 6.29000
-0.21088, 6.30000
-0.33203, 6.31000
-0.16754, 6.32000
-0.33279, 6.33000
-0.24246, 6.34000
-0.21149, 6.35000
-0.32974, 6.36000
-0.16815, 6.37000
-0.32684, 6.38000
-0.24719, 6.39000
-0.21988, 6.40000
-0.33157, 6.41000
-0.17029, 6.42000
-0.33585, 6.43000
-0.24658, 6.44000
-0.21881, 6.45000
-0.33737, 6.46000
-0.17258, 6.47000
-0.33096, 6.48000
-0.23956, 6.49000
-0.22095, 6.50000
-0.33905, 6.51000
-0.17380, 6.52000
-0.34012, 6.53000
-0.24857, 6.54000
-0.21942, 6.55000
-0.33875, 6.56000
-0.17441, 6.57000
-0.33417, 6.58000
-0.24872, 6.59000
-0.22751, 6.60000
-0.34424, 6.61000
-0.18219, 6.62000
-0.33447, 6.63000
-0.24445, 6.64000
-0.23071, 6.65000
-0.34195, 6.66000
-0.17975, 6.67000
-0.34058, 6.68000
-0.25406, 6.69000
-0.23254, 6.70000
-0.34424, 6.71000
-0.18127, 6.72000
-0.33646, 6.73000
-0.24750, 6.74000
-0.22797, 6.75000
-0.34622, 6.76000
-0.18250, 6.77000
-0.34470, 6.78000
-0.25421, 6.79000
-0.23071, 6.80000
-0.34515, 6.81000
-0.18570, 6.82000
-0.34027, 6.83000
-0.26047, 6.84000
-0.23148, 6.85000
-0.34714, 6.86000
-0.18677, 6.87000
-0.34637, 6.88000
-0.25406, 6.89000
-0.23254, 6.90000
-0.34897, 6.91000
-0.18661, 6.92000
-0.35645, 6.93000
-0.25436, 6.94000
-0.23727, 6.95000
-0.35477, 6.96000
-0.18982, 6.97000
-0.35065, 6.98000
-0.26230, 6.99000
-0.23712, 7.00000
-0.35217, 7.01000
-0.19043, 7.02000
-0.35263, 7.03000
-0.26047, 7.04000
-0.23819, 7.05000
-0.35889, 7.06000
-0.19363, 7.07000
-0.35690, 7.08000
-0.26062, 7.09000
-0.24002, 7.10000
-0.36057, 7.11000
-0.19470, 7.12000
-0.35995, 7.13000
-0.26062, 7.14000
-0.25024, 7.15000
-0.36163, 7.16000
-0.19592, 7.17000
-0.36652, 7.18000
-0.27206, 7.19000
-0.24582, 7.20000
-0.36423, 7.21000
-0.19821, 7.22000
-0.36530, 7.23000
-0.27130, 7.24000
-0.25513, 7.25000
-0.36407, 7.26000
-0.20386, 7.27000
-0.35965, 7.28000
-0.26581, 7.29000
-0.25604, 7.30000
-0.36331, 7.31000
-0.20050, 7.32000
-0.36346, 7.33000
-0.27328, 7.34000
-0.24780, 7.35000
-0.36514, 7.36000
-0.20218, 7.37000
-0.36591, 7.38000
-0.26886, 7.39000
-0.25101, 7.40000
-0.36942, 7.41000
-0.20569, 7.42000
-0.37384, 7.43000
-0.27786, 7.44000
-0.25909, 7.45000
-0.36987, 7.46000
-0.20767, 7.47000
-0.37720, 7.48000
-0.27100, 7.49000
-0.26337, 7.50000
-0.37338, 7.51000
-0.20981, 7.52000
-0.37949, 7.53000
-0.28137, 7.54000
-0.26733, 7.55000
-0.37170, 7.56000
-0.21057, 7.57000
-0.37384, 7.58000
-0.28519, 7.59000
-0.25986, 7.60000
-0.37720, 7.61000
-0.21255, 7.62000
-0.37811, 7.63000
-0.27649, 7.64000
-0.26489, 7.65000
-0.37811, 7.66000
-0.21255, 7.67000
-0.38071, 7.68000
-0.28625, 7.69000
-0.27145, 7.70000
-0.37933, 7.71000
-0.21561, 7.72000
-0.37674, 7.73000
-0.27985, 7.74000
-0.27298, 7.75000
-0.37704, 7.76000
-0.21729, 7.77000
-0.38147, 7.78000
-0.28290, 7.79000
-0.26596, 7.80000
-0.38498, 7.81000
-0.21820, 7.82000
-0.38071, 7.83000
-0.28549, 7.84000
-0.26871, 7.85000
-0.38132, 7.86000
-0.21942, 7.87000
-0.38483, 7.88000
-0.29114, 7.89000
-0.28015, 7.90000
-0.38849, 7.91000
-0.22720, 7.92000
-0.38528, 7.93000
-0.28564, 7.94000
-0.28320, 7.95000
-0.38361, 7.96000
-0.22461, 7.97000
-0.39001, 7.98000
-0.29587, 7.99000
-0.28534, 8.00000
-0.39093, 8.01000
-0.22659, 8.02000
-0.38773, 8.03000
-0.28915, 8.04000
-0.28534, 8.05000
-0.39154, 8.06000
-0.22766, 8.07000
-0.39505, 8.08000
-0.29938, 8.09000
-0.27863, 8.10000
-0.38956, 8.11000
-0.23148, 8.12000
-0.39581, 8.13000
-0.29312, 8.14000
-0.28122, 8.15000
-0.39551, 8.16000
-0.23315, 8.17000
-0.40497, 8.18000
-0.29663, 8.19000
-0.29419, 8.20000
-0.39841, 8.21000
-0.23407, 8.22000
-0.40176, 8.23000
-0.30609, 8.24000
-0.28381, 8.25000
-0.40115, 8.26000
-0.23651, 8.27000
-0.40985, 8.28000
-0.29968, 8.29000
-0.29831, 8.30000
-0.40421, 8.31000
-0.23926, 8.32000
-0.40543, 8.33000
-0.30136, 8.34000
-0.29984, 8.35000
-0.40390, 8.36000
-0.24231, 8.37000
-0.41214, 8.38000
-0.31082, 8.39000
-0.30289, 8.40000
-0.40726, 8.41000
-0.24231, 8.42000
-0.41702, 8.43000
-0.31784, 8.44000
-0.30518, 8.45000
-0.40833, 8.46000
-0.24445, 8.47000
-0.41840, 8.48000
-0.31479, 8.49000
-0.29861, 8.50000
-0.41260, 8.51000
-0.24536, 8.52000
-0.42145, 8.53000
-0.30869, 8.54000
-0.31158, 8.55000
-0.41367, 8.56000
-0.25421, 8.57000
-0.41458, 8.58000
-0.31235, 8.59000
-0.31387, 8.60000
-0.41534, 8.61000
-0.25192, 8.62000
-0.41992, 8.63000
-0.32166, 8.64000
-0.29999, 8.65000
-0.41626, 8.66000
-0.25482, 8.67000
-0.42328, 8.68000
-0.32410, 8.69000
-0.31021, 8.70000
-0.41687, 8.71000
-0.25589, 8.72000
-0.42694, 8.73000
-0.32410, 8.74000
-0.31555, 8.75000
-0.42267, 8.76000
-0.25864, 8.77000
-0.42755, 8.78000
-0.32425, 8.79000
-0.32303, 8.80000
-0.42068, 8.81000
-0.26199, 8.82000
-0.43732, 8.83000
-0.33081, 8.84000
-0.31418, 8.85000
-0.42526, 8.86000
-0.26321, 8.87000
-0.44022, 8.88000
-0.32990, 8.89000
-0.32089, 8.90000
-0.42770, 8.91000
-0.26764, 8.92000
-0.44052, 8.93000
-0.32394, 8.94000
-0.32059, 8.95000
-0.42725, 8.96000
-0.26855, 8.97000
-0.43854, 8.98000
-0.34561, 8.99000
-0.32822, 9.00000
-0.42923, 9.01000
-0.27130, 9.02000
-0.44678, 9.03000
-0.34103, 9.04000
-0.32516, 9.05000
-0.44067, 9.06000
-0.27298, 9.07000
-0.44937, 9.08000
-0.34256, 9.09000
-0.34180, 9.10000
-0.43900, 9.11000
-0.27649, 9.12000
-0.43961, 9.13000
-0.34058, 9.14000
-0.33249, 9.15000
-0.43762, 9.16000
-0.27802, 9.17000
-0.44846, 9.18000
-0.34531, 9.19000
-0.33463, 9.20000
-0.43976, 9.21000
-0.28564, 9.22000
-0.45013, 9.23000
-0.34119, 9.24000
-0.34058, 9.25000
-0.44159, 9.26000
-0.28214, 9.27000
-0.44830, 9.28000
-0.34821, 9.29000
-0.33691, 9.30000
-0.44174, 9.31000
-0.28366, 9.32000
-0.45303, 9.33000
-0.34195, 9.34000
-0.34348, 9.35000
-0.44800, 9.36000
-0.28748, 9.37000
-0.46112, 9.38000
-0.35370, 9.39000
-0.34439, 9.40000
-0.44739, 9.41000
-0.29129, 9.42000
-0.46173, 9.43000
-0.35065, 9.44000
-0.35049, 9.45000
-0.45807, 9.46000
-0.29587, 9.47000
-0.47348, 9.48000
-0.35583, 9.49000
-0.36774, 9.50000
-0.46097, 9.51000
-0.29938, 9.52000
-0.47729, 9.53000
-0.37399, 9.54000
-0.36331, 9.55000
-0.46585, 9.56000
-0.30289, 9.57000
-0.48080, 9.58000
-0.36926, 9.59000
-0.36362, 9.60000
-0.46997, 9.61000
-0.30472, 9.62000
-0.47943, 9.63000
-0.37155, 9.64000
-0.37689, 9.65000
-0.46997, 9.66000
-0.30853, 9.67000
-0.48355, 9.68000
-0.36667, 9.69000
-0.36728, 9.70000
-0.47180, 9.71000
-0.30991, 9.72000
-0.48767, 9.73000
-0.37796, 9.74000
-0.37155, 9.75000
-0.47150, 9.76000
-0.31296, 9.77000
-0.48492, 9.78000
-0.37140, 9.79000
-0.37292, 9.80000
-0.47729, 9.81000
-0.31616, 9.82000
-0.48782, 9.83000
-0.37994, 9.84000
-0.37567, 9.85000
-0.47684, 9.86000
-0.32028, 9.87000
-0.49469, 9.88000
-0.37445, 9.89000
-0.37857, 9.90000
-0.47684, 9.91000
-0.32120, 9.92000
-0.49637, 9.93000
-0.37872, 9.94000
-0.38345, 9.95000
-0.47653, 9.96000
-0.32425, 9.97000
-0.49728, 9.98000
-0.39108, 9.99000
-0.38498, 10.00000
-0.48767, 10.01000
-0.32669, 10.02000
-0.50125, 10.03000
-0.39291, 10.04000
-0.38757, 10.05000
-0.49377, 10.06000
-0.32761, 10.07000
-0.50339, 10.08000
-0.39581, 10.09000
-0.39078, 10.10000
-0.49393, 10.11000
-0.33157, 10.12000
-0.50247, 10.13000
-0.38666, 10.14000
-0.40497, 10.15000
-0.49637, 10.16000
-0.33493, 10.17000
-0.51300, 10.18000
-0.40070, 10.19000
-0.40237, 10.20000
-0.49301, 10.21000
-0.33875, 10.22000
-0.51056, 10.23000
-0.39673, 10.24000
-0.40329, 10.25000
-0.49576, 10.26000
-0.34164, 10.27000
-0.51590, 10.28000
-0.40314, 10.29000
-0.39719, 10.30000
-0.50217, 10.31000
-0.34271, 10.32000
-0.51788, 10.33000
-0.40024, 10.34000
-0.40909, 10.35000
-0.50842, 10.36000
-0.34775, 10.37000
-0.52490, 10.38000
-0.41000, 10.39000
-0.41260, 10.40000
-0.50278, 10.41000
-0.35004, 10.42000
-0.52414, 10.43000
-0.40985, 10.44000
-0.41641, 10.45000
-0.50644, 10.46000
-0.35248, 10.47000
-0.52917, 10.48000
-0.41077, 10.49000
-0.42801, 10.50000
-0.50858, 10.51000
-0.35797, 10.52000
-0.53101, 10.53000
-0.42221, 10.54000
-0.42038, 10.55000
-0.51941, 10.56000
-0.35950, 10.57000
-0.53955, 10.58000
-0.42206, 10.59000
-0.43503, 10.60000
-0.51453, 10.61000
-0.36209, 10.62000
-0.53711, 10.63000
-0.42969, 10.64000
-0.43365, 10.65000
-0.51804, 10.66000
-0.36377, 10.67000
-0.54459, 10.68000
-0.42618, 10.69000
-0.43243, 10.70000
-0.53040, 10.71000
-0.36758, 10.72000
-0.54276, 10.73000
-0.42862, 10.74000
-0.44510, 10.75000
-0.52948, 10.76000
-0.37003, 10.77000
-0.54276, 10.78000
-0.42801, 10.79000
-0.44846, 10.80000
-0.53192, 10.81000
-0.37506, 10.82000
-0.55038, 10.83000
-0.43472, 10.84000
-0.43289, 10.85000
-0.53360, 10.86000
-0.37659, 10.87000
-0.55252, 10.88000
-0.42969, 10.89000
-0.44571, 10.90000
-0.53925, 10.91000
-0.38040, 10.92000
-0.55847, 10.93000
-0.44006, 10.94000
-0.44922, 10.95000
-0.53421, 10.96000
-0.38254, 10.97000
-0.55939, 10.98000
-0.44998, 10.99000
-0.45654, 11.00000
-0.54443, 11.01000
-0.38589, 11.02000
-0.56610, 11.03000
-0.45090, 11.04000
-0.45609, 11.05000
-0.54947, 11.06000
-0.38849, 11.07000
-0.56854, 11.08000
-0.44952, 11.09000
-0.46982, 11.10000
-0.54932, 11.11000
-0.39276, 11.12000
-0.56488, 11.13000
-0.44754, 11.14000
-0.46082, 11.15000
-0.55313, 11.16000
-0.39749, 11.17000
-0.57159, 11.18000
-0.45074, 11.19000
-0.45837, 11.20000
-0.55206, 11.21000
-0.39841, 11.22000
-0.57541, 11.23000
-0.45135, 11.24000
-0.47241, 11.25000
-0.55817, 11.26000
-0.40161, 11.27000
-0.58182, 11.28000
-0.46051, 11.29000
-0.47287, 11.30000
-0.55511, 11.31000
-0.40344, 11.32000
-0.58426, 11.33000
-0.45746, 11.34000
-0.47775, 11.35000
-0.56458, 11.36000
-0.40848, 11.37000
-0.58624, 11.38000
-0.46921, 11.39000
-0.48141, 11.40000
-0.55984, 11.41000
-0.41061, 11.42000
-0.58853, 11.43000
-0.46310, 11.44000
-0.48340, 11.45000
-0.56519, 11.46000
-0.41306, 11.47000
-0.59357, 11.48000
-0.47012, 11.49000
-0.48630, 11.50000
-0.56549, 11.51000
-0.41473, 11.52000
-0.59494, 11.53000
-0.47791, 11.54000
-0.50034, 11.55000
-0.57053, 11.56000
-0.41946, 11.57000
-0.59799, 11.58000
-0.47073, 11.59000
-0.50278, 11.60000
-0.56961, 11.61000
-0.42130, 11.62000
-0.60364, 11.63000
-0.48065, 11.64000
-0.50034, 11.65000
-0.57495, 11.66000
-0.42480, 11.67000
-0.60669, 11.68000
-0.47516, 11.69000
-0.50705, 11.70000
-0.58777, 11.71000
-0.42816, 11.72000
-0.60745, 11.73000
-0.47852, 11.74000
-0.51193, 11.75000
-0.58685, 11.76000
-0.43121, 11.77000
-0.61050, 11.78000
-0.48325, 11.79000
-0.51056, 11.80000
-0.58990, 11.81000
-0.43503, 11.82000
-0.61432, 11.83000
-0.49011, 11.84000
-0.49377, 11.85000
-0.58533, 11.86000
-0.43747, 11.87000
-0.61844, 11.88000
-0.49088, 11.89000
-0.51636, 11.90000
-0.59616, 11.91000
-0.44174, 11.92000
-0.62012, 11.93000
-0.49606, 11.94000
-0.51453, 11.95000
-0.59097, 11.96000
-0.44449, 11.97000
-0.62302, 11.98000
-0.49515, 11.99000
-0.51849, 12.00000
-0.60135, 12.01000
-0.44800, 12.02000
-0.62820, 12.03000
-0.49698, 12.04000
-0.53329, 12.05000
-0.60333, 12.06000
-0.44952, 12.07000
-0.63171, 12.08000
-0.50995, 12.09000
-0.53680, 12.10000
-0.60791, 12.11000
-0.45364, 12.12000
-0.63553, 12.13000
-0.50308, 12.14000
-0.53177, 12.15000
-0.61523, 12.16000
-0.45624, 12.17000
-0.63934, 12.18000
-0.51208, 12.19000
-0.54306, 12.20000
-0.60425, 12.21000
-0.45959, 12.22000
-0.63599, 12.23000
-0.50995, 12.24000
-0.53726, 12.25000
-0.61615, 12.26000
-0.46326, 12.27000
-0.64270, 12.28000
-0.51712, 12.29000
-0.53757, 12.30000
-0.61066, 12.31000
-0.46555, 12.32000
-0.64621, 12.33000
-0.51636, 12.34000
-0.54443, 12.35000
-0.62134, 12.36000
-0.46951, 12.37000
-0.64972, 12.38000
-0.52307, 12.39000
-0.54871, 12.40000
-0.61615, 12.41000
-0.47211, 12.42000
-0.65247, 12.43000
-0.53116, 12.44000
-0.55756, 12.45000
-0.62469, 12.46000
-0.47623, 12.47000
-0.65674, 12.48000
-0.52856, 12.49000
-0.55725, 12.50000
-0.62347, 12.51000
-0.47836, 12.52000
-0.65826, 12.53000
-0.53192, 12.54000
-0.56503, 12.55000
-0.62622, 12.56000
-0.48248, 12.57000
-0.66177, 12.58000
-0.53131, 12.59000
-0.57037, 12.60000
-0.64041, 12.61000
-0.48599, 12.62000
-0.66528, 12.63000
-0.53848, 12.64000
-0.57404, 12.65000
-0.64041, 12.66000
-0.48843, 12.67000
-0.66666, 12.68000
-0.53833, 12.69000
-0.57068, 12.70000
-0.64240, 12.71000
-0.49240, 12.72000
-0.67245, 12.73000
-0.54504, 12.74000
-0.56076, 12.75000
-0.64560, 12.76000
-0.49469, 12.77000
-0.67612, 12.78000
-0.54230, 12.79000
-0.57709, 12.80000
-0.64667, 12.81000
-0.49789, 12.82000
-0.67871, 12.83000
-0.55054, 12.84000
-0.57892, 12.85000
-0.65079, 12.86000
-0.50171, 12.87000
-0.68192, 12.88000
-0.55878, 12.89000
-0.58884, 12.90000
-0.65369, 12.91000
-0.50644, 12.92000
-0.68741, 12.93000
-0.55893, 12.94000
-0.59494, 12.95000
-0.64957, 12.96000
-0.50842, 12.97000
-0.68909, 12.98000
-0.55542, 12.99000
-0.58945, 13.00000
-0.65506, 13.01000
-0.51102, 13.02000
-0.69321, 13.03000
-0.55878, 13.04000
-0.60013, 13.05000
-0.65552, 13.06000
-0.51468, 13.07000
-0.69473, 13.08000
-0.56885, 13.09000
-0.59998, 13.10000
-0.65948, 13.11000
-0.52002, 13.12000
-0.70114, 13.13000
-0.56564, 13.14000
-0.61020, 13.15000
-0.66223, 13.16000
-0.52231, 13.17000
-0.70404, 13.18000
-0.57541, 13.19000
-0.61111, 13.20000
-0.66589, 13.21000
-0.52536, 13.22000
-0.70648, 13.23000
-0.57129, 13.24000
-0.61707, 13.25000
-0.66757, 13.26000
-0.52948, 13.27000
-0.71030, 13.28000
-0.58029, 13.29000
-0.62057, 13.30000
-0.67322, 13.31000
-0.53268, 13.32000
-0.71289, 13.33000
-0.58136, 13.34000
-0.62225, 13.35000
-0.68542, 13.36000
-0.53513, 13.37000
-0.71671, 13.38000
-0.58334, 13.39000
-0.62241, 13.40000
-0.68100, 13.41000
-0.54047, 13.42000
-0.71808, 13.43000
-0.58716, 13.44000
-0.62622, 13.45000
-0.69183, 13.46000
-0.54367, 13.47000
-0.72296, 13.48000
-0.58655, 13.49000
-0.63538, 13.50000
-0.69153, 13.51000
-0.54642, 13.52000
-0.72601, 13.53000
-0.59143, 13.54000
-0.63904, 13.55000
-0.68726, 13.56000
-0.55054, 13.57000
-0.73074, 13.58000
-0.59860, 13.59000
-0.63309, 13.60000
-0.69107, 13.61000
-0.55389, 13.62000
-0.73364, 13.63000
-0.59723, 13.64000
-0.64117, 13.65000
-0.70251, 13.66000
-0.55756, 13.67000
-0.74036, 13.68000
-0.60822, 13.69000
-0.65247, 13.70000
-0.70068, 13.71000
-0.56427, 13.72000
-0.74539, 13.73000
-0.61508, 13.74000
-0.65994, 13.75000
-0.70724, 13.76000
-0.57037, 13.77000
-0.75058, 13.78000
-0.61920, 13.79000
-0.66025, 13.80000
-0.72205, 13.81000
-0.57831, 13.82000
-0.75943, 13.83000
-0.62820, 13.84000
-0.67200, 13.85000
-0.72922, 13.86000
-0.58594, 13.87000
-0.76950, 13.88000
-0.63705, 13.89000
-0.68527, 13.90000
-0.74112, 13.91000
-0.59875, 13.92000
-0.78003, 13.93000
-0.64880, 13.94000
-0.69656, 13.95000
-0.75073, 13.96000
-0.60989, 13.97000
-0.79285, 13.98000
-0.65842, 13.99000
-0.70236, 14.00000
-0.76340, 14.01000
-0.62256, 14.02000
-0.80338, 14.03000
-0.66727, 14.04000
-0.70786, 14.05000
-0.77499, 14.06000
-0.63339, 14.07000
-0.81512, 14.08000
-0.67795, 14.09000
-0.72876, 14.10000
-0.78094, 14.11000
-0.64758, 14.12000
-0.83191, 14.13000
-0.69962, 14.14000
-0.74463, 14.15000
-0.80078, 14.16000
-0.67291, 14.17000
-0.85663, 14.18000
-0.72159, 14.19000
-0.77652, 14.20000
-0.83939, 14.21000
-0.70435, 14.22000
-0.89249, 14.23000
-0.76355, 14.24000
-0.82031, 14.25000
-0.88028, 14.26000
-0.75714, 14.27000
-0.95047, 14.28000
-0.82962, 14.29000
-0.89355, 14.30000
-0.95673, 14.31000
-0.83481, 14.32000
-1.03455, 14.33000
-0.92331, 14.34000
-0.99564, 14.35000
-1.07315, 14.36000
-0.95734, 14.37000
-1.16653, 14.38000
-1.06552, 14.39000
-1.14868, 14.40000
-1.23138, 14.41000
-1.13129, 14.42000
-1.35162, 14.43000
-1.25397, 14.44000
-1.34460, 14.45000
-1.43997, 14.46000
-1.34537, 14.47000
-1.57074, 14.48000
-1.48041, 14.49000
-1.56479, 14.50000
-1.65649, 14.51000
-1.56342, 14.52000
-1.78177, 14.53000
-1.67923, 14.54000
-1.76453, 14.55000
-1.83914, 14.56000
-1.73065, 14.57000
-1.93405, 14.58000
-1.81458, 14.59000
-1.88583, 14.60000
-1.94336, 14.61000
-1.81442, 14.62000
-2.00195, 14.63000
-1.87225, 14.64000
-1.91635, 14.65000
-1.95816, 14.66000
-1.81808, 14.67000
-1.99127, 14.68000
-1.84479, 14.69000
-1.88095, 14.70000
-1.91605, 14.71000
-1.76682, 14.72000
-1.93329, 14.73000
-1.77383, 14.74000
-1.80847, 14.75000
-1.84128, 14.76000
-1.68365, 14.77000
-1.84555, 14.78000
-1.68900, 14.79000
-1.72043, 14.80000
-1.74316, 14.81000
-1.59378, 14.82000
-1.75446, 14.83000
-1.59790, 14.84000
-1.62582, 14.85000
-1.66458, 14.86000
-1.50665, 14.87000
-1.66824, 14.88000
-1.51230, 14.89000
-1.54953, 14.90000
-1.58051, 14.91000
-1.42685, 14.92000
-1.59103, 14.93000
-1.42990, 14.94000
-1.47568, 14.95000
-1.51230, 14.96000
-1.35986, 14.97000
-1.52863, 14.98000
-1.37589, 14.99000
-1.42075, 15.00000
-1.45660, 15.01000
-1.31393, 15.02000
-1.48544, 15.03000
-1.34735, 15.04000
-1.39191, 15.05000
-1.42990, 15.06000
-1.28876, 15.07000
-1.46820, 15.08000
-1.33270, 15.09000
-1.38306, 15.10000
-1.43967, 15.11000
-1.30096, 15.12000
-1.48666, 15.13000
-1.35910, 15.14000
-1.42563, 15.15000
-1.47659, 15.16000
-1.35132, 15.17000
-1.54602, 15.18000
-1.41632, 15.19000
-1.49048, 15.20000
-1.55533, 15.21000
-1.43555, 15.22000
-1.63330, 15.23000
-1.51382, 15.24000
-1.57730, 15.25000
-1.64230, 15.26000
-1.52771, 15.27000
-1.72363, 15.28000
-1.59576, 15.29000
-1.66779, 15.30000
-1.71967, 15.31000
-1.60110, 15.32000
-1.79001, 15.33000
-1.65207, 15.34000
-1.71570, 15.35000
-1.76407, 15.36000
-1.63483, 15.37000
-1.81686, 15.38000
-1.67694, 15.39000
-1.73111, 15.40000
-1.76956, 15.41000
-1.63239, 15.42000
-1.80771, 15.43000
-1.66016, 15.44000
-1.71295, 15.45000
-1.74683, 15.46000
-1.61133, 15.47000
-1.78436, 15.48000
-1.64658, 15.49000
-1.68808, 15.50000
-1.72592, 15.51000
-1.58417, 15.52000
-1.76010, 15.53000
-1.61560, 15.54000
-1.66611, 15.55000
-1.71173, 15.56000
-1.56876, 15.57000
-1.74301, 15.58000
-1.60019, 15.59000
-1.66077, 15.60000
-1.69235, 15.61000
-1.55472, 15.62000
-1.73264, 15.63000
-1.58463, 15.64000
-1.64276, 15.65000
-1.68106, 15.66000
-1.54526, 15.67000
-1.71860, 15.68000
-1.57303, 15.69000
-1.63635, 15.70000
-1.65695, 15.71000
-1.51993, 15.72000
-1.69678, 15.73000
-1.54144, 15.74000
-1.60492, 15.75000
-1.63345, 15.76000
-1.49704, 15.77000
-1.66809, 15.78000
-1.52069, 15.79000
-1.57394, 15.80000
-1.60065, 15.81000
-1.46774, 15.82000
-1.63925, 15.83000
-1.47980, 15.84000
-1.54434, 15.85000
-1.57593, 15.86000
-1.43539, 15.87000
-1.60858, 15.88000
-1.46164, 15.89000
-1.51703, 15.90000
-1.53885, 15.91000
-1.40579, 15.92000
-1.57745, 15.93000
-1.42944, 15.94000
-1.48529, 15.95000
-1.51123, 15.96000
-1.37344, 15.97000
-1.54449, 15.98000
-1.38885, 15.99000
-1.45294, 16.00000
-1.47949, 16.01000
-1.34277, 16.02000
-1.51093, 16.03000
-1.34979, 16.04000
-1.42059, 16.05000
-1.44455, 16.06000
-1.30646, 16.07000
-1.47949, 16.08000
-1.32614, 16.09000
-1.38168, 16.10000
-1.41464, 16.11000
-1.27838, 16.12000
-1.45096, 16.13000
-1.30539, 16.14000
-1.36307, 16.15000
-1.38702, 16.16000
-1.25443, 16.17000
-1.42380, 16.18000
-1.27747, 16.19000
-1.33667, 16.20000
-1.36581, 16.21000
-1.23230, 16.22000
-1.40228, 16.23000
-1.25504, 16.24000
-1.32614, 16.25000
-1.34674, 16.26000
-1.21170, 16.27000
-1.38779, 16.28000
-1.23352, 16.29000
-1.29852, 16.30000
-1.33057, 16.31000
-1.20056, 16.32000
-1.37146, 16.33000
-1.22620, 16.34000
-1.28418, 16.35000
-1.31500, 16.36000
-1.18378, 16.37000
-1.36185, 16.38000
-1.20682, 16.39000
-1.27792, 16.40000
-1.30585, 16.41000
-1.18042, 16.42000
-1.35391, 16.43000
-1.19995, 16.44000
-1.26816, 16.45000
-1.29913, 16.46000
-1.17477, 16.47000
-1.34811, 16.48000
-1.19278, 16.49000
-1.26450, 16.50000
-1.29471, 16.51000
-1.17020, 16.52000
-1.34369, 16.53000
-1.19064, 16.54000
-1.26221, 16.55000
-1.29181, 16.56000
-1.16806, 16.57000
-1.34186, 16.58000
-1.18637, 16.59000
-1.26205, 16.60000
-1.29410, 16.61000
-1.16364, 16.62000
-1.33942, 16.63000
-1.19415, 16.64000
-1.26221, 16.65000
-1.28937, 16.66000
-1.16501, 16.67000
-1.33911, 16.68000
-1.19247, 16.69000
-1.26068, 16.70000
-1.29059, 16.71000
-1.16684, 16.72000
-1.34003, 16.73000
-1.19446, 16.74000
-1.26236, 16.75000
-1.29013, 16.76000
-1.16699, 16.77000
-1.34201, 16.78000
-1.19064, 16.79000
-1.27014, 16.80000
-1.29944, 16.81000
-1.17386, 16.82000
-1.34872, 16.83000
-1.19858, 16.84000
-1.28250, 16.85000
-1.29486, 16.86000
-1.17477, 16.87000
-1.35025, 16.88000
-1.20758, 16.89000
-1.28540, 16.90000
-1.30951, 16.91000
-1.18195, 16.92000
-1.35971, 16.93000
-1.21597, 16.94000
-1.28922, 16.95000
-1.32202, 16.96000
-1.19644, 16.97000
-1.37131, 16.98000
-1.22681, 16.99000
-1.30920, 17.00000
-1.33621, 17.01000
-1.20651, 17.02000
-1.39069, 17.03000
-1.23978, 17.04000
-1.32324, 17.05000
-1.35437, 17.06000
-1.23688, 17.07000
-1.41296, 17.08000
-1.26190, 17.09000
-1.34460, 17.10000
-1.38474, 17.11000
-1.26877, 17.12000
-1.45020, 17.13000
-1.30142, 17.14000
-1.39847, 17.15000
-1.43021, 17.16000
-1.31546, 17.17000
-1.50421, 17.18000
-1.36902, 17.19000
-1.45676, 17.20000
-1.49902, 17.21000
-1.39160, 17.22000
-1.58096, 17.23000
-1.44058, 17.24000
-1.54572, 17.25000
-1.58783, 17.26000
-1.48331, 17.27000
-1.67389, 17.28000
-1.54419, 17.29000
-1.63696, 17.30000
-1.68243, 17.31000
-1.57410, 17.32000
-1.76865, 17.33000
-1.62537, 17.34000
-1.72440, 17.35000
-1.76315, 17.36000
-1.65466, 17.37000
-1.84280, 17.38000
-1.71066, 17.39000
-1.79581, 17.40000
-1.82968, 17.41000
-1.71814, 17.42000
-1.90079, 17.43000
-1.74881, 17.44000
-1.84906, 17.45000
-1.86966, 17.46000
-1.76132, 17.47000
-1.94473, 17.48000
-1.80786, 17.49000
-1.88660, 17.50000
-1.91757, 17.51000
-1.79703, 17.52000
-1.97861, 17.53000
-1.82724, 17.54000
-1.91940, 17.55000
-1.94183, 17.56000
-1.82449, 17.57000
-2.00012, 17.58000
-1.84967, 17.59000
-1.94672, 17.60000
-1.96198, 17.61000
-1.84128, 17.62000
-2.00958, 17.63000
-1.86295, 17.64000
-1.94595, 17.65000
-1.95801, 17.66000
-1.82632, 17.67000
-1.99982, 17.68000
-1.84418, 17.69000
-1.91971, 17.70000
-1.93741, 17.71000
-1.80679, 17.72000
-1.97281, 17.73000
-1.81244, 17.74000
-1.89240, 17.75000
-1.89743, 17.76000
-1.76407, 17.77000
-1.92810, 17.78000
-1.76163, 17.79000
-1.83731, 17.80000
-1.84738, 17.81000
-1.71814, 17.82000
-1.87546, 17.83000
-1.71371, 17.84000
-1.77628, 17.85000
-1.79123, 17.86000
-1.66061, 17.87000
-1.82358, 17.88000
-1.65649, 17.89000
-1.73401, 17.90000
-1.74759, 17.91000
-1.61301, 17.92000
-1.77933, 17.93000
-1.61972, 17.94000
-1.69693, 17.95000
-1.70029, 17.96000
-1.58554, 17.97000
-1.74774, 17.98000
-1.59866, 17.99000
-1.67480, 18.00000
-1.68900, 18.01000
-1.56357, 18.02000
-1.73431, 18.03000
-1.58218, 18.04000
-1.67572, 18.05000
-1.68518, 18.06000
-1.57013, 18.07000
-1.74301, 18.08000
-1.60172, 18.09000
-1.68671, 18.10000
-1.70364, 18.11000
-1.59271, 18.12000
-1.76987, 18.13000
-1.62094, 18.14000
-1.73019, 18.15000
-1.74606, 18.16000
-1.63651, 18.17000
-1.81488, 18.18000
-1.66992, 18.19000
-1.77475, 18.20000
-1.79367, 18.21000
-1.68228, 18.22000
-1.86523, 18.23000
-1.71494, 18.24000
-1.81442, 18.25000
-1.83868, 18.26000
-1.73157, 18.27000
-1.90521, 18.28000
-1.75110, 18.29000
-1.84265, 18.30000
-1.86157, 18.31000
-1.75049, 18.32000
-1.93192, 18.33000
-1.77612, 18.34000
-1.87073, 18.35000
-1.88660, 18.36000
-1.77383, 18.37000
-1.94138, 18.38000
-1.78665, 18.39000
-1.87271, 18.40000
-1.88065, 18.41000
-1.76926, 18.42000
-1.93985, 18.43000
-1.77658, 18.44000
-1.87119, 18.45000
-1.88477, 18.46000
-1.76025, 18.47000
-1.93359, 18.48000
-1.77933, 18.49000
-1.86691, 18.50000
-1.87210, 18.51000
-1.76254, 18.52000
-1.93497, 18.53000
-1.78528, 18.54000
-1.87500, 18.55000
-1.88522, 18.56000
-1.76697, 18.57000
-1.93771, 18.58000
-1.78680, 18.59000
-1.87668, 18.60000
-1.89499, 18.61000
-1.77841, 18.62000
-1.94626, 18.63000
-1.79260, 18.64000
-1.88705, 18.65000
-1.89850, 18.66000
-1.78284, 18.67000
-1.95511, 18.68000
-1.79535, 18.69000
-1.89072, 18.70000
-1.90552, 18.71000
-1.79092, 18.72000
-1.96014, 18.73000
-1.79993, 18.74000
-1.89789, 18.75000
-1.90216, 18.76000
-1.79245, 18.77000
-1.96426, 18.78000
-1.80634, 18.79000
-1.90628, 18.80000
-1.91254, 18.81000
-1.79794, 18.82000
-1.96991, 18.83000
-1.81061, 18.84000
-1.90201, 18.85000
-1.90735, 18.86000
-1.80283, 18.87000
-1.97357, 18.88000
-1.81137, 18.89000
-1.91986, 18.90000
-1.91940, 18.91000
-1.80923, 18.92000
-1.97861, 18.93000
-1.82098, 18.94000
-1.92047, 18.95000
-1.91498, 18.96000
-1.80832, 18.97000
-1.98425, 18.98000
-1.82251, 18.99000
-1.93512, 19.00000
-1.93619, 19.01000
-1.82495, 19.02000
-1.99020, 19.03000
-1.83853, 19.04000
-1.92993, 19.05000
-1.93848, 19.06000
-1.83640, 19.07000
-2.00378, 19.08000
-1.84799, 19.09000
-1.95511, 19.10000
-1.95938, 19.11000
-1.84692, 19.12000
-2.01767, 19.13000
-1.85699, 19.14000
-1.96732, 19.15000
-1.96274, 19.16000
-1.86127, 19.17000
-2.03049, 19.18000
-1.87576, 19.19000
-1.97388, 19.20000
-1.97739, 19.21000
-1.88049, 19.22000
-2.05093, 19.23000
-1.89270, 19.24000
-1.99707, 19.25000
-2.00699, 19.26000
-1.90323, 19.27000
-2.07092, 19.28000
-1.91589, 19.29000
-2.01340, 19.30000
-2.01645, 19.31000
-1.91757, 19.32000
-2.08893, 19.33000
-1.93176, 19.34000
-2.04071, 19.35000
-2.03949, 19.36000
-1.93878, 19.37000
-2.10709, 19.38000
-1.94962, 19.39000
-2.06284, 19.40000
-2.04987, 19.41000
-1.95801, 19.42000
-2.13013, 19.43000
-1.97937, 19.44000
-2.08527, 19.45000
-2.07397, 19.46000
-1.97861, 19.47000
-2.14737, 19.48000
-1.99615, 19.49000
-2.09732, 19.50000
-2.11105, 19.51000
-2.00104, 19.52000
-2.16827, 19.53000
-2.01431, 19.54000
-2.12524, 19.55000
-2.12234, 19.56000
-2.01553, 19.57000
-2.18674, 19.58000
-2.02820, 19.59000
-2.13440, 19.60000
-2.14188, 19.61000
-2.02652, 19.62000
-2.20337, 19.63000
-2.04620, 19.64000
-2.15408, 19.65000
-2.15515, 19.66000
-2.05490, 19.67000
-2.22076, 19.68000
-2.05963, 19.69000
-2.17651, 19.70000
-2.17117, 19.71000
-2.07275, 19.72000
-2.23633, 19.73000
-2.07977, 19.74000
-2.18369, 19.75000
-2.18185, 19.76000
-2.08740, 19.77000
-2.25052, 19.78000
-2.09106, 19.79000
-2.20123, 19.80000
-2.19193, 19.81000
-2.09427, 19.82000
-2.26608, 19.83000
-2.10846, 19.84000
-2.21695, 19.85000
-2.21924, 19.86000
-2.11609, 19.87000
-2.28271, 19.88000
-2.13287, 19.89000
-2.24335, 19.90000
-2.22885, 19.91000
-2.12845, 19.92000
-2.29507, 19.93000
-2.14035, 19.94000
-2.25098, 19.95000
-2.23648, 19.96000
-2.14554, 19.97000
-2.31079, 19.98000
-2.16370, 19.99000
-2.26761, 20.00000
-2.25067, 20.01000
-2.15958, 20.02000
-2.32605, 20.03000
-2.16919, 20.04000
-2.27631, 20.05000
-2.28531, 20.06000
-2.17743, 20.07000
-2.34116, 20.08000
-2.18628, 20.09000
-2.29523, 20.10000
-2.28455, 20.11000
-2.19711, 20.12000
-2.35428, 20.13000
-2.20169, 20.14000
-2.30637, 20.15000
-2.29187, 20.16000
-2.20184, 20.17000
-2.37091, 20.18000
-2.21512, 20.19000
-2.31995, 20.20000
-2.31125, 20.21000
-2.21924, 20.22000
-2.38266, 20.23000
-2.22351, 20.24000
-2.33093, 20.25000
-2.32819, 20.26000
-2.22473, 20.27000
-2.39731, 20.28000
-2.23694, 20.29000
-2.35916, 20.30000
-2.33917, 20.31000
-2.25143, 20.32000
-2.41257, 20.33000
-2.25342, 20.34000
-2.35901, 20.35000
-2.36343, 20.36000
-2.26212, 20.37000
-2.42462, 20.38000
-2.26425, 20.39000
-2.38525, 20.40000
-2.37244, 20.41000
-2.28073, 20.42000
-2.44095, 20.43000
-2.28012, 20.44000
-2.39822, 20.45000
-2.38556, 20.46000
-2.29477, 20.47000
-2.45255, 20.48000
-2.29462, 20.49000
-2.41226, 20.50000
-2.39914, 20.51000
-2.29950, 20.52000
-2.46552, 20.53000
-2.30377, 20.54000
-2.42081, 20.55000
-2.41135, 20.56000
-2.32147, 20.57000
-2.48016, 20.58000
-2.32086, 20.59000
-2.42401, 20.60000
-2.41852, 20.61000
-2.32910, 20.62000
-2.49054, 20.63000
-2.33612, 20.64000
-2.45285, 20.65000
-2.43378, 20.66000
-2.33994, 20.67000
-2.50443, 20.68000
-2.34741, 20.69000
-2.45865, 20.70000
-2.43988, 20.71000
-2.35367, 20.72000
-2.51892, 20.73000
-2.36206, 20.74000
-2.47406, 20.75000
-2.46414, 20.76000
-2.37427, 20.77000
-2.53143, 20.78000
-2.37473, 20.79000
-2.49512, 20.80000
-2.48444, 20.81000
-2.39044, 20.82000
-2.54517, 20.83000
-2.38617, 20.84000
-2.50473, 20.85000
-2.49298, 20.86000
-2.39532, 20.87000
-2.55600, 20.88000
-2.39960, 20.89000
-2.51312, 20.90000
-2.49191, 20.91000
-2.40051, 20.92000
-2.57050, 20.93000
-2.40860, 20.94000
-2.53220, 20.95000
-2.51129, 20.96000
-2.42523, 20.97000
-2.58560, 20.98000
-2.42126, 20.99000
-2.54303, 21.00000
-2.52502, 21.01000
-2.44293, 21.02000
-2.59827, 21.03000
-2.43835, 21.04000
-2.56042, 21.05000
-2.53067, 21.06000
-2.44659, 21.07000
-2.61093, 21.08000
-2.44720, 21.09000
-2.56744, 21.10000
-2.55356, 21.11000
-2.47345, 21.12000
-2.62283, 21.13000
-2.46231, 21.14000
-2.58606, 21.15000
-2.56256, 21.16000
-2.48123, 21.17000
-2.63626, 21.18000
-2.47284, 21.19000
-2.59125, 21.20000
-2.57721, 21.21000
-2.48184, 21.22000
-2.64801, 21.23000
-2.48688, 21.24000
-2.60620, 21.25000
-2.58728, 21.26000
-2.49985, 21.27000
-2.66083, 21.28000
-2.50763, 21.29000
-2.62726, 21.30000
-2.59430, 21.31000
-2.52228, 21.32000
-2.67410, 21.33000
-2.51404, 21.34000
-2.63596, 21.35000
-2.62329, 21.36000
-2.53372, 21.37000
-2.68646, 21.38000
-2.53128, 21.39000
-2.65259, 21.40000
-2.62665, 21.41000
-2.53937, 21.42000
-2.70111, 21.43000
-2.54242, 21.44000
-2.65884, 21.45000
-2.65106, 21.46000
-2.56042, 21.47000
-2.71515, 21.48000
-2.55447, 21.49000
-2.67944, 21.50000
-2.65533, 21.51000
-2.56638, 21.52000
-2.72736, 21.53000
-2.56363, 21.54000
-2.69272, 21.55000
-2.66510, 21.56000
-2.57172, 21.57000
-2.74002, 21.58000
-2.57706, 21.59000
-2.70340, 21.60000
-2.67349, 21.61000
-2.59476, 21.62000
-2.75116, 21.63000
-2.58926, 21.64000
-2.71133, 21.65000
-2.68433, 21.66000
-2.61139, 21.67000
-2.76505, 21.68000
-2.60162, 21.69000
-2.72491, 21.70000
-2.69363, 21.71000
-2.63046, 21.72000
-2.77802, 21.73000
-2.61444, 21.74000
-2.73636, 21.75000
-2.71667, 21.76000
-2.64252, 21.77000
-2.78870, 21.78000
-2.62848, 21.79000
-2.75009, 21.80000
-2.73056, 21.81000
-2.64725, 21.82000
-2.80090, 21.83000
-2.64267, 21.84000
-2.77054, 21.85000
-2.74094, 21.86000
-2.65381, 21.87000
-2.81540, 21.88000
-2.65533, 21.89000
-2.77588, 21.90000
-2.74612, 21.91000
-2.66998, 21.92000
-2.82928, 21.93000
-2.66754, 21.94000
-2.79633, 21.95000
-2.77100, 21.96000
-2.68463, 21.97000
-2.84088, 21.98000
-2.68021, 21.99000
-2.80823, 22.00000
-2.78625, 22.01000
-2.70340, 22.02000
-2.85583, 22.03000
-2.69394, 22.04000
-2.82074, 22.05000
-2.78885, 22.06000
-2.71454, 22.07000
-2.86682, 22.08000
-2.70508, 22.09000
-2.83279, 22.10000
-2.79938, 22.11000
-2.72949, 22.12000
-2.87720, 22.13000
-2.71912, 22.14000
-2.83813, 22.15000
-2.80792, 22.16000
-2.74033, 22.17000
-2.89169, 22.18000
-2.73270, 22.19000
-2.85965, 22.20000
-2.82898, 22.21000
-2.74216, 22.22000
-2.90497, 22.23000
-2.74582, 22.24000
-2.86636, 22.25000
-2.83493, 22.26000
-2.76428, 22.27000
-2.92099, 22.28000
-2.75879, 22.29000
-2.88742, 22.30000
-2.85690, 22.31000
-2.77267, 22.32000
-2.93076, 22.33000
-2.77222, 22.34000
-2.90192, 22.35000
-2.86057, 22.36000
-2.79068, 22.37000
-2.94403, 22.38000
-2.78198, 22.39000
-2.90665, 22.40000
-2.88147, 22.41000
-2.80060, 22.42000
-2.95746, 22.43000
-2.79800, 22.44000
-2.92267, 22.45000
-2.88635, 22.46000
-2.81937, 22.47000
-2.97089, 22.48000
-2.80777, 22.49000
-2.94296, 22.50000
-2.90894, 22.51000
-2.82959, 22.52000
-2.98523, 22.53000
-2.82242, 22.54000
-2.94937, 22.55000
-2.91443, 22.56000
-2.84409, 22.57000
-2.99759, 22.58000
-2.83768, 22.59000
-2.96860, 22.60000
-2.93457, 22.61000
-2.86621, 22.62000
-3.01163, 22.63000
-2.84683, 22.64000
-2.97424, 22.65000
-2.94510, 22.66000
-2.87125, 22.67000
-3.02582, 22.68000
-2.86118, 22.69000
-2.98279, 22.70000
-2.95395, 22.71000
-2.88498, 22.72000
-3.03802, 22.73000
-2.87354, 22.74000
-3.00171, 22.75000
-2.96661, 22.76000
-2.89673, 22.77000
-3.05069, 22.78000
-2.89108, 22.79000
-3.01697, 22.80000
-2.97943, 22.81000
-2.91779, 22.82000
-3.06290, 22.83000
-2.90573, 22.84000
-3.03543, 22.85000
-2.99973, 22.86000
-2.90939, 22.87000
-3.07693, 22.88000
-2.91809, 22.89000
-3.04474, 22.90000
-3.02490, 22.91000
-2.94235, 22.92000
-3.08914, 22.93000
-2.93274, 22.94000
-3.06213, 22.95000
-3.02673, 22.96000
-2.95288, 22.97000
-3.10303, 22.98000
-2.94006, 22.99000
-3.07785, 23.00000
-3.03101, 23.01000
-2.97104, 23.02000
-3.11722, 23.03000
-2.95685, 23.04000
-3.08960, 23.05000
-3.05267, 23.06000
-2.98447, 23.07000
-3.13248, 23.08000
-2.96951, 23.09000
-3.10257, 23.10000
-3.09204, 23.11000
-3.00339, 23.12000
-3.14468, 23.13000
-2.98660, 23.14000
-3.12012, 23.15000
-3.07968, 23.16000
-3.00919, 23.17000
-3.16025, 23.18000
-2.99866, 23.19000
-3.12836, 23.20000
-3.09341, 23.21000
-3.02933, 23.22000
-3.17581, 23.23000
-3.01147, 23.24000
-3.14697, 23.25000
-3.10120, 23.26000
-3.04382, 23.27000
-3.18878, 23.28000
-3.02338, 23.29000
-3.15567, 23.30000
-3.12164, 23.31000
-3.05786, 23.32000
-3.20160, 23.33000
-3.03986, 23.34000
-3.16986, 23.35000
-3.13370, 23.36000
-3.06335, 23.37000
-3.21564, 23.38000
-3.05084, 23.39000
-3.18375, 23.40000
-3.14758, 23.41000
-3.08228, 23.42000
-3.22754, 23.43000
-3.06793, 23.44000
-3.19763, 23.45000
-3.15704, 23.46000
-3.10211, 23.47000
-3.24173, 23.48000
-3.08472, 23.49000
-3.21381, 23.50000
-3.17230, 23.51000
-3.09128, 23.52000
-3.25668, 23.53000
-3.09708, 23.54000
-3.21930, 23.55000
-3.18771, 23.56000
-3.12424, 23.57000
-3.27499, 23.58000
-3.11020, 23.59000
-3.24799, 23.60000
-3.20801, 23.61000
-3.13919, 23.62000
-3.28690, 23.63000
-3.12454, 23.64000
-3.26111, 23.65000
-3.21716, 23.66000
-3.15887, 23.67000
-3.30322, 23.68000
-3.14102, 23.69000
-3.28064, 23.70000
-3.23196, 23.71000
-3.17230, 23.72000
-3.31482, 23.73000
-3.15399, 23.74000
-3.28766, 23.75000
-3.25104, 23.76000
-3.19336, 23.77000
-3.33344, 23.78000
-3.17169, 23.79000
-3.30841, 23.80000
-3.26477, 23.81000
-3.20663, 23.82000
-3.34839, 23.83000
-3.18542, 23.84000
-3.32047, 23.85000
-3.27667, 23.86000
-3.21732, 23.87000
-3.36304, 23.88000
-3.20068, 23.89000
-3.34335, 23.90000
-3.29208, 23.91000
-3.23914, 23.92000
-3.37875, 23.93000
-3.21564, 23.94000
-3.34976, 23.95000
-3.30597, 23.96000
-3.25485, 23.97000
-3.39508, 23.98000
-3.23044, 23.99000
-3.37296, 24.00000
-3.32397, 24.01000
-3.26721, 24.02000
-3.40897, 24.03000
-3.24463, 24.04000
-3.39035, 24.05000
-3.33130, 24.06000
-3.26645, 24.07000
-3.42560, 24.08000
-3.26050, 24.09000
-3.39249, 24.10000
-3.35022, 24.11000
-3.28888, 24.12000
-3.43964, 24.13000
-3.27484, 24.14000
-3.41766, 24.15000
-3.36639, 24.16000
-3.28781, 24.17000
-3.45337, 24.18000
-3.29391, 24.19000
-3.42743, 24.20000
-3.38120, 24.21000
-3.32474, 24.22000
-3.46924, 24.23000
-3.31039, 24.24000
-3.44406, 24.25000
-3.40317, 24.26000
-3.34030, 24.27000
-3.48267, 24.28000
-3.32138, 24.29000
-3.45901, 24.30000
-3.41843, 24.31000
-3.36166, 24.32000
-3.50189, 24.33000
-3.33908, 24.34000
-3.47977, 24.35000
-3.43185, 24.36000
-3.37250, 24.37000
-3.51440, 24.38000
-3.35510, 24.39000
-3.48877, 24.40000
-3.44772, 24.41000
-3.39355, 24.42000
-3.52966, 24.43000
-3.36868, 24.44000
-3.51120, 24.45000
-3.45871, 24.46000
-3.40546, 24.47000
-3.54568, 24.48000
-3.38257, 24.49000
-3.52310, 24.50000
-3.48068, 24.51000
-3.41873, 24.52000
-3.56003, 24.53000
-3.39890, 24.54000
-3.54538, 24.55000
-3.48297, 24.56000
-3.44254, 24.57000
-3.57651, 24.58000
-3.41599, 24.59000
-3.55179, 24.60000
-3.50540, 24.61000
-3.45062, 24.62000
-3.59085, 24.63000
-3.43063, 24.64000
-3.56659, 24.65000
-3.51776, 24.66000
-3.47122, 24.67000
-3.60840, 24.68000
-3.44681, 24.69000
-3.58978, 24.70000
-3.53836, 24.71000
-3.48343, 24.72000
-3.62320, 24.73000
-3.46069, 24.74000
-3.60855, 24.75000
-3.54919, 24.76000
-3.50372, 24.77000
-3.63998, 24.78000
-3.47534, 24.79000
-3.61816, 24.80000
-3.57178, 24.81000
-3.49670, 24.82000
-3.65570, 24.83000
-3.49167, 24.84000
-3.62701, 24.85000
-3.58505, 24.86000
-3.53394, 24.87000
-3.67065, 24.88000
-3.50632, 24.89000
-3.64838, 24.90000
-3.60245, 24.91000
-3.54126, 24.92000
-3.68668, 24.93000
-3.52325, 24.94000
-3.66791, 24.95000
-3.60901, 24.96000
-3.56049, 24.97000
-3.69904, 24.98000
-3.53729, 24.99000
-3.67188, 25.00000
