-0.10803, 0.01000
-0.22339, 0.02000
-0.11017, 0.03000
-0.28076, 0.04000
-0.12207, 0.05000
-0.21133, 0.06000
-0.22980, 0.07000
-0.11093, 0.08000
-0.27985, 0.09000
-0.13138, 0.10000
-0.21713, 0.11000
-0.23254, 0.12000
-0.11093, 0.13000
-0.28015, 0.14000
-0.13184, 0.15000
-0.22034, 0.16000
-0.23468, 0.17000
-0.11459, 0.18000
-0.28076, 0.19000
-0.13245, 0.20000
-0.21332, 0.21000
-0.24796, 0.22000
-0.11429, 0.23000
-0.28412, 0.24000
-0.13306, 0.25000
-0.22232, 0.26000
-0.22919, 0.27000
-0.11276, 0.28000
-0.28534, 0.29000
-0.12756, 0.30000
-0.21378, 0.31000
-0.23727, 0.32000
-0.11856, 0.33000
-0.28625, 0.34000
-0.13702, 0.35000
-0.21286, 0.36000
-0.23178, 0.37000
-0.11490, 0.38000
-0.28610, 0.39000
-0.14008, 0.40000
-0.21790, 0.41000
-0.23087, 0.42000
-0.11749, 0.43000
-0.28778, 0.44000
-0.14084, 0.45000
-0.21454, 0.46000
-0.24200, 0.47000
-0.12054, 0.48000
-0.28992, 0.49000
-0.14404, 0.50000
-0.22568, 0.51000
-0.24261, 0.52000
-0.11917, 0.53000
-0.29236, 0.54000
-0.14572, 0.55000
-0.21835, 0.56000
-0.24460, 0.57000
-0.12115, 0.58000
-0.29312, 0.59000
-0.14969, 0.60000
-0.22827, 0.61000
-0.24811, 0.62000
-0.12070, 0.63000
-0.29373, 0.64000
-0.14145, 0.65000
-0.22018, 0.66000
-0.24338, 0.67000
-0.12695, 0.68000
-0.29633, 0.69000
-0.15106, 0.70000
-0.23010, 0.71000
-0.24643, 0.72000
-0.12375, 0.73000
-0.29694, 0.74000
-0.15427, 0.75000
-0.22079, 0.76000
-0.25269, 0.77000
-0.12497, 0.78000
-0.29907, 0.79000
-0.15640, 0.80000
-0.22873, 0.81000
-0.24948, 0.82000
-0.12772, 0.83000
-0.30106, 0.84000
-0.15915, 0.85000
-0.22400, 0.86000
-0.27115, 0.87000
-0.12680, 0.88000
-0.30090, 0.89000
-0.15945, 0.90000
-0.22873, 0.91000
-0.25818, 0.92000
-0.12985, 0.93000
-0.30411, 0.94000
-0.15991, 0.95000
-0.23331, 0.96000
-0.26108, 0.97000
-0.13199, 0.98000
-0.30594, 0.99000
-0.16510, 1.00000
-0.22659, 1.01000
-0.25650, 1.02000
-0.13168, 1.03000
-0.30823, 1.04000
-0.16968, 1.05000
-0.23010, 1.06000
-0.26352, 1.07000
-0.13290, 1.08000
-0.30823, 1.09000
-0.16861, 1.10000
-0.22949, 1.11000
-0.26093, 1.12000
-0.13611, 1.13000
-0.31067, 1.14000
-0.17044, 1.15000
-0.23804, 1.16000
-0.26306, 1.17000
-0.13596, 1.18000
-0.31067, 1.19000
-0.17227, 1.20000
-0.22949, 1.21000
-0.27115, 1.22000
-0.14008, 1.23000
-0.31357, 1.24000
-0.17593, 1.25000
-0.23499, 1.26000
-0.27222, 1.27000
-0.13916, 1.28000
-0.31540, 1.29000
-0.17593, 1.30000
-0.23376, 1.31000
-0.26794, 1.32000
-0.14160, 1.33000
-0.31693, 1.34000
-0.18280, 1.35000
-0.23682, 1.36000
-0.27405, 1.37000
-0.14206, 1.38000
-0.31937, 1.39000
-0.18021, 1.40000
-0.23499, 1.41000
-0.27893, 1.42000
-0.14359, 1.43000
-0.32013, 1.44000
-0.18021, 1.45000
-0.24002, 1.46000
-0.27496, 1.47000
-0.14496, 1.48000
-0.32288, 1.49000
-0.18539, 1.50000
-0.23865, 1.51000
-0.29755, 1.52000
-0.14862, 1.53000
-0.32166, 1.54000
-0.18707, 1.55000
-0.23392, 1.56000
-0.27924, 1.57000
-0.14832, 1.58000
-0.32486, 1.59000
-0.18173, 1.60000
-0.23697, 1.61000
-0.28748, 1.62000
-0.15121, 1.63000
-0.32608, 1.64000
-0.19485, 1.65000
-0.24170, 1.66000
-0.28137, 1.67000
-0.15228, 1.68000
-0.32913, 1.69000
-0.19516, 1.70000
-0.25070, 1.71000
-0.28290, 1.72000
-0.15396, 1.73000
-0.33035, 1.74000
-0.19363, 1.75000
-0.24200, 1.76000
-0.28839, 1.77000
-0.15472, 1.78000
-0.33401, 1.79000
-0.19958, 1.80000
-0.24994, 1.81000
-0.29007, 1.82000
-0.15610, 1.83000
-0.33508, 1.84000
-0.20111, 1.85000
-0.24506, 1.86000
-0.29205, 1.87000
-0.15991, 1.88000
-0.33661, 1.89000
-0.20447, 1.90000
-0.25162, 1.91000
-0.29068, 1.92000
-0.15976, 1.93000
-0.33768, 1.94000
-0.19989, 1.95000
-0.24826, 1.96000
-0.30029, 1.97000
-0.16144, 1.98000
-0.33890, 1.99000
-0.19974, 2.00000
-0.24857, 2.01000
-0.29968, 2.02000
-0.16647, 2.03000
-0.34180, 2.04000
-0.20630, 2.05000
-0.26108, 2.06000
-0.30472, 2.07000
-0.16602, 2.08000
-0.34393, 2.09000
-0.21271, 2.10000
-0.25299, 2.11000
-0.30792, 2.12000
-0.16846, 2.13000
-0.34698, 2.14000
-0.21255, 2.15000
-0.25925, 2.16000
-0.32837, 2.17000
-0.16968, 2.18000
-0.34653, 2.19000
-0.21805, 2.20000
-0.26093, 2.21000
-0.30945, 2.22000
-0.17212, 2.23000
-0.35156, 2.24000
-0.21774, 2.25000
-0.26474, 2.26000
-0.31067, 2.27000
-0.17426, 2.28000
-0.35202, 2.29000
-0.21896, 2.30000
-0.25864, 2.31000
-0.31128, 2.32000
-0.17487, 2.33000
-0.35446, 2.34000
-0.22156, 2.35000
-0.26611, 2.36000
-0.31921, 2.37000
-0.17838, 2.38000
-0.35599, 2.39000
-0.22156, 2.40000
-0.26718, 2.41000
-0.32364, 2.42000
-0.18005, 2.43000
-0.35858, 2.44000
-0.22858, 2.45000
-0.26672, 2.46000
-0.31967, 2.47000
-0.18280, 2.48000
-0.36133, 2.49000
-0.22766, 2.50000
-0.26932, 2.51000
-0.32120, 2.52000
-0.18509, 2.53000
-0.36301, 2.54000
-0.23117, 2.55000
-0.26840, 2.56000
-0.33096, 2.57000
-0.18555, 2.58000
-0.36453, 2.59000
-0.23651, 2.60000
-0.27664, 2.61000
-0.32928, 2.62000
-0.18890, 2.63000
-0.36621, 2.64000
-0.23468, 2.65000
-0.27802, 2.66000
-0.33386, 2.67000
-0.19135, 2.68000
-0.37125, 2.69000
-0.24139, 2.70000
-0.28305, 2.71000
-0.33966, 2.72000
-0.19409, 2.73000
-0.37369, 2.74000
-0.24078, 2.75000
-0.28168, 2.76000
-0.33981, 2.77000
-0.19791, 2.78000
-0.37659, 2.79000
-0.24689, 2.80000
-0.28870, 2.81000
-0.35477, 2.82000
-0.19897, 2.83000
-0.37781, 2.84000
-0.24551, 2.85000
-0.28549, 2.86000
-0.34882, 2.87000
-0.20157, 2.88000
-0.38086, 2.89000
-0.25269, 2.90000
-0.28336, 2.91000
-0.35095, 2.92000
-0.20477, 2.93000
-0.38269, 2.94000
-0.25208, 2.95000
-0.28870, 2.96000
-0.35309, 2.97000
-0.20630, 2.98000
-0.38498, 2.99000
-0.25848, 3.00000
-0.29007, 3.01000
-0.34866, 3.02000
-0.20966, 3.03000
-0.38879, 3.04000
-0.26443, 3.05000
-0.29495, 3.06000
-0.35324, 3.07000
-0.21255, 3.08000
-0.39078, 3.09000
-0.26245, 3.10000
-0.29175, 3.11000
-0.36591, 3.12000
-0.21606, 3.13000
-0.39505, 3.14000
-0.27237, 3.15000
-0.30563, 3.16000
-0.37262, 3.17000
-0.22049, 3.18000
-0.39795, 3.19000
-0.26947, 3.20000
-0.30655, 3.21000
-0.37247, 3.22000
-0.22308, 3.23000
-0.40054, 3.24000
-0.27679, 3.25000
-0.31082, 3.26000
-0.36880, 3.27000
-0.22797, 3.28000
-0.40543, 3.29000
-0.27740, 3.30000
-0.31403, 3.31000
-0.38162, 3.32000
-0.23132, 3.33000
-0.40909, 3.34000
-0.28305, 3.35000
-0.30685, 3.36000
-0.37552, 3.37000
-0.23193, 3.38000
-0.40878, 3.39000
-0.28549, 3.40000
-0.31631, 3.41000
-0.38055, 3.42000
-0.23087, 3.43000
-0.41031, 3.44000
-0.28442, 3.45000
-0.31815, 3.46000
-0.39734, 3.47000
-0.23361, 3.48000
-0.40985, 3.49000
-0.28458, 3.50000
-0.31311, 3.51000
-0.39017, 3.52000
-0.23941, 3.53000
-0.41656, 3.54000
-0.29556, 3.55000
-0.32166, 3.56000
-0.39658, 3.57000
-0.24658, 3.58000
-0.42587, 3.59000
-0.29572, 3.60000
-0.31372, 3.61000
-0.39444, 3.62000
-0.24811, 3.63000
-0.42419, 3.64000
-0.29831, 3.65000
-0.32272, 3.66000
-0.39490, 3.67000
-0.25131, 3.68000
-0.42755, 3.69000
-0.30411, 3.70000
-0.32242, 3.71000
-0.39764, 3.72000
-0.25208, 3.73000
-0.43060, 3.74000
-0.31189, 3.75000
-0.32730, 3.76000
-0.40527, 3.77000
-0.25482, 3.78000
-0.43304, 3.79000
-0.30853, 3.80000
-0.32761, 3.81000
-0.41153, 3.82000
-0.25894, 3.83000
-0.43411, 3.84000
-0.31525, 3.85000
-0.32944, 3.86000
-0.41275, 3.87000
-0.26184, 3.88000
-0.44098, 3.89000
-0.32211, 3.90000
-0.33463, 3.91000
-0.42267, 3.92000
-0.26535, 3.93000
-0.44479, 3.94000
-0.31326, 3.95000
-0.33218, 3.96000
-0.42221, 3.97000
-0.26810, 3.98000
-0.44342, 3.99000
-0.32700, 4.00000
-0.33600, 4.01000
-0.42526, 4.02000
-0.27069, 4.03000
-0.44479, 4.04000
-0.33035, 4.05000
-0.34256, 4.06000
-0.43152, 4.07000
-0.27359, 4.08000
-0.45212, 4.09000
-0.32944, 4.10000
-0.34851, 4.11000
-0.44113, 4.12000
-0.27634, 4.13000
-0.44891, 4.14000
-0.33737, 4.15000
-0.35507, 4.16000
-0.42908, 4.17000
-0.28000, 4.18000
-0.45181, 4.19000
-0.33432, 4.20000
-0.35721, 4.21000
-0.43991, 4.22000
-0.28458, 4.23000
-0.45837, 4.24000
-0.34149, 4.25000
-0.35614, 4.26000
-0.44083, 4.27000
-0.28687, 4.28000
-0.46265, 4.29000
-0.36057, 4.30000
-0.36057, 4.31000
-0.43915, 4.32000
-0.28946, 4.33000
-0.46494, 4.34000
-0.35049, 4.35000
-0.35416, 4.36000
-0.44296, 4.37000
-0.29160, 4.38000
-0.46112, 4.39000
-0.35889, 4.40000
-0.36453, 4.41000
-0.45135, 4.42000
-0.29434, 4.43000
-0.47180, 4.44000
-0.35843, 4.45000
-0.36163, 4.46000
-0.45807, 4.47000
-0.29739, 4.48000
-0.47134, 4.49000
-0.36087, 4.50000
-0.37369, 4.51000
-0.45868, 4.52000
-0.30045, 4.53000
-0.47058, 4.54000
-0.35568, 4.55000
-0.36469, 4.56000
-0.46234, 4.57000
-0.30411, 4.58000
-0.47256, 4.59000
-0.36346, 4.60000
-0.36407, 4.61000
-0.45975, 4.62000
-0.30685, 4.63000
-0.47501, 4.64000
-0.37201, 4.65000
-0.36957, 4.66000
-0.46783, 4.67000
-0.30899, 4.68000
-0.48233, 4.69000
-0.37674, 4.70000
-0.37537, 4.71000
-0.44083, 4.72000
-0.31357, 4.73000
-0.49042, 4.74000
-0.35172, 4.75000
-0.41641, 4.76000
-0.46219, 4.77000
-0.31616, 4.78000
-0.49240, 4.79000
-0.35660, 4.80000
-0.41367, 4.81000
-0.44708, 4.82000
-0.32028, 4.83000
-0.49637, 4.84000
-0.35370, 4.85000
-0.41428, 4.86000
-0.45563, 4.87000
-0.32318, 4.88000
-0.49973, 4.89000
-0.36270, 4.90000
-0.41580, 4.91000
-0.45700, 4.92000
-0.32974, 4.93000
-0.50354, 4.94000
-0.36560, 4.95000
-0.42862, 4.96000
-0.46341, 4.97000
-0.32990, 4.98000
-0.50568, 4.99000
-0.37018, 5.00000
-0.42267, 5.01000
-0.46844, 5.02000
-0.33386, 5.03000
-0.50980, 5.04000
-0.37155, 5.05000
-0.42267, 5.06000
-0.47028, 5.07000
-0.33585, 5.08000
-0.51178, 5.09000
-0.37476, 5.10000
-0.42999, 5.11000
-0.47226, 5.12000
-0.33981, 5.13000
-0.51544, 5.14000
-0.38132, 5.15000
-0.43198, 5.16000
-0.47119, 5.17000
-0.34332, 5.18000
-0.51941, 5.19000
-0.38971, 5.20000
-0.44235, 5.21000
-0.48080, 5.22000
-0.34637, 5.23000
-0.52261, 5.24000
-0.38803, 5.25000
-0.43930, 5.26000
-0.48035, 5.27000
-0.34943, 5.28000
-0.52704, 5.29000
-0.39200, 5.30000
-0.44708, 5.31000
-0.48920, 5.32000
-0.35385, 5.33000
-0.53085, 5.34000
-0.39749, 5.35000
-0.44479, 5.36000
-0.49179, 5.37000
-0.35843, 5.38000
-0.53421, 5.39000
-0.39993, 5.40000
-0.44128, 5.41000
-0.50827, 5.42000
-0.35843, 5.43000
-0.53589, 5.44000
-0.39291, 5.45000
-0.44769, 5.46000
-0.49622, 5.47000
-0.35950, 5.48000
-0.53680, 5.49000
-0.40558, 5.50000
-0.45090, 5.51000
-0.49530, 5.52000
-0.36285, 5.53000
-0.54184, 5.54000
-0.40894, 5.55000
-0.46158, 5.56000
-0.50461, 5.57000
-0.36606, 5.58000
-0.54443, 5.59000
-0.41428, 5.60000
-0.46188, 5.61000
-0.50430, 5.62000
-0.36942, 5.63000
-0.54779, 5.64000
-0.40939, 5.65000
-0.46753, 5.66000
-0.51300, 5.67000
-0.37430, 5.68000
-0.55176, 5.69000
-0.41840, 5.70000
-0.46188, 5.71000
-0.51437, 5.72000
-0.37750, 5.73000
-0.55496, 5.74000
-0.42374, 5.75000
-0.46387, 5.76000
-0.51682, 5.77000
-0.38101, 5.78000
-0.55801, 5.79000
-0.41885, 5.80000
-0.46722, 5.81000
-0.51498, 5.82000
-0.38254, 5.83000
-0.56198, 5.84000
-0.42908, 5.85000
-0.47913, 5.86000
-0.52505, 5.87000
-0.38528, 5.88000
-0.56427, 5.89000
-0.42984, 5.90000
-0.47348, 5.91000
-0.52948, 5.92000
-0.39017, 5.93000
-0.56686, 5.94000
-0.43472, 5.95000
-0.48447, 5.96000
-0.53299, 5.97000
-0.39230, 5.98000
-0.57007, 5.99000
-0.43777, 6.00000
-0.47379, 6.01000
-0.53711, 6.02000
-0.39536, 6.03000
-0.57281, 6.04000
-0.43976, 6.05000
-0.49316, 6.06000
-0.55237, 6.07000
-0.39963, 6.08000
-0.57709, 6.09000
-0.44403, 6.10000
-0.48416, 6.11000
-0.54108, 6.12000
-0.40268, 6.13000
-0.58044, 6.14000
-0.44998, 6.15000
-0.49454, 6.16000
-0.54504, 6.17000
-0.40375, 6.18000
-0.58334, 6.19000
-0.44785, 6.20000
-0.48981, 6.21000
-0.54337, 6.22000
-0.40863, 6.23000
-0.58685, 6.24000
-0.45746, 6.25000
-0.50110, 6.26000
-0.54657, 6.27000
-0.41077, 6.28000
-0.58914, 6.29000
-0.45425, 6.30000
-0.50323, 6.31000
-0.55511, 6.32000
-0.41565, 6.33000
-0.59387, 6.34000
-0.46295, 6.35000
-0.49774, 6.36000
-0.55618, 6.37000
-0.41809, 6.38000
-0.59570, 6.39000
-0.46555, 6.40000
-0.50629, 6.41000
-0.56396, 6.42000
-0.42023, 6.43000
-0.59845, 6.44000
-0.46860, 6.45000
-0.50430, 6.46000
-0.55984, 6.47000
-0.42374, 6.48000
-0.60181, 6.49000
-0.47592, 6.50000
-0.50751, 6.51000
-0.57251, 6.52000
-0.42725, 6.53000
-0.60516, 6.54000
-0.47623, 6.55000
-0.51834, 6.56000
-0.57770, 6.57000
-0.43137, 6.58000
-0.60730, 6.59000
-0.47913, 6.60000
-0.52383, 6.61000
-0.57312, 6.62000
-0.43243, 6.63000
-0.61111, 6.64000
-0.47958, 6.65000
-0.51422, 6.66000
-0.57663, 6.67000
-0.43640, 6.68000
-0.61554, 6.69000
-0.48691, 6.70000
-0.51285, 6.71000
-0.59967, 6.72000
-0.43869, 6.73000
-0.61798, 6.74000
-0.48538, 6.75000
-0.52231, 6.76000
-0.58792, 6.77000
-0.44250, 6.78000
-0.62073, 6.79000
-0.48965, 6.80000
-0.51941, 6.81000
-0.59174, 6.82000
-0.44449, 6.83000
-0.62332, 6.84000
-0.49438, 6.85000
-0.52536, 6.86000
-0.59448, 6.87000
-0.44937, 6.88000
-0.62714, 6.89000
-0.50079, 6.90000
-0.52933, 6.91000
-0.59082, 6.92000
-0.45212, 6.93000
-0.63004, 6.94000
-0.50552, 6.95000
-0.54108, 6.96000
-0.60379, 6.97000
-0.45547, 6.98000
-0.63339, 6.99000
-0.50919, 7.00000
-0.53497, 7.01000
-0.59998, 7.02000
-0.45807, 7.03000
-0.63660, 7.04000
-0.51285, 7.05000
-0.54214, 7.06000
-0.60226, 7.07000
-0.46310, 7.08000
-0.63980, 7.09000
-0.51407, 7.10000
-0.54291, 7.11000
-0.61707, 7.12000
-0.46509, 7.13000
-0.64362, 7.14000
-0.52292, 7.15000
-0.54367, 7.16000
-0.61127, 7.17000
-0.46982, 7.18000
-0.64423, 7.19000
-0.52322, 7.20000
-0.54688, 7.21000
-0.62225, 7.22000
-0.47302, 7.23000
-0.65018, 7.24000
-0.52063, 7.25000
-0.54474, 7.26000
-0.62164, 7.27000
-0.47424, 7.28000
-0.65094, 7.29000
-0.52307, 7.30000
-0.55252, 7.31000
-0.62927, 7.32000
-0.47928, 7.33000
-0.65765, 7.34000
-0.53299, 7.35000
-0.55450, 7.36000
-0.64331, 7.37000
-0.48294, 7.38000
-0.65964, 7.39000
-0.53146, 7.40000
-0.56702, 7.41000
-0.63858, 7.42000
-0.48584, 7.43000
-0.66238, 7.44000
-0.54123, 7.45000
-0.56427, 7.46000
-0.63339, 7.47000
-0.48965, 7.48000
-0.66727, 7.49000
-0.54871, 7.50000
-0.57571, 7.51000
-0.64972, 7.52000
-0.49332, 7.53000
-0.67200, 7.54000
-0.54733, 7.55000
-0.56870, 7.56000
-0.65048, 7.57000
-0.49667, 7.58000
-0.67474, 7.59000
-0.55298, 7.60000
-0.57098, 7.61000
-0.64438, 7.62000
-0.50079, 7.63000
-0.67398, 7.64000
-0.55679, 7.65000
-0.57755, 7.66000
-0.65460, 7.67000
-0.50369, 7.68000
-0.68268, 7.69000
-0.56091, 7.70000
-0.57846, 7.71000
-0.65247, 7.72000
-0.50690, 7.73000
-0.68314, 7.74000
-0.56747, 7.75000
-0.58319, 7.76000
-0.66528, 7.77000
-0.51224, 7.78000
-0.69031, 7.79000
-0.56946, 7.80000
-0.59174, 7.81000
-0.67093, 7.82000
-0.51529, 7.83000
-0.69244, 7.84000
-0.58289, 7.85000
-0.58548, 7.86000
-0.67307, 7.87000
-0.51926, 7.88000
-0.69778, 7.89000
-0.58029, 7.90000
-0.58990, 7.91000
-0.67764, 7.92000
-0.52307, 7.93000
-0.69916, 7.94000
-0.58334, 7.95000
-0.59525, 7.96000
-0.68024, 7.97000
-0.52658, 7.98000
-0.70480, 7.99000
-0.58548, 8.00000
-0.60760, 8.01000
-0.69717, 8.02000
-0.53040, 8.03000
-0.70953, 8.04000
-0.59036, 8.05000
-0.60974, 8.06000
-0.68939, 8.07000
-0.53497, 8.08000
-0.70862, 8.09000
-0.59113, 8.10000
-0.60928, 8.11000
-0.69565, 8.12000
-0.53848, 8.13000
-0.71243, 8.14000
-0.59570, 8.15000
-0.62241, 8.16000
-0.69809, 8.17000
-0.54199, 8.18000
-0.71289, 8.19000
-0.59479, 8.20000
-0.61920, 8.21000
-0.70129, 8.22000
-0.54642, 8.23000
-0.72159, 8.24000
-0.60730, 8.25000
-0.61264, 8.26000
-0.70068, 8.27000
-0.55222, 8.28000
-0.72601, 8.29000
-0.61447, 8.30000
-0.62714, 8.31000
-0.70816, 8.32000
-0.55740, 8.33000
-0.73578, 8.34000
-0.61722, 8.35000
-0.62607, 8.36000
-0.71075, 8.37000
-0.56107, 8.38000
-0.73441, 8.39000
-0.62393, 8.40000
-0.63110, 8.41000
-0.72281, 8.42000
-0.56763, 8.43000
-0.74265, 8.44000
-0.62805, 8.45000
-0.63751, 8.46000
-0.72464, 8.47000
-0.57327, 8.48000
-0.75256, 8.49000
-0.63019, 8.50000
-0.65048, 8.51000
-0.73624, 8.52000
-0.57785, 8.53000
-0.75150, 8.54000
-0.63553, 8.55000
-0.64774, 8.56000
-0.74097, 8.57000
-0.58029, 8.58000
-0.75211, 8.59000
-0.64285, 8.60000
-0.65552, 8.61000
-0.74051, 8.62000
-0.58334, 8.63000
-0.75485, 8.64000
-0.64972, 8.65000
-0.64713, 8.66000
-0.75485, 8.67000
-0.58868, 8.68000
-0.76355, 8.69000
-0.65552, 8.70000
-0.65155, 8.71000
-0.74509, 8.72000
-0.59494, 8.73000
-0.76660, 8.74000
-0.64987, 8.75000
-0.65872, 8.76000
-0.75684, 8.77000
-0.59921, 8.78000
-0.77393, 8.79000
-0.66223, 8.80000
-0.66666, 8.81000
-0.76279, 8.82000
-0.60547, 8.83000
-0.78140, 8.84000
-0.67413, 8.85000
-0.67200, 8.86000
-0.76736, 8.87000
-0.61050, 8.88000
-0.78705, 8.89000
-0.66803, 8.90000
-0.67154, 8.91000
-0.77499, 8.92000
-0.61554, 8.93000
-0.78644, 8.94000
-0.68253, 8.95000
-0.69122, 8.96000
-0.77515, 8.97000
-0.62180, 8.98000
-0.78934, 8.99000
-0.68481, 9.00000
-0.68588, 9.01000
-0.78537, 9.02000
-0.62637, 9.03000
-0.79636, 9.04000
-0.69397, 9.05000
-0.68085, 9.06000
-0.78934, 9.07000
-0.63217, 9.08000
-0.79971, 9.09000
-0.69016, 9.10000
-0.69183, 9.11000
-0.79605, 9.12000
-0.63614, 9.13000
-0.80811, 9.14000
-0.69672, 9.15000
-0.69275, 9.16000
-0.79620, 9.17000
-0.64270, 9.18000
-0.81238, 9.19000
-0.70236, 9.20000
-0.71243, 9.21000
-0.80734, 9.22000
-0.64789, 9.23000
-0.82214, 9.24000
-0.71518, 9.25000
-0.70633, 9.26000
-0.81116, 9.27000
-0.65170, 9.28000
-0.82581, 9.29000
-0.72311, 9.30000
-0.71930, 9.31000
-0.82336, 9.32000
-0.65598, 9.33000
-0.83099, 9.34000
-0.71655, 9.35000
-0.72693, 9.36000
-0.82230, 9.37000
-0.66177, 9.38000
-0.83176, 9.39000
-0.73105, 9.40000
-0.73029, 9.41000
-0.82611, 9.42000
-0.66605, 9.43000
-0.82947, 9.44000
-0.72876, 9.45000
-0.72205, 9.46000
-0.83389, 9.47000
-0.67459, 9.48000
-0.84793, 9.49000
-0.74295, 9.50000
-0.72525, 9.51000
-0.83481, 9.52000
-0.67993, 9.53000
-0.85236, 9.54000
-0.74265, 9.55000
-0.73853, 9.56000
-0.84503, 9.57000
-0.68649, 9.58000
-0.85800, 9.59000
-0.75470, 9.60000
-0.74127, 9.61000
-0.84610, 9.62000
-0.69077, 9.63000
-0.85892, 9.64000
-0.77072, 9.65000
-0.74936, 9.66000
-0.85617, 9.67000
-0.69656, 9.68000
-0.86838, 9.69000
-0.76736, 9.70000
-0.75226, 9.71000
-0.85449, 9.72000
-0.70038, 9.73000
-0.86578, 9.74000
-0.77545, 9.75000
-0.76523, 9.76000
-0.86472, 9.77000
-0.70374, 9.78000
-0.87631, 9.79000
-0.77469, 9.80000
-0.75836, 9.81000
-0.86899, 9.82000
-0.70862, 9.83000
-0.87799, 9.84000
-0.78217, 9.85000
-0.76645, 9.86000
-0.87646, 9.87000
-0.71457, 9.88000
-0.88669, 9.89000
-0.78522, 9.90000
-0.76752, 9.91000
-0.88211, 9.92000
-0.72052, 9.93000
-0.88669, 9.94000
-0.79300, 9.95000
-0.78537, 9.96000
-0.89111, 9.97000
-0.72708, 9.98000
-0.89020, 9.99000
-0.79071, 10.00000
-0.78354, 10.01000
-0.89340, 10.02000
-0.73029, 10.03000
-0.89569, 10.04000
-0.79330, 10.05000
-0.78186, 10.06000
-0.89752, 10.07000
-0.73730, 10.08000
-0.90546, 10.09000
-0.81055, 10.10000
-0.78796, 10.11000
-0.90332, 10.12000
-0.74280, 10.13000
-0.90424, 10.14000
-0.81314, 10.15000
-0.79300, 10.16000
-0.90546, 10.17000
-0.74799, 10.18000
-0.91095, 10.19000
-0.82306, 10.20000
-0.80276, 10.21000
-0.91049, 10.22000
-0.75272, 10.23000
-0.92285, 10.24000
-0.82718, 10.25000
-0.80261, 10.26000
-0.92300, 10.27000
-0.75790, 10.28000
-0.92255, 10.29000
-0.83008, 10.30000
-0.80826, 10.31000
-0.92361, 10.32000
-0.76279, 10.33000
-0.93231, 10.34000
-0.82916, 10.35000
-0.81345, 10.36000
-0.93231, 10.37000
-0.76889, 10.38000
-0.93109, 10.39000
-0.84198, 10.40000
-0.81955, 10.41000
-0.93613, 10.42000
-0.77484, 10.43000
-0.93781, 10.44000
-0.83694, 10.45000
-0.82367, 10.46000
-0.94101, 10.47000
-0.78049, 10.48000
-0.94925, 10.49000
-0.85785, 10.50000
-0.83221, 10.51000
-0.94635, 10.52000
-0.78552, 10.53000
-0.94238, 10.54000
-0.86288, 10.55000
-0.83603, 10.56000
-0.95444, 10.57000
-0.79071, 10.58000
-0.95154, 10.59000
-0.86716, 10.60000
-0.84305, 10.61000
-0.96268, 10.62000
-0.79605, 10.63000
-0.95642, 10.64000
-0.86761, 10.65000
-0.84412, 10.66000
-0.96481, 10.67000
-0.80414, 10.68000
-0.96573, 10.69000
-0.88043, 10.70000
-0.85068, 10.71000
-0.96573, 10.72000
-0.80872, 10.73000
-0.97137, 10.74000
-0.88745, 10.75000
-0.86197, 10.76000
-0.97198, 10.77000
-0.81497, 10.78000
-0.97626, 10.79000
-0.88196, 10.80000
-0.85800, 10.81000
-0.97717, 10.82000
-0.81772, 10.83000
-0.97336, 10.84000
-0.89127, 10.85000
-0.86441, 10.86000
-0.98526, 10.87000
-0.82382, 10.88000
-0.98892, 10.89000
-0.90057, 10.90000
-0.86868, 10.91000
-0.98709, 10.92000
-0.82886, 10.93000
-0.98419, 10.94000
-0.90698, 10.95000
-0.87708, 10.96000
-0.99487, 10.97000
-0.83542, 10.98000
-1.00006, 10.99000
-0.90500, 11.00000
-0.87936, 11.01000
-1.00571, 11.02000
-0.84229, 11.03000
-1.00403, 11.04000
-0.92178, 11.05000
-0.89844, 11.06000
-1.01379, 11.07000
-0.85159, 11.08000
-0.99197, 11.09000
-0.92438, 11.10000
-0.90042, 11.11000
-1.01883, 11.12000
-0.85419, 11.13000
-1.01044, 11.14000
-0.93353, 11.15000
-0.90744, 11.16000
-1.02310, 11.17000
-0.86212, 11.18000
-1.00906, 11.19000
-0.92758, 11.20000
-0.90912, 11.21000
-1.02722, 11.22000
-0.86777, 11.23000
-1.02768, 11.24000
-0.93811, 11.25000
-0.90134, 11.26000
-1.03531, 11.27000
-0.86975, 11.28000
-1.01288, 11.29000
-0.94482, 11.30000
-0.91949, 11.31000
-1.04019, 11.32000
-0.87830, 11.33000
-1.03180, 11.34000
-0.94757, 11.35000
-0.92285, 11.36000
-1.04187, 11.37000
-0.88531, 11.38000
-1.04019, 11.39000
-0.96619, 11.40000
-0.93765, 11.41000
-1.05225, 11.42000
-0.89050, 11.43000
-1.04599, 11.44000
-0.96695, 11.45000
-0.93704, 11.46000
-1.05545, 11.47000
-0.89630, 11.48000
-1.05087, 11.49000
-0.97931, 11.50000
-0.94543, 11.51000
-1.06583, 11.52000
-0.90164, 11.53000
-1.06110, 11.54000
-0.97900, 11.55000
-0.94711, 11.56000
-1.06522, 11.57000
-0.90408, 11.58000
-1.05713, 11.59000
-0.98206, 11.60000
-0.95306, 11.61000
-1.07040, 11.62000
-0.90836, 11.63000
-1.06079, 11.64000
-0.98480, 11.65000
-0.94650, 11.66000
-1.07483, 11.67000
-0.90988, 11.68000
-1.06369, 11.69000
-0.99503, 11.70000
-0.96329, 11.71000
-1.08414, 11.72000
-0.92117, 11.73000
-1.06888, 11.74000
-1.00327, 11.75000
-0.96634, 11.76000
-1.09604, 11.77000
-0.93170, 11.78000
-1.08002, 11.79000
-1.02249, 11.80000
-0.98175, 11.81000
-1.10413, 11.82000
-0.93948, 11.83000
-1.08292, 11.84000
-1.01761, 11.85000
-0.98648, 11.86000
-1.11069, 11.87000
-0.94543, 11.88000
-1.09528, 11.89000
-1.02890, 11.90000
-0.99426, 11.91000
-1.11908, 11.92000
-0.95154, 11.93000
-1.09787, 11.94000
-1.03088, 11.95000
-0.99869, 11.96000
-1.12183, 11.97000
-0.96069, 11.98000
-1.11374, 11.99000
-1.03958, 12.00000
-1.00952, 12.01000
-1.12549, 12.02000
-0.96573, 12.03000
-1.11801, 12.04000
-1.04858, 12.05000
-1.00632, 12.06000
-1.13327, 12.07000
-0.97137, 12.08000
-1.12030, 12.09000
-1.04340, 12.10000
-1.00159, 12.11000
-1.13846, 12.12000
-0.97717, 12.13000
-1.12503, 12.14000
-1.05728, 12.15000
-1.01639, 12.16000
-1.14441, 12.17000
-0.98160, 12.18000
-1.12762, 12.19000
-1.06506, 12.20000
-1.02249, 12.21000
-1.14960, 12.22000
-0.98724, 12.23000
-1.14563, 12.24000
-1.07788, 12.25000
-1.02982, 12.26000
-1.15540, 12.27000
-0.99503, 12.28000
-1.13983, 12.29000
-1.07620, 12.30000
-1.03577, 12.31000
-1.16119, 12.32000
-1.00296, 12.33000
-1.14700, 12.34000
-1.08566, 12.35000
-1.04492, 12.36000
-1.16867, 12.37000
-1.00677, 12.38000
-1.15906, 12.39000
-1.08994, 12.40000
-1.04538, 12.41000
-1.17615, 12.42000
-1.01349, 12.43000
-1.15616, 12.44000
-1.09604, 12.45000
-1.05728, 12.46000
-1.18149, 12.47000
-1.02051, 12.48000
-1.15372, 12.49000
-1.10336, 12.50000
-1.05774, 12.51000
-1.18805, 12.52000
-1.02386, 12.53000
-1.17142, 12.54000
-1.10107, 12.55000
-1.06644, 12.56000
-1.19980, 12.57000
-1.03256, 12.58000
-1.17752, 12.59000
-1.10687, 12.60000
-1.07956, 12.61000
-1.19843, 12.62000
-1.03622, 12.63000
-1.18851, 12.64000
-1.12122, 12.65000
-1.07727, 12.66000
-1.20499, 12.67000
-1.04462, 12.68000
-1.19843, 12.69000
-1.12778, 12.70000
-1.08795, 12.71000
-1.21384, 12.72000
-1.05179, 12.73000
-1.20148, 12.74000
-1.13846, 12.75000
-1.08658, 12.76000
-1.21780, 12.77000
-1.05698, 12.78000
-1.19934, 12.79000
-1.14441, 12.80000
-1.10062, 12.81000
-1.22589, 12.82000
-1.06415, 12.83000
-1.21246, 12.84000
-1.14441, 12.85000
-1.09894, 12.86000
-1.23352, 12.87000
-1.06934, 12.88000
-1.20743, 12.89000
-1.15738, 12.90000
-1.10962, 12.91000
-1.23932, 12.92000
-1.07742, 12.93000
-1.21521, 12.94000
-1.15906, 12.95000
-1.11710, 12.96000
-1.24435, 12.97000
-1.08047, 12.98000
-1.23505, 12.99000
-1.16837, 13.00000
-1.11801, 13.01000
-1.25076, 13.02000
-1.09100, 13.03000
-1.22574, 13.04000
-1.17386, 13.05000
-1.12793, 13.06000
-1.25809, 13.07000
-1.09497, 13.08000
-1.23596, 13.09000
-1.18393, 13.10000
-1.13098, 13.11000
-1.26526, 13.12000
-1.10291, 13.13000
-1.24329, 13.14000
-1.18301, 13.15000
-1.13907, 13.16000
-1.27441, 13.17000
-1.11313, 13.18000
-1.25916, 13.19000
-1.19720, 13.20000
-1.14655, 13.21000
-1.28738, 13.22000
-1.12106, 13.23000
-1.25885, 13.24000
-1.20956, 13.25000
-1.15997, 13.26000
-1.29181, 13.27000
-1.12976, 13.28000
-1.27655, 13.29000
-1.21857, 13.30000
-1.16394, 13.31000
-1.30066, 13.32000
-1.13800, 13.33000
-1.27594, 13.34000
-1.22818, 13.35000
-1.18256, 13.36000
-1.31287, 13.37000
-1.15311, 13.38000
-1.29242, 13.39000
-1.24207, 13.40000
-1.18851, 13.41000
-1.32690, 13.42000
-1.16409, 13.43000
-1.30493, 13.44000
-1.25076, 13.45000
-1.20285, 13.46000
-1.34323, 13.47000
-1.18439, 13.48000
-1.32492, 13.49000
-1.27823, 13.50000
-1.22955, 13.51000
-1.36719, 13.52000
-1.21185, 13.53000
-1.34781, 13.54000
-1.30432, 13.55000
-1.25214, 13.56000
-1.38962, 13.57000
-1.23199, 13.58000
-1.37100, 13.59000
-1.32828, 13.60000
-1.27151, 13.61000
-1.41281, 13.62000
-1.25580, 13.63000
-1.39984, 13.64000
-1.34354, 13.65000
-1.29562, 13.66000
-1.43661, 13.67000
-1.27853, 13.68000
-1.41846, 13.69000
-1.37833, 13.70000
-1.33667, 13.71000
-1.46835, 13.72000
-1.31622, 13.73000
-1.45691, 13.74000
-1.41449, 13.75000
-1.37817, 13.76000
-1.51886, 13.77000
-1.36429, 13.78000
-1.51505, 13.79000
-1.47537, 13.80000
-1.44119, 13.81000
-1.58966, 13.82000
-1.44547, 13.83000
-1.59576, 13.84000
-1.57028, 13.85000
-1.54053, 13.86000
-1.70029, 13.87000
-1.55869, 13.88000
-1.72302, 13.89000
-1.70609, 13.90000
-1.67725, 13.91000
-1.85669, 13.92000
-1.73294, 13.93000
-1.91284, 13.94000
-1.90872, 13.95000
-1.91330, 13.96000
-2.10693, 13.97000
-2.00745, 13.98000
-2.21176, 13.99000
-2.23190, 14.00000
-2.23267, 14.01000
-2.46002, 14.02000
-2.37839, 14.03000
-2.59872, 14.04000
-2.64664, 14.05000
-2.67181, 14.06000
-2.89993, 14.07000
-2.82623, 14.08000
-3.04749, 14.09000
-3.08121, 14.10000
-3.09662, 14.11000
-3.32169, 14.12000
-3.22922, 14.13000
-3.43643, 14.14000
-3.44666, 14.15000
-3.45001, 14.16000
-3.62991, 14.17000
-3.51135, 14.18000
-3.68011, 14.19000
-3.65158, 14.20000
-3.62427, 14.21000
-3.76404, 14.22000
-3.61191, 14.23000
-3.74695, 14.24000
-3.68835, 14.25000
-3.62549, 14.26000
-3.75000, 14.27000
-3.56842, 14.28000
-3.67767, 14.29000
-3.61008, 14.30000
-3.52005, 14.31000
-3.62900, 14.32000
-3.43491, 14.33000
-3.53745, 14.34000
-3.45596, 14.35000
-3.35510, 14.36000
-3.45825, 14.37000
-3.25912, 14.38000
-3.36136, 14.39000
-3.27255, 14.40000
-3.17398, 14.41000
-3.27621, 14.42000
-3.07571, 14.43000
-3.17444, 14.44000
-3.09387, 14.45000
-2.99866, 14.46000
-3.10196, 14.47000
-2.90741, 14.48000
-3.01773, 14.49000
-2.93442, 14.50000
-2.83859, 14.51000
-2.95456, 14.52000
-2.76123, 14.53000
-2.87048, 14.54000
-2.79953, 14.55000
-2.71667, 14.56000
-2.83203, 14.57000
-2.64908, 14.58000
-2.75803, 14.59000
-2.69623, 14.60000
-2.62573, 14.61000
-2.75101, 14.62000
-2.57645, 14.63000
-2.70615, 14.64000
-2.65228, 14.65000
-2.58194, 14.66000
-2.72156, 14.67000
-2.56119, 14.68000
-2.69760, 14.69000
-2.65991, 14.70000
-2.61124, 14.71000
-2.76443, 14.72000
-2.62177, 14.73000
-2.77634, 14.74000
-2.75543, 14.75000
-2.71759, 14.76000
-2.88559, 14.77000
-2.76047, 14.78000
-2.92603, 14.79000
-2.91885, 14.80000
-2.89413, 14.81000
-3.06717, 14.82000
-2.94373, 14.83000
-3.11142, 14.84000
-3.10425, 14.85000
-3.07770, 14.86000
-3.25317, 14.87000
-3.11966, 14.88000
-3.28064, 14.89000
-3.26340, 14.90000
-3.21594, 14.91000
-3.38257, 14.92000
-3.23654, 14.93000
-3.38211, 14.94000
-3.35098, 14.95000
-3.28415, 14.96000
-3.43338, 14.97000
-3.26981, 14.98000
-3.39767, 14.99000
-3.35266, 15.00000
-3.28018, 15.01000
-3.41507, 15.02000
-3.24402, 15.03000
-3.36655, 15.04000
-3.31375, 15.05000
-3.23929, 15.06000
-3.37097, 15.07000
-3.19458, 15.08000
-3.31345, 15.09000
-3.26492, 15.10000
-3.18024, 15.11000
-3.32245, 15.12000
-3.15140, 15.13000
-3.26706, 15.14000
-3.22586, 15.15000
-3.15536, 15.16000
-3.29330, 15.17000
-3.12027, 15.18000
-3.24478, 15.19000
-3.19839, 15.20000
-3.11859, 15.21000
-3.26645, 15.22000
-3.10059, 15.23000
-3.21945, 15.24000
-3.17322, 15.25000
-3.09906, 15.26000
-3.23746, 15.27000
-3.06961, 15.28000
-3.19122, 15.29000
-3.13583, 15.30000
-3.06061, 15.31000
-3.19214, 15.32000
-3.02155, 15.33000
-3.13644, 15.34000
-3.10013, 15.35000
-3.01117, 15.36000
-3.13828, 15.37000
-2.96448, 15.38000
-3.08197, 15.39000
-3.02505, 15.40000
-2.94434, 15.41000
-3.07434, 15.42000
-2.89825, 15.43000
-3.01651, 15.44000
-2.96509, 15.45000
-2.88712, 15.46000
-3.01376, 15.47000
-2.83966, 15.48000
-2.94754, 15.49000
-2.89978, 15.50000
-2.82135, 15.51000
-2.95105, 15.52000
-2.77359, 15.53000
-2.87994, 15.54000
-2.83432, 15.55000
-2.75269, 15.56000
-2.88315, 15.57000
-2.70889, 15.58000
-2.81143, 15.59000
-2.76352, 15.60000
-2.69150, 15.61000
-2.81555, 15.62000
-2.63947, 15.63000
-2.75238, 15.64000
-2.69958, 15.65000
-2.61475, 15.66000
-2.74750, 15.67000
-2.57477, 15.68000
-2.69318, 15.69000
-2.63062, 15.70000
-2.55493, 15.71000
-2.68707, 15.72000
-2.51694, 15.73000
-2.62756, 15.74000
-2.58102, 15.75000
-2.49847, 15.76000
-2.63855, 15.77000
-2.46567, 15.78000
-2.57614, 15.79000
-2.53174, 15.80000
-2.46628, 15.81000
-2.59979, 15.82000
-2.42584, 15.83000
-2.54471, 15.84000
-2.50015, 15.85000
-2.41058, 15.86000
-2.56088, 15.87000
-2.39349, 15.88000
-2.50900, 15.89000
-2.46735, 15.90000
-2.38800, 15.91000
-2.53418, 15.92000
-2.37289, 15.93000
-2.48795, 15.94000
-2.44263, 15.95000
-2.36603, 15.96000
-2.51450, 15.97000
-2.34863, 15.98000
-2.46796, 15.99000
-2.42737, 16.00000
-2.35214, 16.01000
-2.49924, 16.02000
-2.33673, 16.03000
-2.45667, 16.04000
-2.42188, 16.05000
-2.34131, 16.06000
-2.48505, 16.07000
-2.32025, 16.08000
-2.44781, 16.09000
-2.41089, 16.10000
-2.33948, 16.11000
-2.47910, 16.12000
-2.31766, 16.13000
-2.43835, 16.14000
-2.40280, 16.15000
-2.33521, 16.16000
-2.47772, 16.17000
-2.31247, 16.18000
-2.43057, 16.19000
-2.40494, 16.20000
-2.33002, 16.21000
-2.47437, 16.22000
-2.31323, 16.23000
-2.43439, 16.24000
-2.40387, 16.25000
-2.32468, 16.26000
-2.47345, 16.27000
-2.30804, 16.28000
-2.43683, 16.29000
-2.40494, 16.30000
-2.33017, 16.31000
-2.47559, 16.32000
-2.31461, 16.33000
-2.42767, 16.34000
-2.40707, 16.35000
-2.33582, 16.36000
-2.47665, 16.37000
-2.31918, 16.38000
-2.42920, 16.39000
-2.41867, 16.40000
-2.32269, 16.41000
-2.48230, 16.42000
-2.32605, 16.43000
-2.45087, 16.44000
-2.42157, 16.45000
-2.34222, 16.46000
-2.49664, 16.47000
-2.33337, 16.48000
-2.46613, 16.49000
-2.43362, 16.50000
-2.34619, 16.51000
-2.51053, 16.52000
-2.35413, 16.53000
-2.47849, 16.54000
-2.44751, 16.55000
-2.38098, 16.56000
-2.53571, 16.57000
-2.38464, 16.58000
-2.51358, 16.59000
-2.48917, 16.60000
-2.41425, 16.61000
-2.57233, 16.62000
-2.42218, 16.63000
-2.54852, 16.64000
-2.53174, 16.65000
-2.46368, 16.66000
-2.62650, 16.67000
-2.47681, 16.68000
-2.61169, 16.69000
-2.60071, 16.70000
-2.53586, 16.71000
-2.70401, 16.72000
-2.56241, 16.73000
-2.69836, 16.74000
-2.69333, 16.75000
-2.63840, 16.76000
-2.82043, 16.77000
-2.69272, 16.78000
-2.84042, 16.79000
-2.85110, 16.80000
-2.80197, 16.81000
-2.99103, 16.82000
-2.87262, 16.83000
-3.02612, 16.84000
-3.05038, 16.85000
-2.99591, 16.86000
-3.18909, 16.87000
-3.06641, 16.88000
-3.22205, 16.89000
-3.23761, 16.90000
-3.18542, 16.91000
-3.37372, 16.92000
-3.24173, 16.93000
-3.38638, 16.94000
-3.40302, 16.95000
-3.34641, 16.96000
-3.52737, 16.97000
-3.39432, 16.98000
-3.52417, 16.99000
-3.53683, 17.00000
-3.46451, 17.01000
-3.64395, 17.02000
-3.49976, 17.03000
-3.63495, 17.04000
-3.62869, 17.05000
-3.55606, 17.06000
-3.73199, 17.07000
-3.58337, 17.08000
-3.71887, 17.09000
-3.70514, 17.10000
-3.62930, 17.11000
-3.80371, 17.12000
-3.65417, 17.13000
-3.76953, 17.14000
-3.76144, 17.15000
-3.67249, 17.16000
-3.84232, 17.17000
-3.68835, 17.18000
-3.80173, 17.19000
-3.78235, 17.20000
-3.70285, 17.21000
-3.85452, 17.22000
-3.69736, 17.23000
-3.80432, 17.24000
-3.78525, 17.25000
-3.67722, 17.26000
-3.82675, 17.27000
-3.65952, 17.28000
-3.75580, 17.29000
-3.72467, 17.30000
-3.62244, 17.31000
-3.76572, 17.32000
-3.59451, 17.33000
-3.68362, 17.34000
-3.64029, 17.35000
-3.54340, 17.36000
-3.67386, 17.37000
-3.49274, 17.38000
-3.58276, 17.39000
-3.53745, 17.40000
-3.42804, 17.41000
-3.56354, 17.42000
-3.38669, 17.43000
-3.47366, 17.44000
-3.43109, 17.45000
-3.32108, 17.46000
-3.45627, 17.47000
-3.27927, 17.48000
-3.37128, 17.49000
-3.34900, 17.50000
-3.22479, 17.51000
-3.36502, 17.52000
-3.19534, 17.53000
-3.28644, 17.54000
-3.26508, 17.55000
-3.15262, 17.56000
-3.30444, 17.57000
-3.13950, 17.58000
-3.23761, 17.59000
-3.23120, 17.60000
-3.12576, 17.61000
-3.28186, 17.62000
-3.12469, 17.63000
-3.23776, 17.64000
-3.23074, 17.65000
-3.13507, 17.66000
-3.30475, 17.67000
-3.15720, 17.68000
-3.28003, 17.69000
-3.29041, 17.70000
-3.19519, 17.71000
-3.37112, 17.72000
-3.23044, 17.73000
-3.36029, 17.74000
-3.37158, 17.75000
-3.28247, 17.76000
-3.47046, 17.77000
-3.32672, 17.78000
-3.45200, 17.79000
-3.46603, 17.80000
-3.39157, 17.81000
-3.56628, 17.82000
-3.42209, 17.83000
-3.54767, 17.84000
-3.55759, 17.85000
-3.47687, 17.86000
-3.64960, 17.87000
-3.49731, 17.88000
-3.61603, 17.89000
-3.62061, 17.90000
-3.52402, 17.91000
-3.69720, 17.92000
-3.54370, 17.93000
-3.66226, 17.94000
-3.65067, 17.95000
-3.55179, 17.96000
-3.71307, 17.97000
-3.55270, 17.98000
-3.65707, 17.99000
-3.64929, 18.00000
-3.54965, 18.01000
-3.71124, 18.02000
-3.54813, 18.03000
-3.64380, 18.04000
-3.64136, 18.05000
-3.53958, 18.06000
-3.70346, 18.07000
-3.54034, 18.08000
-3.65768, 18.09000
-3.63800, 18.10000
-3.53790, 18.11000
-3.70285, 18.12000
-3.54645, 18.13000
-3.65143, 18.14000
-3.63678, 18.15000
-3.54645, 18.16000
-3.71246, 18.17000
-3.55942, 18.18000
-3.66577, 18.19000
-3.65036, 18.20000
-3.57025, 18.21000
-3.72696, 18.22000
-3.57574, 18.23000
-3.67264, 18.24000
-3.66791, 18.25000
-3.57498, 18.26000
-3.74176, 18.27000
-3.59039, 18.28000
-3.69293, 18.29000
-3.68286, 18.30000
-3.58292, 18.31000
-3.75458, 18.32000
-3.59848, 18.33000
-3.70010, 18.34000
-3.69598, 18.35000
-3.60229, 18.36000
-3.76709, 18.37000
-3.61069, 18.38000
-3.72269, 18.39000
-3.71521, 18.40000
-3.60596, 18.41000
-3.77762, 18.42000
-3.61771, 18.43000
-3.72253, 18.44000
-3.72833, 18.45000
-3.62137, 18.46000
-3.78510, 18.47000
-3.63159, 18.48000
-3.73718, 18.49000
-3.73550, 18.50000
-3.62732, 18.51000
-3.79410, 18.52000
-3.64166, 18.53000
-3.75244, 18.54000
-3.74756, 18.55000
-3.64182, 18.56000
-3.81058, 18.57000
-3.66577, 18.58000
-3.76740, 18.59000
-3.75320, 18.60000
-3.65936, 18.61000
-3.82507, 18.62000
-3.67538, 18.63000
-3.77640, 18.64000
-3.77716, 18.65000
-3.68073, 18.66000
-3.85193, 18.67000
-3.69781, 18.68000
-3.80508, 18.69000
-3.81241, 18.70000
-3.70880, 18.71000
-3.88062, 18.72000
-3.73138, 18.73000
-3.84216, 18.74000
-3.84247, 18.75000
-3.74237, 18.76000
-3.91495, 18.77000
-3.77014, 18.78000
-3.87314, 18.79000
-3.88763, 18.80000
-3.78372, 18.81000
-3.95248, 18.82000
-3.80539, 18.83000
-3.91174, 18.84000
-3.91830, 18.85000
-3.82187, 18.86000
-3.99368, 18.87000
-3.84277, 18.88000
-3.95721, 18.89000
-3.96622, 18.90000
-3.86475, 18.91000
-4.03931, 18.92000
-3.88748, 18.93000
-3.99033, 18.94000
-4.01550, 18.95000
-3.90793, 18.96000
-4.08279, 18.97000
-3.93494, 18.98000
-4.03473, 18.99000
-4.05762, 19.00000
-3.95233, 19.01000
-4.12704, 19.02000
-3.97522, 19.03000
-4.08218, 19.04000
-4.09592, 19.05000
-3.99307, 19.06000
-4.17160, 19.07000
-4.01886, 19.08000
-4.11163, 19.09000
-4.14154, 19.10000
-4.03320, 19.11000
-4.20654, 19.12000
-4.05518, 19.13000
-4.17145, 19.14000
-4.17114, 19.15000
-4.07303, 19.16000
-4.24515, 19.17000
-4.09668, 19.18000
-4.19434, 19.19000
-4.20227, 19.20000
-4.10431, 19.21000
-4.28192, 19.22000
-4.13162, 19.23000
-4.22729, 19.24000
-4.25110, 19.25000
-4.13528, 19.26000
-4.31183, 19.27000
-4.16458, 19.28000
-4.25827, 19.29000
-4.27170, 19.30000
-4.17068, 19.31000
-4.35013, 19.32000
-4.20990, 19.33000
-4.29779, 19.34000
-4.31625, 19.35000
-4.20349, 19.36000
-4.38217, 19.37000
-4.22989, 19.38000
-4.34082, 19.39000
-4.34830, 19.40000
-4.23874, 19.41000
-4.41696, 19.42000
-4.27048, 19.43000
-4.37088, 19.44000
-4.38736, 19.45000
-4.27567, 19.46000
-4.44839, 19.47000
-4.30313, 19.48000
-4.39285, 19.49000
-4.41360, 19.50000
-4.31015, 19.51000
-4.48151, 19.52000
-4.33090, 19.53000
-4.43466, 19.54000
-4.45206, 19.55000
-4.34174, 19.56000
-4.51706, 19.57000
-4.36432, 19.58000
-4.45923, 19.59000
-4.48456, 19.60000
-4.37119, 19.61000
-4.54376, 19.62000
-4.39224, 19.63000
-4.49188, 19.64000
-4.51187, 19.65000
-4.39850, 19.66000
-4.57367, 19.67000
-4.42398, 19.68000
-4.52881, 19.69000
-4.53232, 19.70000
-4.42902, 19.71000
-4.60587, 19.72000
-4.45633, 19.73000
-4.54285, 19.74000
-4.57138, 19.75000
-4.45602, 19.76000
-4.63333, 19.77000
-4.49005, 19.78000
-4.57520, 19.79000
-4.60434, 19.80000
-4.48883, 19.81000
-4.66171, 19.82000
-4.51035, 19.83000
-4.61380, 19.84000
-4.62921, 19.85000
-4.51782, 19.86000
-4.69376, 19.87000
-4.54666, 19.88000
-4.64005, 19.89000
-4.65775, 19.90000
-4.55307, 19.91000
-4.72427, 19.92000
-4.57657, 19.93000
-4.66309, 19.94000
-4.68536, 19.95000
-4.57886, 19.96000
-4.75357, 19.97000
-4.60999, 19.98000
-4.69818, 19.99000
-4.71436, 20.00000
-4.60464, 20.01000
-4.78180, 20.02000
-4.62875, 20.03000
-4.73618, 20.04000
-4.75006, 20.05000
-4.63699, 20.06000
-4.81064, 20.07000
-4.66553, 20.08000
-4.74945, 20.09000
-4.77600, 20.10000
-4.66095, 20.11000
-4.83887, 20.12000
-4.69864, 20.13000
-4.78058, 20.14000
-4.80240, 20.15000
-4.69025, 20.16000
-4.86725, 20.17000
-4.72031, 20.18000
-4.80789, 20.19000
-4.83658, 20.20000
-4.71329, 20.21000
-4.89471, 20.22000
-4.74472, 20.23000
-4.83505, 20.24000
-4.85596, 20.25000
-4.74655, 20.26000
-4.92752, 20.27000
-4.77890, 20.28000
-4.86954, 20.29000
-4.89807, 20.30000
-4.77600, 20.31000
-4.95575, 20.32000
-4.81766, 20.33000
-4.89487, 20.34000
-4.92447, 20.35000
-4.80667, 20.36000
-4.98627, 20.37000
-4.85062, 20.38000
-4.92432, 20.39000
-4.94370, 20.40000
-4.83795, 20.41000
-5.00000, 20.42000
-4.86908, 20.43000
-4.94766, 20.44000
-4.98474, 20.45000
-4.86404, 20.46000
-5.00000, 20.47000
-4.89319, 20.48000
-4.98550, 20.49000
-5.00000, 20.50000
-4.89410, 20.51000
-5.00000, 20.52000
-4.92355, 20.53000
-5.00000, 20.54000
-5.00000, 20.55000
-4.91974, 20.56000
-5.00000, 20.57000
-4.95255, 20.58000
-5.00000, 20.59000
-5.00000, 20.60000
-4.95178, 20.61000
-5.00000, 20.62000
-4.97726, 20.63000
-5.00000, 20.64000
-5.00000, 20.65000
-4.97726, 20.66000
-5.00000, 20.67000
-5.00000, 20.68000
-5.00000, 20.69000
-5.00000, 20.70000
-5.00000, 20.71000
-5.00000, 20.72000
-5.00000, 20.73000
-5.00000, 20.74000
-5.00000, 20.75000
-5.00000, 20.76000
-5.00000, 20.77000
-5.00000, 20.78000
-5.00000, 20.79000
-5.00000, 20.80000
-5.00000, 20.81000
-5.00000, 20.82000
-5.00000, 20.83000
-5.00000, 20.84000
-5.00000, 20.85000
-5.00000, 20.86000
-5.00000, 20.87000
-5.00000, 20.88000
-5.00000, 20.89000
-5.00000, 20.90000
-5.00000, 20.91000
-5.00000, 20.92000
-5.00000, 20.93000
-5.00000, 20.94000
-5.00000, 20.95000
-5.00000, 20.96000
-5.00000, 20.97000
-5.00000, 20.98000
-5.00000, 20.99000
-5.00000, 21.00000
-5.00000, 21.01000
-5.00000, 21.02000
-5.00000, 21.03000
-5.00000, 21.04000
-5.00000, 21.05000
-5.00000, 21.06000
-5.00000, 21.07000
-5.00000, 21.08000
-5.00000, 21.09000
-5.00000, 21.10000
-5.00000, 21.11000
-5.00000, 21.12000
-5.00000, 21.13000
-5.00000, 21.14000
-5.00000, 21.15000
-5.00000, 21.16000
-5.00000, 21.17000
-5.00000, 21.18000
-5.00000, 21.19000
-5.00000, 21.20000
-5.00000, 21.21000
-5.00000, 21.22000
-5.00000, 21.23000
-5.00000, 21.24000
-5.00000, 21.25000
-5.00000, 21.26000
-5.00000, 21.27000
-5.00000, 21.28000
-5.00000, 21.29000
-5.00000, 21.30000
-5.00000, 21.31000
-5.00000, 21.32000
-5.00000, 21.33000
-5.00000, 21.34000
-5.00000, 21.35000
-5.00000, 21.36000
-5.00000, 21.37000
-5.00000, 21.38000
-5.00000, 21.39000
-5.00000, 21.40000
-5.00000, 21.41000
-5.00000, 21.42000
-5.00000, 21.43000
-5.00000, 21.44000
-5.00000, 21.45000
-5.00000, 21.46000
-5.00000, 21.47000
-5.00000, 21.48000
-5.00000, 21.49000
-5.00000, 21.50000
-5.00000, 21.51000
-5.00000, 21.52000
-5.00000, 21.53000
-5.00000, 21.54000
-5.00000, 21.55000
-5.00000, 21.56000
-5.00000, 21.57000
-5.00000, 21.58000
-5.00000, 21.59000
-5.00000, 21.60000
-5.00000, 21.61000
-5.00000, 21.62000
-5.00000, 21.63000
-5.00000, 21.64000
-5.00000, 21.65000
-5.00000, 21.66000
-5.00000, 21.67000
-5.00000, 21.68000
-5.00000, 21.69000
-5.00000, 21.70000
-5.00000, 21.71000
-5.00000, 21.72000
-5.00000, 21.73000
-5.00000, 21.74000
-5.00000, 21.75000
-5.00000, 21.76000
-5.00000, 21.77000
-5.00000, 21.78000
-5.00000, 21.79000
-5.00000, 21.80000
-5.00000, 21.81000
-5.00000, 21.82000
-5.00000, 21.83000
-5.00000, 21.84000
-5.00000, 21.85000
-5.00000, 21.86000
-5.00000, 21.87000
-5.00000, 21.88000
-5.00000, 21.89000
-5.00000, 21.90000
-5.00000, 21.91000
-5.00000, 21.92000
-5.00000, 21.93000
-5.00000, 21.94000
-5.00000, 21.95000
-5.00000, 21.96000
-5.00000, 21.97000
-5.00000, 21.98000
-5.00000, 21.99000
-5.00000, 22.00000
-5.00000, 22.01000
-5.00000, 22.02000
-5.00000, 22.03000
-5.00000, 22.04000
-5.00000, 22.05000
-5.00000, 22.06000
-5.00000, 22.07000
-5.00000, 22.08000
-5.00000, 22.09000
-5.00000, 22.10000
-5.00000, 22.11000
-5.00000, 22.12000
-5.00000, 22.13000
-5.00000, 22.14000
-5.00000, 22.15000
-5.00000, 22.16000
-5.00000, 22.17000
-5.00000, 22.18000
-5.00000, 22.19000
-5.00000, 22.20000
-5.00000, 22.21000
-5.00000, 22.22000
-5.00000, 22.23000
-5.00000, 22.24000
-5.00000, 22.25000
-5.00000, 22.26000
-5.00000, 22.27000
-5.00000, 22.28000
-5.00000, 22.29000
-5.00000, 22.30000
-5.00000, 22.31000
-5.00000, 22.32000
-5.00000, 22.33000
-5.00000, 22.34000
-5.00000, 22.35000
-5.00000, 22.36000
-5.00000, 22.37000
-5.00000, 22.38000
-5.00000, 22.39000
-5.00000, 22.40000
-5.00000, 22.41000
-5.00000, 22.42000
-5.00000, 22.43000
-5.00000, 22.44000
-5.00000, 22.45000
-5.00000, 22.46000
-5.00000, 22.47000
-5.00000, 22.48000
-5.00000, 22.49000
-5.00000, 22.50000
-5.00000, 22.51000
-5.00000, 22.52000
-5.00000, 22.53000
-5.00000, 22.54000
-5.00000, 22.55000
-5.00000, 22.56000
-5.00000, 22.57000
-5.00000, 22.58000
-5.00000, 22.59000
-5.00000, 22.60000
-5.00000, 22.61000
-5.00000, 22.62000
-5.00000, 22.63000
-5.00000, 22.64000
-5.00000, 22.65000
-5.00000, 22.66000
-5.00000, 22.67000
-5.00000, 22.68000
-5.00000, 22.69000
-5.00000, 22.70000
-5.00000, 22.71000
-5.00000, 22.72000
-5.00000, 22.73000
-5.00000, 22.74000
-5.00000, 22.75000
-5.00000, 22.76000
-5.00000, 22.77000
-5.00000, 22.78000
-5.00000, 22.79000
-5.00000, 22.80000
-5.00000, 22.81000
-5.00000, 22.82000
-5.00000, 22.83000
-5.00000, 22.84000
-5.00000, 22.85000
-5.00000, 22.86000
-5.00000, 22.87000
-5.00000, 22.88000
-5.00000, 22.89000
-5.00000, 22.90000
-5.00000, 22.91000
-5.00000, 22.92000
-5.00000, 22.93000
-5.00000, 22.94000
-5.00000, 22.95000
-5.00000, 22.96000
-5.00000, 22.97000
-5.00000, 22.98000
-5.00000, 22.99000
-5.00000, 23.00000
-5.00000, 23.01000
-5.00000, 23.02000
-5.00000, 23.03000
-5.00000, 23.04000
-5.00000, 23.05000
-5.00000, 23.06000
-5.00000, 23.07000
-5.00000, 23.08000
-5.00000, 23.09000
-5.00000, 23.10000
-5.00000, 23.11000
-5.00000, 23.12000
-5.00000, 23.13000
-5.00000, 23.14000
-5.00000, 23.15000
-5.00000, 23.16000
-5.00000, 23.17000
-5.00000, 23.18000
-5.00000, 23.19000
-5.00000, 23.20000
-5.00000, 23.21000
-5.00000, 23.22000
-5.00000, 23.23000
-5.00000, 23.24000
-5.00000, 23.25000
-5.00000, 23.26000
-5.00000, 23.27000
-5.00000, 23.28000
-5.00000, 23.29000
-5.00000, 23.30000
-5.00000, 23.31000
-5.00000, 23.32000
-5.00000, 23.33000
-5.00000, 23.34000
-5.00000, 23.35000
-5.00000, 23.36000
-5.00000, 23.37000
-5.00000, 23.38000
-5.00000, 23.39000
-5.00000, 23.40000
-5.00000, 23.41000
-5.00000, 23.42000
-5.00000, 23.43000
-5.00000, 23.44000
-5.00000, 23.45000
-5.00000, 23.46000
-5.00000, 23.47000
-5.00000, 23.48000
-5.00000, 23.49000
-5.00000, 23.50000
-5.00000, 23.51000
-5.00000, 23.52000
-5.00000, 23.53000
-5.00000, 23.54000
-5.00000, 23.55000
-5.00000, 23.56000
-5.00000, 23.57000
-5.00000, 23.58000
-5.00000, 23.59000
-5.00000, 23.60000
-5.00000, 23.61000
-5.00000, 23.62000
-5.00000, 23.63000
-5.00000, 23.64000
-5.00000, 23.65000
-5.00000, 23.66000
-5.00000, 23.67000
-5.00000, 23.68000
-5.00000, 23.69000
-5.00000, 23.70000
-5.00000, 23.71000
-5.00000, 23.72000
-5.00000, 23.73000
-5.00000, 23.74000
-5.00000, 23.75000
-5.00000, 23.76000
-5.00000, 23.77000
-5.00000, 23.78000
-5.00000, 23.79000
-5.00000, 23.80000
-5.00000, 23.81000
-5.00000, 23.82000
-5.00000, 23.83000
-5.00000, 23.84000
-5.00000, 23.85000
-5.00000, 23.86000
-5.00000, 23.87000
-5.00000, 23.88000
-5.00000, 23.89000
-5.00000, 23.90000
-5.00000, 23.91000
-5.00000, 23.92000
-5.00000, 23.93000
-5.00000, 23.94000
-5.00000, 23.95000
-5.00000, 23.96000
-5.00000, 23.97000
-5.00000, 23.98000
-5.00000, 23.99000
-5.00000, 24.00000
-5.00000, 24.01000
-5.00000, 24.02000
-5.00000, 24.03000
-5.00000, 24.04000
-5.00000, 24.05000
-5.00000, 24.06000
-5.00000, 24.07000
-5.00000, 24.08000
-5.00000, 24.09000
-5.00000, 24.10000
-5.00000, 24.11000
-5.00000, 24.12000
-5.00000, 24.13000
-5.00000, 24.14000
-5.00000, 24.15000
-5.00000, 24.16000
-5.00000, 24.17000
-5.00000, 24.18000
-5.00000, 24.19000
-5.00000, 24.20000
-5.00000, 24.21000
-5.00000, 24.22000
-5.00000, 24.23000
-5.00000, 24.24000
-5.00000, 24.25000
-5.00000, 24.26000
-5.00000, 24.27000
-5.00000, 24.28000
-5.00000, 24.29000
-5.00000, 24.30000
-5.00000, 24.31000
-5.00000, 24.32000
-5.00000, 24.33000
-5.00000, 24.34000
-5.00000, 24.35000
-5.00000, 24.36000
-5.00000, 24.37000
-5.00000, 24.38000
-5.00000, 24.39000
-5.00000, 24.40000
-5.00000, 24.41000
-5.00000, 24.42000
-5.00000, 24.43000
-5.00000, 24.44000
-5.00000, 24.45000
-5.00000, 24.46000
-5.00000, 24.47000
-5.00000, 24.48000
-5.00000, 24.49000
-5.00000, 24.50000
-5.00000, 24.51000
-5.00000, 24.52000
-5.00000, 24.53000
-5.00000, 24.54000
-5.00000, 24.55000
-5.00000, 24.56000
-5.00000, 24.57000
-5.00000, 24.58000
-5.00000, 24.59000
-5.00000, 24.60000
-5.00000, 24.61000
-5.00000, 24.62000
-5.00000, 24.63000
-5.00000, 24.64000
-5.00000, 24.65000
-5.00000, 24.66000
-5.00000, 24.67000
-5.00000, 24.68000
-5.00000, 24.69000
-5.00000, 24.70000
-5.00000, 24.71000
-5.00000, 24.72000
-5.00000, 24.73000
-5.00000, 24.74000
-5.00000, 24.75000
-5.00000, 24.76000
-5.00000, 24.77000
-5.00000, 24.78000
-5.00000, 24.79000
-5.00000, 24.80000
-5.00000, 24.81000
-5.00000, 24.82000
-5.00000, 24.83000
-5.00000, 24.84000
-5.00000, 24.85000
-5.00000, 24.86000
-5.00000, 24.87000
-5.00000, 24.88000
-5.00000, 24.89000
-5.00000, 24.90000
-5.00000, 24.91000
-5.00000, 24.92000
-5.00000, 24.93000
-5.00000, 24.94000
-5.00000, 24.95000
-5.00000, 24.96000
-5.00000, 24.97000
-5.00000, 24.98000
-5.00000, 24.99000
-5.00000, 25.00000
